4
0
3
2
1
136
0.182160920489
-0.777451353886
-0.614188928325
-0.0173260952844
-0.584825061664
-0.484008495403
0.311302386209
-0.726065691681
0.369474875928
0.832909686426
-0.727744429997
-0.493433784922
-0.949035982115
0.0955787666838
0.546171387328
0.799466779893
0.923272218802
1.32776877938
-0.935483530933
-0.679454287074
-0.629640403917
0.652317170788
-0.866451029775
0.786007535427
0.709112899802
-0.162051236205
-0.92223254735
-0.156259332967
-0.16628231469
0.432095720017
-0.575963868297
0.203789558932
0.336101594727
0.376216728822
0.00473580334959
-0.520213286171
0.283945401036
0.28156833873
-0.407362637088
-0.67853494416
0.350566260338
0.45511946322
-0.565520113058
0.529537647807
0.764136766267
-0.165274439175
-0.453004520243
-0.866043139359
-0.524012443292
-0.551393664819
0.402280286756
-0.999929015799
-0.276814256695
-0.503091085809
-0.337896333875
0.0692626357006
-0.632633487503
0.636135278376
-0.382072649851
-0.804314606371
-0.781033674029
0.482733223506
-0.136699657797
-0.489904378911
0.750989533963
0.50073332875
-0.598194920619
0.252280967495
0.958715074714
0.779461480358
0.630920659057
-0.445825899712
0.558144520238
-0.938176728819
-0.594793890131
-0.693474721715
0.670396618755
0.166845897701
-0.179665241272
0.620230311718
-0.128308577785
-0.620292105664
0.113604521463
-0.553812483284
0.442930213276
-0.52859766179
-0.531654664056
0.76022319217
-0.529384945296
0.315474379908
0.219012955605
-0.390675139967
0.84089164671
0.108881980619
-0.910107824171
-0.0922803021049
0.785005459021
-0.62685107036
0.828440326638
-0.450908237694
-0.00616564155149
-0.645105365407
0.215116412132
-0.029273264884
-0.710004708658
-0.134783312306
-0.220428004215
-0.918398480708
0.0710221484813
0.533566825648
-0.356889288644
0.90712084273
-0.758921043914
-0.216813664967
-0.957506280811
0.499857364428
-0.832435852919
0.139531372321
-0.192650365195
0.433836622968
-0.110975017884
0.00279967944125
-0.658023460408
0.0617191591885
-0.84857761835
-0.184131276482
-0.604333138042
0.799971632823
-0.58198292562
-0.772120192545
-0.710933284833
-0.419898463222
0.835116066605
-0.113918889593
0.512735299714
-0.181075764736
