4
0
3
2
1
136
-0.543165317737
0.566249332326
0.848855466602
0.659738721124
-0.668900041887
0.45560845931
0.0684711901559
0.457021665036
1.17843794659
0.816808975667
-0.440645668846
-0.495826742225
-0.136346676898
0.467277580505
0.703851758183
-0.0440580276864
0.94406782043
2.11997106906
-0.740387705656
0.212221312962
-0.216102813604
-0.460179939791
0.909867784597
-0.156550966869
0.0431050813565
-0.270168613309
0.795478431333
0.49142076372
0.206164969289
-0.390876789289
-0.566347073663
0.803193724862
0.769903040948
3.16440364717
0.687976356388
-0.0143834263742
-0.822547815143
-0.102343231514
-0.162899286392
0.972162479175
0.874597938851
0.603704028453
0.368551552079
1.00584276562
1.27753910079
-0.277446214214
0.155964379216
-0.00360411884546
-0.857868623439
-0.0352787113098
0.540292809676
-0.747293380949
0.915711302965
0.85905564699
0.68402816393
0.32551028262
0.878360579484
0.365635327823
0.709267946416
-0.824041870556
-0.782807041318
-0.89900936269
-0.788586556821
0.0578504168152
-0.981171789622
0.0386075053914
-0.710944131841
0.107554994178
0.507509613591
-0.45398576364
-0.949741345872
0.0973537935237
0.342420946329
0.287546648641
-0.154451126893
-0.272682352962
-0.799189087389
0.751844115065
0.734707963193
-0.125149629685
0.167694130909
0.886085764232
1.13888730309
0.0659939853681
0.381760931468
0.451448479971
-0.178582639216
-0.508173322142
0.343014709753
0.44388154581
-0.234173502741
0.365161029149
0.117964643254
-0.983887148804
0.841287047882
-0.52980628501
-0.198774545637
0.737478568758
-0.86862080569
0.12544781693
0.0808843117435
0.985156261581
0.151527263433
-0.657817859552
0.484531465554
-0.767431722549
-0.483587214466
-0.564615090519
-0.257932115541
0.0840775225332
-0.0666407724636
0.741038964509
0.179524528359
1.50785205907
0.108915036053
1.83950892038
-0.604135679346
-0.973883462789
-0.0910613820951
-0.855749218241
-0.512925503052
-0.157653262734
0.332286540484
1.26783418153
0.90185764482
-0.160436558204
0.0925802353138
-0.800580956001
-0.81102312253
-0.844100851865
0.826597719642
0.647329513387
0.0675337533951
-0.643253559966
0.444145703351
-0.623599878319
