4
0
3
2
1
136
-0.543538853474
0.550139531392
0.848083589811
0.644771858351
-0.668900041887
0.455234971296
0.0523628504711
0.456249819351
1.16347241435
0.816808975667
-0.440645668846
-0.495826742225
-0.136346676898
0.467277580505
0.641023068377
-0.0473316190485
0.940794277324
1.90366600789
-0.740387705656
0.212221312962
-0.216102813604
-0.460179939791
0.909867784597
-0.156550966869
0.0334718067202
-0.290229366567
0.795452891044
0.461824819602
0.176572720252
-0.420465344147
-0.566347073663
0.803193724862
0.769903040948
2.97790237297
0.687976356388
-0.0275385419995
-0.822547815143
-0.102343231514
-0.192484147975
0.942581309965
0.845020461111
0.603704028453
0.296254087644
0.982390963385
1.13134376669
-0.277446214214
0.155964379216
-0.0758567676688
-0.881317147156
-0.181395138463
0.540292809676
-0.747293380949
0.915711302965
0.85905564699
0.68402816393
0.269065849291
0.878360579484
0.365635327823
0.339911065613
-0.824041870556
-0.782807041318
-0.89900936269
-0.788586556821
0.0578504168152
-0.981171789622
0.0197393403279
-0.741643218871
0.107554994178
0.507509613591
-0.45398576364
-0.949741345872
0.0973537935237
0.342420946329
0.287546648641
-0.154451126893
-0.363047018402
-0.824794077341
0.631120686586
0.734707963193
-0.125149629685
0.0773854276344
0.860493117316
1.01823457188
0.0659939853681
0.381760931468
0.451448479971
-0.178582639216
-0.508173322142
0.248835053667
0.44388154581
-0.234173502741
0.108818404854
0.117964643254
-0.983887148804
0.841287047882
-0.52980628501
-0.198774545637
0.737478568758
-0.87484520742
0.120947311158
0.0808843117435
0.985156261581
0.151527263433
-0.657817859552
0.484531465554
-0.767431722549
-0.483587214466
-0.576870531056
-0.327694790301
0.080846422279
-0.158717919536
0.741038964509
0.167277380918
1.43813011884
0.105686168829
1.74748218161
-0.604135679346
-0.973883462789
-0.0910613820951
-0.855749218241
-0.512925503052
-0.242843595402
0.305815368073
1.24136606245
0.707476349663
-0.160436558204
0.0925802353138
-0.800580956001
-0.81102312253
-0.844100851865
0.826597719642
0.636897516719
0.0675337533951
-0.644853113427
0.444145703351
-0.623599878319
