4
0
3
2
1
136
-0.543457083305
0.553607886379
0.84824769934
0.648017385774
-0.668900041887
0.455316728961
0.0558308283853
0.456413920764
1.16671759516
0.816808975667
-0.440645668846
-0.495826742225
-0.136346676898
0.467277580505
0.654541812606
-0.0466240604642
0.941501823416
1.9491643529
-0.740387705656
0.212221312962
-0.216102813604
-0.460179939791
0.909867784597
-0.156550966869
0.0355510445866
-0.285979796385
0.795458539725
0.46792870447
0.182675734311
-0.414363200658
-0.566347073663
0.803193724862
0.769903040948
3.01724574044
0.687976356388
-0.0246827976885
-0.822547815143
-0.102343231514
-0.186382874815
0.948681713035
0.85111999433
0.603704028453
0.312161403916
0.986947389711
1.16304417442
-0.277446214214
0.155964379216
-0.05996042864
-0.876761443378
-0.149713662686
0.540292809676
-0.747293380949
0.915711302965
0.85905564699
0.68402816393
0.281650378351
0.878360579484
0.365635327823
0.413320475771
-0.824041870556
-0.782807041318
-0.89900936269
-0.788586556821
0.0578504168152
-0.981171789622
0.0240244521481
-0.73582478586
0.107554994178
0.507509613591
-0.45398576364
-0.949741345872
0.0973537935237
0.342420946329
0.287546648641
-0.154451126893
-0.343578131222
-0.819449457249
0.657118145563
0.734707963193
-0.125149629685
0.0968408330251
0.865834708265
1.04421505344
0.0659939853681
0.381760931468
0.451448479971
-0.178582639216
-0.508173322142
0.268857150638
0.44388154581
-0.234173502741
0.159696026925
0.117964643254
-0.983887148804
0.841287047882
-0.52980628501
-0.198774545637
0.737478568758
-0.873577299072
0.121911289625
0.0808843117435
0.985156261581
0.151527263433
-0.657817859552
0.484531465554
-0.767431722549
-0.483587214466
-0.574118648212
-0.312516584481
0.0815652870678
-0.138824608389
0.741038964509
0.170027052029
1.45329770602
0.106404448142
1.76736249315
-0.604135679346
-0.973883462789
-0.0910613820951
-0.855749218241
-0.512925503052
-0.224502829189
0.31175262332
1.24730247962
0.746383025598
-0.160436558204
0.0925802353138
-0.800580956001
-0.81102312253
-0.844100851865
0.826597719642
0.639074942494
0.0675337533951
-0.644487715392
0.444145703351
-0.623599878319
