4
0
3
2
1
136
-0.543155123059
0.56669873773
0.848877360198
0.660152357001
-0.668900041887
0.455618652988
0.0689205642149
0.457043557976
1.17885155436
0.816808975667
-0.440645668846
-0.495826742225
-0.136346676898
0.467277580505
0.705605315348
-0.0439671688766
0.944158678208
2.12618706904
-0.740387705656
0.212221312962
-0.216102813604
-0.460179939791
0.909867784597
-0.156550966869
0.0433728270286
-0.269597380646
0.795479118794
0.492291212807
0.207035328088
-0.390006520761
-0.566347073663
0.803193724862
0.769903040948
3.16974440139
0.687976356388
-0.0140204017865
-0.822547815143
-0.102343231514
-0.162029108116
0.973032567217
0.875467936678
0.603704028453
0.370477195172
1.00658094478
1.28150766308
-0.277446214214
0.155964379216
-0.00167945966277
-0.857130529928
-0.0313119422336
0.540292809676
-0.747293380949
0.915711302965
0.85905564699
0.68402816393
0.326985610513
0.878360579484
0.365635327823
0.72060692803
-0.824041870556
-0.782807041318
-0.89900936269
-0.788586556821
0.0578504168152
-0.981171789622
0.0390877497591
-0.709946580404
0.107554994178
0.507509613591
-0.45398576364
-0.949741345872
0.0973537935237
0.342420946329
0.287546648641
-0.154451126893
-0.270195222112
-0.798448244185
0.755164570109
0.734707963193
-0.125149629685
0.170179987768
0.886826334807
1.14220613758
0.0659939853681
0.381760931468
0.451448479971
-0.178582639216
-0.508173322142
0.345660529643
0.44388154581
-0.234173502741
0.373072273702
0.117964643254
-0.983887148804
0.841287047882
-0.52980628501
-0.198774545637
0.737478568758
-0.868436868966
0.125572327682
0.0808843117435
0.985156261581
0.151527263433
-0.657817859552
0.484531465554
-0.767431722549
-0.483587214466
-0.564292625299
-0.256016168532
0.0841634325758
-0.0640894630401
0.741038964509
0.179846825901
1.50976715173
0.109000899847
1.84205915425
-0.604135679346
-0.973883462789
-0.0910613820951
-0.855749218241
-0.512925503052
-0.155281643719
0.332984739673
1.26853232171
0.907825511429
-0.160436558204
0.0925802353138
-0.800580956001
-0.81102312253
-0.844100851865
0.826597719642
0.647631385788
0.0675337533951
-0.643212462092
0.444145703351
-0.623599878319
