4
0
3
2
1
136
-0.543500936738
0.551743830264
0.848159362168
0.64627470009
-0.668900041887
0.455272882074
0.0539669700822
0.456325587842
1.16497509107
0.816808975667
-0.440645668846
-0.495826742225
-0.136346676898
0.467277580505
0.647275442041
-0.0470041427924
0.941121747637
1.92463842617
-0.740387705656
0.212221312962
-0.216102813604
-0.460179939791
0.909867784597
-0.156550966869
0.0344338768193
-0.288268525843
0.795455514289
0.464629653623
0.179377146401
-0.417661325756
-0.566347073663
0.803193724862
0.769903040948
2.99604585689
0.687976356388
-0.0262159879916
-0.822547815143
-0.102343231514
-0.189680537227
0.945384513184
0.847823256916
0.603704028453
0.30361807005
0.984465429038
1.14598745017
-0.277446214214
0.155964379216
-0.0684979258242
-0.879243015338
-0.166760296573
0.540292809676
-0.747293380949
0.915711302965
0.85905564699
0.68402816393
0.274902466755
0.878360579484
0.365635327823
0.373447745544
-0.824041870556
-0.782807041318
-0.89900936269
-0.788586556821
0.0578504168152
-0.981171789622
0.0217318722099
-0.739002761986
0.107554994178
0.507509613591
-0.45398576364
-0.949741345872
0.0973537935237
0.342420946329
0.287546648641
-0.154451126893
-0.354056795965
-0.822335017856
0.643123729896
0.734707963193
-0.125149629685
0.0863693446631
0.862950756549
1.03022967639
0.0659939853681
0.381760931468
0.451448479971
-0.178582639216
-0.508173322142
0.258066077012
0.44388154581
-0.234173502741
0.132066815114
0.117964643254
-0.983887148804
0.841287047882
-0.52980628501
-0.198774545637
0.737478568758
-0.874264433503
0.121391979015
0.0808843117435
0.985156261581
0.151527263433
-0.657817859552
0.484531465554
-0.767431722549
-0.483587214466
-0.575590008612
-0.32066467195
0.0811803782466
-0.149513830759
0.741038964509
0.168556847117
1.44515518475
0.106019846073
1.75668009554
-0.604135679346
-0.973883462789
-0.0910613820951
-0.855749218241
-0.512925503052
-0.234362097869
0.308577982244
1.24412827439
0.725291078777
-0.160436558204
0.0925802353138
-0.800580956001
-0.81102312253
-0.844100851865
0.826597719642
0.63789972006
0.0675337533951
-0.644682647821
0.444145703351
-0.623599878319
