4
0
3
2
1
136
-0.543171766941
0.565965309581
0.848841640343
0.659477197774
-0.668900041887
0.455602010746
0.0681871874508
0.457007839196
1.17817644124
0.816808975667
-0.440645668846
-0.495826742225
-0.136346676898
0.467277580505
0.702743524048
-0.0441154628506
0.944010385923
2.1160476703
-0.740387705656
0.212221312962
-0.216102813604
-0.460179939791
0.909867784597
-0.156550966869
0.0429358361452
-0.2705293111
0.795477996173
0.49087187384
0.205616136826
-0.391425564346
-0.566347073663
0.803193724862
0.769903040948
3.16103219531
0.687976356388
-0.0146129662607
-0.822547815143
-0.102343231514
-0.163448004055
0.971613818894
0.874049335941
0.603704028453
0.367331056225
1.00537857812
1.27502572329
-0.277446214214
0.155964379216
-0.00482398464372
-0.858332756563
-0.0377909423226
0.540292809676
-0.747293380949
0.915711302965
0.85905564699
0.68402816393
0.324574383666
0.878360579484
0.365635327823
0.702130746179
-0.824041870556
-0.782807041318
-0.89900936269
-0.788586556821
0.0578504168152
-0.981171789622
0.0383024906176
-0.711570394094
0.107554994178
0.507509613591
-0.45398576364
-0.949741345872
0.0973537935237
0.342420946329
0.287546648641
-0.154451126893
-0.274256066954
-0.799656570598
0.749742857056
0.734707963193
-0.125149629685
0.166121231031
0.885618455475
1.13678708027
0.0659939853681
0.381760931468
0.451448479971
-0.178582639216
-0.508173322142
0.341342379111
0.44388154581
-0.234173502741
0.360183635745
0.117964643254
-0.983887148804
0.841287047882
-0.52980628501
-0.198774545637
0.737478568758
-0.868736835572
0.125369038057
0.0808843117435
0.985156261581
0.151527263433
-0.657817859552
0.484531465554
-0.767431722549
-0.483587214466
-0.564819435963
-0.25914394506
0.0840231006376
-0.0682538687726
0.741038964509
0.179320290393
1.50664077635
0.108860643779
1.83789651197
-0.604135679346
-0.973883462789
-0.0910613820951
-0.855749218241
-0.512925503052
-0.159152431477
0.331844159519
1.26739183845
0.89810287598
-0.160436558204
0.0925802353138
-0.800580956001
-0.81102312253
-0.844100851865
0.826597719642
0.647139005631
0.0675337533951
-0.643279630634
0.444145703351
-0.623599878319
