4
0
3
2
1
136
-0.543623387197
0.546587305309
0.847916641829
0.641434315903
-0.668900041887
0.455150451919
0.0488110528904
0.45608288066
1.16013526809
0.816808975667
-0.440645668846
-0.495826742225
-0.136346676898
0.467277580505
0.627184495586
-0.0480579067006
0.940068003899
1.85767583751
-0.740387705656
0.212221312962
-0.216102813604
-0.460179939791
0.909867784597
-0.156550966869
0.0313398337969
-0.294541332242
0.795447018187
0.455728563396
0.17047739786
-0.426559733002
-0.566347073663
0.803193724862
0.769903040948
2.93806478994
0.687976356388
-0.0304769034113
-0.822547815143
-0.102343231514
-0.198577603567
0.93648878736
0.838928871219
0.603704028453
0.279970736863
0.977998081274
1.09914803502
-0.277446214214
0.155964379216
-0.0921284624786
-0.885709297251
-0.213570956492
0.540292809676
-0.747293380949
0.915711302965
0.85905564699
0.68402816393
0.256095317386
0.878360579484
0.365635327823
0.268231202058
-0.824041870556
-0.782807041318
-0.89900936269
-0.788586556821
0.0578504168152
-0.981171789622
0.01528129967
-0.747187263013
0.107554994178
0.507509613591
-0.45398576364
-0.949741345872
0.0973537935237
0.342420946329
0.287546648641
-0.154451126893
-0.382806270253
-0.830151064989
0.604751489799
0.734707963193
-0.125149629685
0.0576404487694
0.855139364526
0.991883345
0.0659939853681
0.381760931468
0.451448479971
-0.178582639216
-0.508173322142
0.228625311514
0.44388154581
-0.234173502741
0.0590749782594
0.117964643254
-0.983887148804
0.841287047882
-0.52980628501
-0.198774545637
0.737478568758
-0.876094355756
0.119972921362
0.0808843117435
0.985156261581
0.151527263433
-0.657817859552
0.484531465554
-0.767431722549
-0.483587214466
-0.579752174487
-0.343313988898
0.0800986274968
-0.179105171505
0.741038964509
0.164398292699
1.42252301402
0.104939041822
1.72710963938
-0.604135679346
-0.973883462789
-0.0910613820951
-0.855749218241
-0.512925503052
-0.261604712042
0.29959831045
1.23514999231
0.669093160635
-0.160436558204
0.0925802353138
-0.800580956001
-0.81102312253
-0.844100851865
0.826597719642
0.634709619972
0.0675337533951
-0.645239460586
0.444145703351
-0.623599878319
