4
0
3
2
1
136
-0.543683718384
0.544072556535
0.84779913008
0.63906317211
-0.668900041887
0.455090131922
0.0462966356532
0.455965376143
1.15776443241
0.816808975667
-0.440645668846
-0.495826742225
-0.136346676898
0.467277580505
0.617392804712
-0.048573076058
0.939552845568
1.82548959189
-0.740387705656
0.212221312962
-0.216102813604
-0.460179939791
0.909867784597
-0.156550966869
0.0298292001778
-0.297568957379
0.795442806305
0.451508427936
0.166257948607
-0.430778496261
-0.566347073663
0.803193724862
0.769903040948
2.91014112808
0.687976356388
-0.0325654264856
-0.822547815143
-0.102343231514
-0.202795681046
0.932271395447
0.834712164658
0.603704028453
0.268516105764
0.975052400845
1.07664406391
-0.277446214214
0.155964379216
-0.103574722868
-0.888654469686
-0.236060721488
0.540292809676
-0.747293380949
0.915711302965
0.85905564699
0.68402816393
0.246919521363
0.878360579484
0.365635327823
0.219641068186
-0.824041870556
-0.782807041318
-0.89900936269
-0.788586556821
0.0578504168152
-0.981171789622
0.0121040276225
-0.750868682361
0.107554994178
0.507509613591
-0.45398576364
-0.949741345872
0.0973537935237
0.342420946329
0.287546648641
-0.154451126893
-0.396622162868
-0.833862664907
0.586322862626
0.734707963193
-0.125149629685
0.0438348094936
0.851430102845
0.973467635254
0.0659939853681
0.381760931468
0.451448479971
-0.178582639216
-0.508173322142
0.214550688329
0.44388154581
-0.234173502741
0.0252944207452
0.117964643254
-0.983887148804
0.841287047882
-0.52980628501
-0.198774545637
0.737478568758
-0.87694653985
0.119294017609
0.0808843117435
0.985156261581
0.151527263433
-0.657817859552
0.484531465554
-0.767431722549
-0.483587214466
-0.581830330323
-0.354411577705
0.0795627534731
-0.193538081517
0.741038964509
0.162322138334
1.41143478259
0.104403684597
1.71268804868
-0.604135679346
-0.973883462789
-0.0910613820951
-0.855749218241
-0.512925503052
-0.274865722448
0.295113583534
1.23066605256
0.642761232152
-0.160436558204
0.0925802353138
-0.800580956001
-0.81102312253
-0.844100851865
0.826597719642
0.633187287609
0.0675337533951
-0.645520395206
0.444145703351
-0.623599878319
