4
0
3
2
1
136
-0.543609020559
0.5471886422
0.847944824272
0.642000280696
-0.668900041887
0.455164816011
0.0494123140537
0.456111061456
1.16070116269
0.816808975667
-0.440645668846
-0.495826742225
-0.136346676898
0.467277580505
0.6295265857
-0.0479348411849
0.940191066898
1.86541799732
-0.740387705656
0.212221312962
-0.216102813604
-0.460179939791
0.909867784597
-0.156550966869
0.0317009054315
-0.293814276876
0.795448018657
0.456749466306
0.171498139744
-0.425539152095
-0.566347073663
0.803193724862
0.769903040948
2.94477621663
0.687976356388
-0.0299785151309
-0.822547815143
-0.102343231514
-0.197557183589
0.937509046459
0.839948969487
0.603704028453
0.282721369289
0.978722493591
1.10456932295
-0.277446214214
0.155964379216
-0.0893798223245
-0.88498500786
-0.208153060457
0.540292809676
-0.747293380949
0.915711302965
0.85905564699
0.68402816393
0.258292458779
0.878360579484
0.365635327823
0.280115258221
-0.824041870556
-0.782807041318
-0.89900936269
-0.788586556821
0.0578504168152
-0.981171789622
0.0160392821084
-0.746277456946
0.107554994178
0.507509613591
-0.45398576364
-0.949741345872
0.0973537935237
0.342420946329
0.287546648641
-0.154451126893
-0.37947900772
-0.829253232781
0.609190689543
0.734707963193
-0.125149629685
0.0609652724345
0.856036642206
0.996319473627
0.0659939853681
0.381760931468
0.451448479971
-0.178582639216
-0.508173322142
0.232021429986
0.44388154581
-0.234173502741
0.0673285661785
0.117964643254
-0.983887148804
0.841287047882
-0.52980628501
-0.198774545637
0.737478568758
-0.875886566674
0.120136715154
0.0808843117435
0.985156261581
0.151527263433
-0.657817859552
0.484531465554
-0.767431722549
-0.483587214466
-0.579259898624
-0.340665028753
0.0802259947361
-0.175653621002
0.741038964509
0.164890114194
1.42516983623
0.10506629098
1.73055859636
-0.604135679346
-0.973883462789
-0.0910613820951
-0.855749218241
-0.512925503052
-0.258430902839
0.300660465962
1.23621197078
0.675491028736
-0.160436558204
0.0925802353138
-0.800580956001
-0.81102312253
-0.844100851865
0.826597719642
0.635076934746
0.0675337533951
-0.64517319448
0.444145703351
-0.623599878319
