4
0
3
2
1
136
-0.543052014792
0.571273977615
0.849101412888
0.664351717819
-0.668900041887
0.455721751895
0.0734955086497
0.457267604511
1.18305065116
0.816808975667
-0.440645668846
-0.495826742225
-0.136346676898
0.467277580505
0.723458020767
-0.0430435594319
0.945082277956
2.19003206984
-0.740387705656
0.212221312962
-0.216102813604
-0.460179939791
0.909867784597
-0.156550966869
0.0460951417794
-0.263746811815
0.795486042439
0.501287844192
0.216031079216
-0.38101164972
-0.566347073663
0.803193724862
0.769903040948
3.22454666787
0.687976356388
-0.0103366182078
-0.822547815143
-0.102343231514
-0.153035116995
0.982025678587
0.884460168465
0.603704028453
0.38967239312
1.01435219979
1.32126591069
-0.277446214214
0.155964379216
0.0175066232606
-0.849360117542
0.00842951369732
0.540292809676
-0.747293380949
0.915711302965
0.85905564699
0.68402816393
0.341602942354
0.878360579484
0.365635327823
0.839249939389
-0.824041870556
-0.782807041318
-0.89900936269
-0.788586556821
0.0578504168152
-0.981171789622
0.0438075029941
-0.699320004161
0.107554994178
0.507509613591
-0.45398576364
-0.949741345872
0.0973537935237
0.342420946329
0.287546648641
-0.154451126893
-0.245103342536
-0.790823309309
0.788623902118
0.734707963193
-0.125149629685
0.195259886394
0.894448728411
1.17565018982
0.0659939853681
0.381760931468
0.451448479971
-0.178582639216
-0.508173322142
0.372559150685
0.44388154581
-0.234173502741
0.456155343976
0.117964643254
-0.983887148804
0.841287047882
-0.52980628501
-0.198774545637
0.737478568758
-0.866543108992
0.126828275388
0.0808843117435
0.985156261581
0.151527263433
-0.657817859552
0.484531465554
-0.767431722549
-0.483587214466
-0.56107038203
-0.236620663597
0.0850237602917
-0.0381978435482
0.741038964509
0.183067519135
1.52915468015
0.109860797838
1.8679406841
-0.604135679346
-0.973883462789
-0.0910613820951
-0.855749218241
-0.512925503052
-0.131178861479
0.339969248895
1.27551629145
0.970513467875
-0.160436558204
0.0925802353138
-0.800580956001
-0.81102312253
-0.844100851865
0.826597719642
0.650733655057
0.0675337533951
-0.642804686115
0.444145703351
-0.623599878319
