4
0
3
2
1
136
-0.543114602779
0.568490219606
0.84896483727
0.661799196287
-0.668900041887
0.45565916943
0.0707119253705
0.457131032526
1.18049828554
0.816808975667
-0.440645668846
-0.495826742225
-0.136346676898
0.467277580505
0.71259569915
-0.0436052188948
0.944520624224
2.151064297
-0.740387705656
0.212221312962
-0.216102813604
-0.460179939791
0.909867784597
-0.156550966869
0.0444395486047
-0.267314115739
0.795481846075
0.495784762622
0.210528524809
-0.386513677063
-0.566347073663
0.803193724862
0.769903040948
3.1911094432
0.687976356388
-0.0125753701417
-0.822547815143
-0.102343231514
-0.158536617372
0.976524705077
0.878959721722
0.603704028453
0.378084031318
1.00956850933
1.29722083231
-0.277446214214
0.155964379216
0.00592361265158
-0.854143301845
-0.0156056660755
0.540292809676
-0.747293380949
0.915711302965
0.85905564699
0.68402816393
0.332797900294
0.878360579484
0.365635327823
0.766367170278
-0.824041870556
-0.782807041318
-0.89900936269
-0.788586556821
0.0578504168152
-0.981171789622
0.0409728744514
-0.705888581876
0.107554994178
0.507509613591
-0.45398576364
-0.949741345872
0.0973537935237
0.342420946329
0.287546648641
-0.154451126893
-0.260318530151
-0.795480806006
0.768344553998
0.734707963193
-0.125149629685
0.180051774125
0.889792727441
1.15537987412
0.0659939853681
0.381760931468
0.451448479971
-0.178582639216
-0.508173322142
0.356202627301
0.44388154581
-0.234173502741
0.405047353139
0.117964643254
-0.983887148804
0.841287047882
-0.52980628501
-0.198774545637
0.737478568758
-0.867699677361
0.126066803748
0.0808843117435
0.985156261581
0.151527263433
-0.657817859552
0.484531465554
-0.767431722549
-0.483587214466
-0.563017751578
-0.248397369368
0.0845034277326
-0.0539327589563
0.741038964509
0.181121059445
1.51738267436
0.109340718005
1.85221172452
-0.604135679346
-0.973883462789
-0.0910613820951
-0.855749218241
-0.512925503052
-0.145834201237
0.335746399403
1.27129375729
0.93194661163
-0.160436558204
0.0925802353138
-0.800580956001
-0.81102312253
-0.844100851865
0.826597719642
0.648839938377
0.0675337533951
-0.643050494504
0.444145703351
-0.623599878319
