4
0
3
2
1
136
-0.54510626929
0.489317918787
0.845359180756
0.585557861243
-0.668900041887
0.453668230578
-0.00844060212569
0.453525838818
1.10427635444
0.816808975667
-0.440645668846
-0.495826742225
-0.136346676898
0.467277580505
0.406476113162
-0.0600195094332
0.928107005439
1.19987029481
-0.740387705656
0.212221312962
-0.216102813604
-0.460179939791
0.909867784597
-0.156550966869
-0.00306146199808
-0.357969408007
0.795338918843
0.379243465156
0.0940114642083
-0.503006511379
-0.566347073663
0.803193724862
0.769903040948
2.35839991283
0.687976356388
-0.0798342393289
-0.822547815143
-0.102343231514
-0.275005235978
0.860080291615
0.762539502844
0.603704028453
0.0876663971964
0.937449469566
0.730737432175
-0.277446214214
0.155964379216
-0.284311566022
-0.926250936791
-0.581775599585
0.540292809676
-0.747293380949
0.915711302965
0.85905564699
0.68402816393
0.0973844977663
0.878360579484
0.365635327823
-0.436501436283
-0.824041870556
-0.782807041318
-0.89900936269
-0.788586556821
0.0578504168152
-0.981171789622
-0.0412999170207
-0.795293661393
0.107554994178
0.507509613591
-0.45398576364
-0.949741345872
0.0973537935237
0.342420946329
0.287546648641
-0.154451126893
-0.612758878215
-0.889923692467
0.297125298725
0.734707963193
-0.125149629685
-0.172154658022
0.795402658334
0.684461843762
0.0659939853681
0.381760931468
0.451448479971
-0.178582639216
-0.508173322142
-0.00332420229254
0.44388154581
-0.234173502741
-0.442068917734
0.117964643254
-0.983887148804
0.841287047882
-0.52980628501
-0.198774545637
0.737478568758
-0.88873344748
0.108831123881
0.0808843117435
0.985156261581
0.151527263433
-0.657817859552
0.484531465554
-0.767431722549
-0.483587214466
-0.632724741711
-0.593854007118
0.067707735048
-0.494568441952
0.741038964509
0.111524906774
1.17239349991
0.092568951063
1.41212064153
-0.604135679346
-0.973883462789
-0.0910613820951
-0.855749218241
-0.512925503052
-0.548740818937
0.182798479719
1.1183999033
0.196013580263
-0.160436558204
0.0925802353138
-0.800580956001
-0.81102312253
-0.844100851865
0.826597719642
0.606073628781
0.0675337533951
-0.652884325278
0.444145703351
-0.623599878319
