4
0
3
2
1
136
-0.544929752109
0.495668658359
0.84563232473
0.591962598942
-0.668900041887
0.453844610414
-0.00209335527263
0.453798896314
1.11067751505
0.816808975667
-0.440645668846
-0.495826742225
-0.136346676898
0.467277580505
0.430602611966
-0.0586670972378
0.92945929686
1.26522717268
-0.740387705656
0.212221312962
-0.216102813604
-0.460179939791
0.909867784597
-0.156550966869
0.000726758925238
-0.351537841916
0.795352256023
0.385770567116
0.100536255375
-0.496484029558
-0.566347073663
0.803193724862
0.769903040948
2.41696242097
0.687976356388
-0.0741689840408
-0.822547815143
-0.102343231514
-0.268485062054
0.866598159088
0.769055065311
0.603704028453
0.100818939053
0.93987487834
0.755625249923
-0.277446214214
0.155964379216
-0.271164712019
-0.923825877564
-0.556897837373
0.540292809676
-0.747293380949
0.915711302965
0.85905564699
0.68402816393
0.108502930665
0.878360579484
0.365635327823
-0.392583963061
-0.824041870556
-0.782807041318
-0.89900936269
-0.788586556821
0.0578504168152
-0.981171789622
-0.0372773518666
-0.792565936591
0.107554994178
0.507509613591
-0.45398576364
-0.949741345872
0.0973537935237
0.342420946329
0.287546648641
-0.154451126893
-0.596912829807
-0.885895059451
0.318510315764
0.734707963193
-0.125149629685
-0.15631678735
0.799429486824
0.705835544935
0.0659939853681
0.381760931468
0.451448479971
-0.178582639216
-0.508173322142
0.0126467460425
0.44388154581
-0.234173502741
-0.409933642337
0.117964643254
-0.983887148804
0.841287047882
-0.52980628501
-0.198774545637
0.737478568758
-0.887931173208
0.109595429315
0.0808843117435
0.985156261581
0.151527263433
-0.657817859552
0.484531465554
-0.767431722549
-0.483587214466
-0.626596506117
-0.567518293699
0.0689862927125
-0.462347138498
0.741038964509
0.117636693365
1.19866514915
0.0938445881999
1.44426958427
-0.604135679346
-0.973883462789
-0.0910613820951
-0.855749218241
-0.512925503052
-0.519572649307
0.196743694874
1.13233551279
0.237622989692
-0.160436558204
0.0925802353138
-0.800580956001
-0.81102312253
-0.844100851865
0.826597719642
0.608595798617
0.0675337533951
-0.651960694185
0.444145703351
-0.623599878319
