4
0
3
2
1
136
-0.54313394937
0.567633819292
0.848922979356
0.661012349881
-0.668900041887
0.455639824645
0.0698555819315
0.457089175799
1.17971149002
0.816808975667
-0.440645668846
-0.495826742225
-0.136346676898
0.467277580505
0.709253997565
-0.0437781969448
0.944347648041
2.13915240341
-0.740387705656
0.212221312962
-0.216102813604
-0.460179939791
0.909867784597
-0.156550966869
0.0439297341471
-0.26840683077
0.795480544948
0.494109997475
0.208853927096
-0.388188107376
-0.566347073663
0.803193724862
0.769903040948
3.18088112779
0.687976356388
-0.0132657333984
-0.822547815143
-0.102343231514
-0.160210880317
0.974850609467
0.877285793416
0.603704028453
0.374461724412
1.00813138804
1.28973121198
-0.277446214214
0.155964379216
0.00230307346162
-0.855580263292
-0.0230920422835
0.540292809676
-0.747293380949
0.915711302965
0.85905564699
0.68402816393
0.330033284529
0.878360579484
0.365635327823
0.744380341248
-0.824041870556
-0.782807041318
-0.89900936269
-0.788586556821
0.0578504168152
-0.981171789622
0.0400775874054
-0.707844789809
0.107554994178
0.507509613591
-0.45398576364
-0.949741345872
0.0973537935237
0.342420946329
0.287546648641
-0.154451126893
-0.265032212881
-0.796902211293
0.762055648266
0.734707963193
-0.125149629685
0.175340401949
0.888371813761
1.14909391238
0.0659939853681
0.381760931468
0.451448479971
-0.178582639216
-0.508173322142
0.351164248492
0.44388154581
-0.234173502741
0.389674035691
0.117964643254
-0.983887148804
0.841287047882
-0.52980628501
-0.198774545637
0.737478568758
-0.868052848274
0.125830813838
0.0808843117435
0.985156261581
0.151527263433
-0.657817859552
0.484531465554
-0.767431722549
-0.483587214466
-0.563625080416
-0.252035668524
0.0843413918649
-0.0587852740237
0.741038964509
0.180514031085
1.51374591608
0.109178765299
1.84736115527
-0.604135679346
-0.973883462789
-0.0910613820951
-0.855749218241
-0.512925503052
-0.150349069634
0.33443052215
1.26997798502
0.920349101145
-0.160436558204
0.0925802353138
-0.800580956001
-0.81102312253
-0.844100851865
0.826597719642
0.648261178616
0.0675337533951
-0.643127550654
0.444145703351
-0.623599878319
