4
0
3
2
1
136
-0.543823719013
0.538301543837
0.847531519779
0.633595058176
-0.668900041887
0.45495016062
0.0405264818007
0.455697784745
1.15229712249
0.816808975667
-0.440645668846
-0.495826742225
-0.136346676898
0.467277580505
0.594941509204
-0.0497585245985
0.938367425671
1.75279006196
-0.740387705656
0.212221312962
-0.216102813604
-0.460179939791
0.909867784597
-0.156550966869
0.026359011486
-0.304437593369
0.795432967717
0.442125479012
0.156876650359
-0.440158144388
-0.566347073663
0.803193724862
0.769903040948
2.84693049063
0.687976356388
-0.0373847012261
-0.822547815143
-0.102343231514
-0.212173679607
0.922895045897
0.825337463565
0.603704028453
0.242719578222
0.968791286779
1.02635778197
-0.277446214214
0.155964379216
-0.129352201364
-0.894914468615
-0.286314881879
0.540292809676
-0.747293380949
0.915711302965
0.85905564699
0.68402816393
0.226106255464
0.878360579484
0.365635327823
0.1149091151
-0.824041870556
-0.782807041318
-0.89900936269
-0.788586556821
0.0578504168152
-0.981171789622
0.004832591769
-0.758596323055
0.107554994178
0.507509613591
-0.45398576364
-0.949741345872
0.0973537935237
0.342420946329
0.287546648641
-0.154451126893
-0.427547628376
-0.842087278885
0.545091444911
0.734707963193
-0.125149629685
0.0129327909322
0.843210868426
0.932265825195
0.0659939853681
0.381760931468
0.451448479971
-0.178582639216
-0.508173322142
0.183180439797
0.44388154581
-0.234173502741
-0.0477597286744
0.117964643254
-0.983887148804
0.841287047882
-0.52980628501
-0.198774545637
0.737478568758
-0.878795928226
0.1177812325
0.0808843117435
0.985156261581
0.151527263433
-0.657817859552
0.484531465554
-0.767431722549
-0.483587214466
-0.586716231193
-0.379983971853
0.07831520121
-0.226628605338
0.741038964509
0.157441494411
1.38588654872
0.103157464582
1.67962653506
-0.604135679346
-0.973883462789
-0.0910613820951
-0.855749218241
-0.512925503052
-0.305207960714
0.284560522134
1.22011511239
0.584774159727
-0.160436558204
0.0925802353138
-0.800580956001
-0.81102312253
-0.844100851865
0.826597719642
0.629779463547
0.0675337533951
-0.646188311521
0.444145703351
-0.623599878319
