4
0
3
2
1
136
-0.544100580395
0.527147524668
0.847022056925
0.622918471014
-0.668900041887
0.454673373352
0.0293745814442
0.455188369416
1.14162254898
0.816808975667
-0.440645668846
-0.495826742225
-0.136346676898
0.467277580505
0.551646903566
-0.0520627664912
0.93606325484
1.61685593689
-0.740387705656
0.212221312962
-0.216102813604
-0.460179939791
0.909867784597
-0.156550966869
0.0196430310788
-0.317392393094
0.795413250801
0.425188528372
0.139943164297
-0.457088167216
-0.566347073663
0.803193724862
0.769903040948
2.72817489615
0.687976356388
-0.0468048888655
-0.822547815143
-0.102343231514
-0.229100240545
0.905971945507
0.80841782238
0.603704028453
0.196274832674
0.958531162098
0.936937763656
-0.277446214214
0.155964379216
-0.175763640822
-0.905172721886
-0.375679000841
0.540292809676
-0.747293380949
0.915711302965
0.85905564699
0.68402816393
0.188151738554
0.878360579484
0.365635327823
-0.0610063640744
-0.824041870556
-0.782807041318
-0.89900936269
-0.788586556821
0.0578504168152
-0.981171789622
-0.00861384042556
-0.770970295957
0.107554994178
0.507509613591
-0.45398576364
-0.949741345872
0.0973537935237
0.342420946329
0.287546648641
-0.154451126893
-0.482874600735
-0.85658379236
0.471321880756
0.734707963193
-0.125149629685
-0.042352318617
0.828724005631
0.858549608467
0.0659939853681
0.381760931468
0.451448479971
-0.178582639216
-0.508173322142
0.127366931702
0.44388154581
-0.234173502741
-0.171533574348
0.117964643254
-0.983887148804
0.841287047882
-0.52980628501
-0.198774545637
0.737478568758
-0.881933319908
0.115094796477
0.0808843117435
0.985156261581
0.151527263433
-0.657817859552
0.484531465554
-0.767431722549
-0.483587214466
-0.59659486019
-0.429665083897
0.0758529388647
-0.29024442907
0.741038964509
0.147576032651
1.33626386484
0.100698390919
1.61607986998
-0.604135679346
-0.973883462789
-0.0910613820951
-0.855749218241
-0.512925503052
-0.363324221118
0.263147076767
1.19870729032
0.481261356245
-0.160436558204
0.0925802353138
-0.800580956001
-0.81102312253
-0.844100851865
0.826597719642
0.623544141096
0.0675337533951
-0.64756880823
0.444145703351
-0.623599878319
