4
0
3
2
1
136
-0.542789394416
0.583180142311
0.849694691419
0.675181451233
-0.668900041887
0.455984353781
0.0854010773552
0.457860870806
1.19387985868
0.816808975667
-0.440645668846
-0.495826742225
-0.136346676898
0.467277580505
0.769904571253
-0.0406517107581
0.947474107162
2.36097434594
-0.740387705656
0.212221312962
-0.216102813604
-0.460179939791
0.909867784597
-0.156550966869
0.0531466749192
-0.248227878386
0.795503432265
0.525823521924
0.24056478764
-0.356479910292
-0.566347073663
0.803193724862
0.769903040948
3.37085430425
0.687976356388
-0.000851911677594
-0.822547815143
-0.102343231514
-0.12850534625
1.00655348096
0.908986002778
0.603704028453
0.435721189298
1.03665851676
1.41788715732
-0.277446214214
0.155964379216
0.063538739286
-0.82705571186
0.105018973006
0.540292809676
-0.747293380949
0.915711302965
0.85905564699
0.68402816393
0.375941391139
0.878360579484
0.365635327823
1.17538798528
-0.824041870556
-0.782807041318
-0.89900936269
-0.788586556821
0.0578504168152
-0.981171789622
0.0546121537057
-0.667420825863
0.107554994178
0.507509613591
-0.45398576364
-0.949741345872
0.0973537935237
0.342420946329
0.287546648641
-0.154451126893
-0.182222054089
-0.770162027202
0.871799444924
0.734707963193
-0.125149629685
0.258117965277
0.915105208924
1.25879589798
0.0659939853681
0.381760931468
0.451448479971
-0.178582639216
-0.508173322142
0.441908356905
0.44388154581
-0.234173502741
0.695926493947
0.117964643254
-0.983887148804
0.841287047882
-0.52980628501
-0.198774545637
0.737478568758
-0.861513628678
0.129953455768
0.0808843117435
0.985156261581
0.151527263433
-0.657817859552
0.484531465554
-0.767431722549
-0.483587214466
-0.553205904332
-0.18721761863
0.0871340881215
0.0282541553737
0.741038964509
0.190929080006
1.57854223016
0.111970305979
1.9343727841
-0.604135679346
-0.973883462789
-0.0910613820951
-0.855749218241
-0.512925503052
-0.0690304013862
0.357091773724
1.29263783439
1.15201043891
-0.160436558204
0.0925802353138
-0.800580956001
-0.81102312253
-0.844100851865
0.826597719642
0.659014137944
0.0675337533951
-0.641832183379
0.444145703351
-0.623599878319
