4
0
3
2
1
136
-0.543184849076
0.565389822103
0.848813650232
0.658947044555
-0.668900041887
0.455588929926
0.0676117411229
0.456979849947
1.17764632499
0.816808975667
-0.440645668846
-0.495826742225
-0.136346676898
0.467277580505
0.700498040329
-0.0442318682945
0.943893981832
2.10811016448
-0.740387705656
0.212221312962
-0.216102813604
-0.460179939791
0.909867784597
-0.156550966869
0.0425928385405
-0.27125939828
0.795477112821
0.48976264029
0.204507020461
-0.39253456355
-0.566347073663
0.803193724862
0.769903040948
3.15421017823
0.687976356388
-0.0150783207419
-0.822547815143
-0.102343231514
-0.164556886123
0.970505053939
0.872940688073
0.603704028453
0.36484992476
1.00444360331
1.26992099066
-0.277446214214
0.155964379216
-0.0073038199615
-0.859267620617
-0.0428933208012
0.540292809676
-0.747293380949
0.915711302965
0.85905564699
0.68402816393
0.322669862756
0.878360579484
0.365635327823
0.687738172839
-0.824041870556
-0.782807041318
-0.89900936269
-0.788586556821
0.0578504168152
-0.981171789622
0.0376809279169
-0.712829432588
0.107554994178
0.507509613591
-0.45398576364
-0.949741345872
0.0973537935237
0.342420946329
0.287546648641
-0.154451126893
-0.277448993975
-0.800602067874
0.745479014941
0.734707963193
-0.125149629685
0.162929974785
0.884673316782
1.13252536171
0.0659939853681
0.381760931468
0.451448479971
-0.178582639216
-0.508173322142
0.337953574058
0.44388154581
-0.234173502741
0.350151530746
0.117964643254
-0.983887148804
0.841287047882
-0.52980628501
-0.198774545637
0.737478568758
-0.868971404208
0.125209216547
0.0808843117435
0.985156261581
0.151527263433
-0.657817859552
0.484531465554
-0.767431722549
-0.483587214466
-0.565234782755
-0.261601606673
0.0839125307611
-0.071523896052
0.741038964509
0.178905164999
1.50418423914
0.10875013486
1.83462789805
-0.604135679346
-0.973883462789
-0.0910613820951
-0.855749218241
-0.512925503052
-0.162190756907
0.330945142711
1.26649289985
0.890534750909
-0.160436558204
0.0925802353138
-0.800580956001
-0.81102312253
-0.844100851865
0.826597719642
0.646753657034
0.0675337533951
-0.643332685648
0.444145703351
-0.623599878319
