4
0
3
2
1
136
-0.542871457064
0.57941997724
0.849505692025
0.671776379636
-0.668900041887
0.455902296174
0.0816410767006
0.457671874762
1.19047493113
0.816808975667
-0.440645668846
-0.495826742225
-0.136346676898
0.467277580505
0.755239450167
-0.0414053005576
0.946720522724
2.30623892025
-0.740387705656
0.212221312962
-0.216102813604
-0.460179939791
0.909867784597
-0.156550966869
0.0509251089776
-0.253174313101
0.795498036621
0.517902689094
0.232644528148
-0.364399596528
-0.566347073663
0.803193724862
0.769903040948
3.3240679444
0.687976356388
-0.00383161571072
-0.822547815143
-0.102343231514
-0.136424459311
0.998634940993
0.901068035822
0.603704028453
0.421817742072
1.02930529615
1.38856353214
-0.277446214214
0.155964379216
0.0496395700963
-0.834408374688
0.0757036592068
0.540292809676
-0.747293380949
0.915711302965
0.85905564699
0.68402816393
0.365690565803
0.878360579484
0.365635327823
1.06496575021
-0.824041870556
-0.782807041318
-0.89900936269
-0.788586556821
0.0578504168152
-0.981171789622
0.0514289097411
-0.678182291709
0.107554994178
0.507509613591
-0.45398576364
-0.949741345872
0.0973537935237
0.342420946329
0.287546648641
-0.154451126893
-0.201664735876
-0.776831613648
0.84623357021
0.734707963193
-0.125149629685
0.238681459642
0.90843688507
1.23323799355
0.0659939853681
0.381760931468
0.451448479971
-0.178582639216
-0.508173322142
0.420135336467
0.44388154581
-0.234173502741
0.616288926676
0.117964643254
-0.983887148804
0.841287047882
-0.52980628501
-0.198774545637
0.737478568758
-0.8631084632
0.128993273063
0.0808843117435
0.985156261581
0.151527263433
-0.657817859552
0.484531465554
-0.767431722549
-0.483587214466
-0.555608047326
-0.202636702488
0.0864883538413
0.00743951485248
0.741038964509
0.188527707956
1.56312731678
0.111324789782
1.91356354509
-0.604135679346
-0.973883462789
-0.0910613820951
-0.855749218241
-0.512925503052
-0.0885410362494
0.351848569041
1.2873948845
1.0915970138
-0.160436558204
0.0925802353138
-0.800580956001
-0.81102312253
-0.844100851865
0.826597719642
0.656371807852
0.0675337533951
-0.642125726385
0.444145703351
-0.623599878319
