4
0
3
2
1
136
-0.542907112028
0.577797621827
0.849424617161
0.670302945373
-0.668900041887
0.455866643597
0.080018798585
0.45759080148
1.18900156489
0.816808975667
-0.440645668846
-0.495826742225
-0.136346676898
0.467277580505
0.74891083169
-0.0417309518189
0.946394873984
2.28283639413
-0.740387705656
0.212221312962
-0.216102813604
-0.460179939791
0.909867784597
-0.156550966869
0.0499650046316
-0.255295665125
0.795495681388
0.514533730857
0.229275830879
-0.367768032868
-0.566347073663
0.803193724862
0.769903040948
3.30404738235
0.687976356388
-0.00512169732508
-0.822547815143
-0.102343231514
-0.139792634763
0.99526702639
0.89770038203
0.603704028453
0.41563418455
1.02621760991
1.37555813553
-0.277446214214
0.155964379216
0.043458121886
-0.837495807109
0.0627023159865
0.540292809676
-0.747293380949
0.915711302965
0.85905564699
0.68402816393
0.36109770944
0.878360579484
0.365635327823
1.01853423865
-0.824041870556
-0.782807041318
-0.89900936269
-0.788586556821
0.0578504168152
-0.981171789622
0.0499909534379
-0.68262631621
0.107554994178
0.507509613591
-0.45398576364
-0.949741345872
0.0973537935237
0.342420946329
0.287546648641
-0.154451126893
-0.210176230796
-0.779665371206
0.834990906293
0.734707963193
-0.125149629685
0.230172942064
0.905603739834
1.22199916411
0.0659939853681
0.381760931468
0.451448479971
-0.178582639216
-0.508173322142
0.410701674081
0.44388154581
-0.234173502741
0.583080229027
0.117964643254
-0.983887148804
0.841287047882
-0.52980628501
-0.198774545637
0.737478568758
-0.863796102034
0.128570782839
0.0808843117435
0.985156261581
0.151527263433
-0.657817859552
0.484531465554
-0.767431722549
-0.483587214466
-0.556667771333
-0.209344121434
0.0862037423988
-0.00159436609616
0.741038964509
0.187468356145
1.5564218898
0.111040283254
1.90453223114
-0.604135679346
-0.973883462789
-0.0910613820951
-0.855749218241
-0.512925503052
-0.096996591267
0.349539466202
1.28508590596
1.06644697667
-0.160436558204
0.0925802353138
-0.800580956001
-0.81102312253
-0.844100851865
0.826597719642
0.655238700773
0.0675337533951
-0.642256215102
0.444145703351
-0.623599878319
