4
0
3
2
1
136
-0.542864066144
0.579757133444
0.849522576312
0.672082261738
-0.668900041887
0.455909686615
0.0819782173373
0.45768875873
1.19078079957
0.816808975667
-0.440645668846
-0.495826742225
-0.136346676898
0.467277580505
0.756554573442
-0.0413376626581
0.946788160115
2.31111856415
-0.740387705656
0.212221312962
-0.216102813604
-0.460179939791
0.909867784597
-0.156550966869
0.0511245182016
-0.252732482027
0.795498524013
0.518606515825
0.233348301684
-0.363695876178
-0.566347073663
0.803193724862
0.769903040948
3.32824112252
0.687976356388
-0.00356385073017
-0.822547815143
-0.102343231514
-0.13572079214
0.999338554993
0.901771596661
0.603704028453
0.423088868832
1.02995354009
1.39123999602
-0.277446214214
0.155964379216
0.050910279225
-0.833760182496
0.0783793172057
0.540292809676
-0.747293380949
0.915711302965
0.85905564699
0.68402816393
0.366632171024
0.878360579484
0.365635327823
1.07470702737
-0.824041870556
-0.782807041318
-0.89900936269
-0.788586556821
0.0578504168152
-0.981171789622
0.0517228188209
-0.677243786295
0.107554994178
0.507509613591
-0.45398576364
-0.949741345872
0.0973537935237
0.342420946329
0.287546648641
-0.154451126893
-0.199905053622
-0.776239497591
0.848554381424
0.734707963193
-0.125149629685
0.24044054751
0.909028879186
1.23555803863
0.0659939853681
0.381760931468
0.451448479971
-0.178582639216
-0.508173322142
0.422092927739
0.44388154581
-0.234173502741
0.623276012336
0.117964643254
-0.983887148804
0.841287047882
-0.52980628501
-0.198774545637
0.737478568758
-0.862965469533
0.129080473629
0.0808843117435
0.985156261581
0.151527263433
-0.657817859552
0.484531465554
-0.767431722549
-0.483587214466
-0.555389577938
-0.201246811354
0.086547050573
0.009313071039
0.741038964509
0.18874610311
1.56451680903
0.11138346556
1.91543658628
-0.604135679346
-0.973883462789
-0.0910613820951
-0.855749218241
-0.512925503052
-0.0867864772178
0.352324899052
1.28787118981
1.09689159944
-0.160436558204
0.0925802353138
-0.800580956001
-0.81102312253
-0.844100851865
0.826597719642
0.656607848512
0.0675337533951
-0.642098900152
0.444145703351
-0.623599878319
