4
0
3
2
1
136
-0.545665477184
0.469957735926
0.844537852411
0.565668304387
-0.668900041887
0.453109623317
-0.0277861500124
0.452704887252
1.08440220697
0.816808975667
-0.440645668846
-0.495826742225
-0.136346676898
0.467277580505
0.333775910023
-0.0641894806742
0.923937546835
1.01169867902
-0.740387705656
0.212221312962
-0.216102813604
-0.460179939791
0.909867784597
-0.156550966869
-0.0144913395658
-0.37657408663
0.795295913694
0.361988361297
0.0767632240936
-0.520247892449
-0.566347073663
0.803193724862
0.769903040948
2.18845211882
0.687976356388
-0.0974183531863
-0.822547815143
-0.102343231514
-0.292239762699
0.842852614552
0.745318670752
0.603704028453
0.0568447260585
0.9318407937
0.672404946792
-0.277446214214
0.155964379216
-0.315121642616
-0.931858868309
-0.640087215528
0.540292809676
-0.747293380949
0.915711302965
0.85905564699
0.68402816393
0.0712172943329
0.878360579484
0.365635327823
-0.538512360538
-0.824041870556
-0.782807041318
-0.89900936269
-0.788586556821
0.0578504168152
-0.981171789622
-0.0507717087975
-0.801538771418
0.107554994178
0.507509613591
-0.45398576364
-0.949741345872
0.0973537935237
0.342420946329
0.287546648641
-0.154451126893
-0.650048462101
-0.899369884237
0.246609018448
0.734707963193
-0.125149629685
-0.209427162691
0.785960179903
0.633969748773
0.0659939853681
0.381760931468
0.451448479971
-0.178582639216
-0.508173322142
-0.0409722389836
0.44388154581
-0.234173502741
-0.517203470152
0.117964643254
-0.983887148804
0.841287047882
-0.52980628501
-0.198774545637
0.737478568758
-0.890603953916
0.107029659685
0.0808843117435
0.985156261581
0.151527263433
-0.657817859552
0.484531465554
-0.767431722549
-0.483587214466
-0.650518281217
-0.668069170386
0.0642207878586
-0.584463948191
0.741038964509
0.0937830112201
1.09837770838
0.0890903145445
1.32244873035
-0.604135679346
-0.973883462789
-0.0910613820951
-0.855749218241
-0.512925503052
-0.630089360447
0.141304882596
1.07693999125
0.084179136509
-0.160436558204
0.0925802353138
-0.800580956001
-0.81102312253
-0.844100851865
0.826597719642
0.599419481012
0.0675337533951
-0.655595178108
0.444145703351
-0.623599878319
