4
0
3
2
1
136
-0.543331228882
0.559009214171
0.848505499544
0.653046091455
-0.668900041887
0.455442566523
0.0612316416762
0.456671709988
1.17174583142
0.816808975667
-0.440645668846
-0.495826742225
-0.136346676898
0.467277580505
0.675605215952
-0.0455252247425
0.94260064213
2.02118954221
-0.740387705656
0.212221312962
-0.216102813604
-0.460179939791
0.909867784597
-0.156550966869
0.0387837035975
-0.27928541868
0.795467171045
0.477729393247
0.192475148956
-0.404565059823
-0.566347073663
0.803193724862
0.769903040948
3.07939787971
0.687976356388
-0.0202613240739
-0.822547815143
-0.102343231514
-0.17658600747
0.958477307212
0.86091431566
0.603704028453
0.33668968533
0.99457883681
1.21243417728
-0.277446214214
0.155964379216
-0.0354479756559
-0.869131114809
-0.100351354557
0.540292809676
-0.747293380949
0.915711302965
0.85905564699
0.68402816393
0.300878416589
0.878360579484
0.365635327823
0.534332755735
-0.824041870556
-0.782807041318
-0.89900936269
-0.788586556821
0.0578504168152
-0.981171789622
0.0304881803898
-0.725923957164
0.107554994178
0.507509613591
-0.45398576364
-0.949741345872
0.0973537935237
0.342420946329
0.287546648641
-0.154451126893
-0.313152882082
-0.81093235888
0.697771156791
0.734707963193
-0.125149629685
0.127246459437
0.874347454903
1.08484331159
0.0659939853681
0.381760931468
0.451448479971
-0.178582639216
-0.508173322142
0.300411885756
0.44388154581
-0.234173502741
0.243554625397
0.117964643254
-0.983887148804
0.841287047882
-0.52980628501
-0.198774545637
0.737478568758
-0.8715172948
0.123424854007
0.0808843117435
0.985156261581
0.151527263433
-0.657817859552
0.484531465554
-0.767431722549
-0.483587214466
-0.569956235565
-0.289041230054
0.0826604790467
-0.107901242627
0.741038964509
0.174186518103
1.47675865939
0.107498848946
1.79826808233
-0.604135679346
-0.973883462789
-0.0910613820951
-0.855749218241
-0.512925503052
-0.195923198691
0.320737971974
1.25628673757
0.810030669831
-0.160436558204
0.0925802353138
-0.800580956001
-0.81102312253
-0.844100851865
0.826597719642
0.64254332016
0.0675337533951
-0.643941788658
0.444145703351
-0.623599878319
