4
0
3
2
1
136
-0.542900167598
0.578113067669
0.849440359087
0.670589638876
-0.668900041887
0.455873587553
0.0803342290857
0.457606543091
1.18928824487
0.816808975667
-0.440645668846
-0.495826742225
-0.136346676898
0.467277580505
0.750141398344
-0.0416676090505
0.946458216253
2.28737662893
-0.740387705656
0.212221312962
-0.216102813604
-0.460179939791
0.909867784597
-0.156550966869
0.0501517579206
-0.25488380463
0.795496140627
0.515186470171
0.229928518799
-0.367115396334
-0.566347073663
0.803193724862
0.769903040948
3.30793230878
0.687976356388
-0.00487064635516
-0.822547815143
-0.102343231514
-0.139140049607
0.995919560176
0.898352864454
0.603704028453
0.416845168876
1.02681383578
1.37810312808
-0.277446214214
0.155964379216
0.0446686829217
-0.836899631206
0.0652464973254
0.540292809676
-0.747293380949
0.915711302965
0.85905564699
0.68402816393
0.361998762757
0.878360579484
0.365635327823
1.0275048096
-0.824041870556
-0.782807041318
-0.89900936269
-0.788586556821
0.0578504168152
-0.981171789622
0.0502736300014
-0.681771527832
0.107554994178
0.507509613591
-0.45398576364
-0.949741345872
0.0973537935237
0.342420946329
0.287546648641
-0.154451126893
-0.20851560404
-0.779116352161
0.837186513684
0.734707963193
-0.125149629685
0.231832974507
0.906152636448
1.22419400652
0.0659939853681
0.381760931468
0.451448479971
-0.178582639216
-0.508173322142
0.412537708059
0.44388154581
-0.234173502741
0.589484186931
0.117964643254
-0.983887148804
0.841287047882
-0.52980628501
-0.198774545637
0.737478568758
-0.863662471637
0.128653299031
0.0808843117435
0.985156261581
0.151527263433
-0.657817859552
0.484531465554
-0.767431722549
-0.483587214466
-0.556460623169
-0.208037461871
0.086259361717
0.000164509575432
0.741038964509
0.187675429958
1.55772815248
0.111095881633
1.90629059599
-0.604135679346
-0.973883462789
-0.0910613820951
-0.855749218241
-0.512925503052
-0.0953509064011
0.349990653163
1.28553706803
1.07129508898
-0.160436558204
0.0925802353138
-0.800580956001
-0.81102312253
-0.844100851865
0.826597719642
0.655458659665
0.0675337533951
-0.642230660746
0.444145703351
-0.623599878319
