4
0
3
2
1
136
-0.542978023241
0.574591272908
0.849265206596
0.667383249692
-0.668900041887
0.455795737513
0.0768126146867
0.457431394306
1.18608201495
0.816808975667
-0.440645668846
-0.495826742225
-0.136346676898
0.467277580505
0.736401612937
-0.0423754636433
0.945750367548
2.2369633035
-0.740387705656
0.212221312962
-0.216102813604
-0.460179939791
0.909867784597
-0.156550966869
0.0480647793586
-0.259465266329
0.795490977782
0.507962730265
0.222705370785
-0.374337952551
-0.566347073663
0.803193724862
0.769903040948
3.26477254336
0.687976356388
-0.007679314698
-0.822547815143
-0.102343231514
-0.146362014123
0.988698187266
0.891132083055
0.603704028453
0.403090168355
1.02027332063
1.34925797057
-0.277446214214
0.155964379216
0.0309187866112
-0.843439571527
0.0364110526297
0.540292809676
-0.747293380949
0.915711302965
0.85905564699
0.68402816393
0.351719835401
0.878360579484
0.365635327823
0.928929570586
-0.824041870556
-0.782807041318
-0.89900936269
-0.788586556821
0.0578504168152
-0.981171789622
0.0470324969087
-0.691063405629
0.107554994178
0.507509613591
-0.45398576364
-0.949741345872
0.0973537935237
0.342420946329
0.287546648641
-0.154451126893
-0.227207092423
-0.785194568775
0.812421755474
0.734707963193
-0.125149629685
0.213148558858
0.900075883698
1.19943833807
0.0659939853681
0.381760931468
0.451448479971
-0.178582639216
-0.508173322142
0.391993316373
0.44388154581
-0.234173502741
0.519405667563
0.117964643254
-0.983887148804
0.841287047882
-0.52980628501
-0.198774545637
0.737478568758
-0.865151100774
0.127722510961
0.0808843117435
0.985156261581
0.151527263433
-0.657817859552
0.484531465554
-0.767431722549
-0.483587214466
-0.558803384149
-0.222691485922
0.0856308091511
-0.0195329878789
0.741038964509
0.185333556518
1.54307883469
0.110467578394
1.88659913694
-0.604135679346
-0.973883462789
-0.0910613820951
-0.855749218241
-0.512925503052
-0.113764331366
0.344892799915
1.28043951398
1.018285925
-0.160436558204
0.0925802353138
-0.800580956001
-0.81102312253
-0.844100851865
0.826597719642
0.653013529313
0.0675337533951
-0.642520997403
0.444145703351
-0.623599878319
