4
0
3
2
1
136
-0.546329232375
0.448394557144
0.843637294434
0.542809766901
-0.668900041887
0.452447010391
-0.0493233314081
0.451805043593
1.06157228156
0.816808975667
-0.440645668846
-0.495826742225
-0.136346676898
0.467277580505
0.254685255427
-0.0689280061859
0.91919995277
0.820809280315
-0.740387705656
0.212221312962
-0.216102813604
-0.460179939791
0.909867784597
-0.156550966869
-0.0269126149092
-0.395460986728
0.795243482792
0.346870224682
0.0616520441126
-0.535352121006
-0.566347073663
0.803193724862
0.769903040948
2.01404538328
0.687976356388
-0.117581236884
-0.822547815143
-0.102343231514
-0.307337045037
0.827762273233
0.730235265255
0.603704028453
0.034339074531
0.927793910472
0.629775108569
-0.277446214214
0.155964379216
-0.337620253745
-0.935905271291
-0.682704065235
0.540292809676
-0.747293380949
0.915711302965
0.85905564699
0.68402816393
0.052020535809
0.878360579484
0.365635327823
-0.612416427098
-0.824041870556
-0.782807041318
-0.89900936269
-0.788586556821
0.0578504168152
-0.981171789622
-0.0577203283928
-0.805994228042
0.107554994178
0.507509613591
-0.45398576364
-0.949741345872
0.0973537935237
0.342420946329
0.287546648641
-0.154451126893
-0.677413045139
-0.906274342487
0.209354170951
0.734707963193
-0.125149629685
-0.236781077432
0.779057995568
0.596730494928
0.0659939853681
0.381760931468
0.451448479971
-0.178582639216
-0.508173322142
-0.0686664899728
0.44388154581
-0.234173502741
-0.572043236389
0.117964643254
-0.983887148804
0.841287047882
-0.52980628501
-0.198774545637
0.737478568758
-0.891964998237
0.105704396618
0.0808843117435
0.985156261581
0.151527263433
-0.657817859552
0.484531465554
-0.767431722549
-0.483587214466
-0.667437074884
-0.736778806783
0.0611675541092
-0.666755784744
0.741038964509
0.0769132698647
1.02986167171
0.0860441570145
1.24037288987
-0.604135679346
-0.973883462789
-0.0910613820951
-0.855749218241
-0.512925503052
-0.704579569998
0.100203844953
1.03587663688
-0.0142169188045
-0.160436558204
0.0925802353138
-0.800580956001
-0.81102312253
-0.844100851865
0.826597719642
0.593740847225
0.0675337533951
-0.658198105767
0.444145703351
-0.623599878319
