4
0
3
2
1
136
-0.543166602758
0.566192723181
0.848852710219
0.659686602984
-0.668900041887
0.455607174416
0.0684145849933
0.457018908736
1.17838583203
0.816808975667
-0.440645668846
-0.495826742225
-0.136346676898
0.467277580505
0.703630873271
-0.0440694744194
0.944056373828
2.11918877384
-0.740387705656
0.212221312962
-0.216102813604
-0.460179939791
0.909867784597
-0.156550966869
0.0430713506524
-0.270240524459
0.795478344642
0.491311287242
0.206055504234
-0.390986242925
-0.566347073663
0.803193724862
0.769903040948
3.16373143613
0.687976356388
-0.0144291696582
-0.822547815143
-0.102343231514
-0.16300872861
0.972053048372
0.87448851946
0.603704028453
0.368308507246
1.00575010282
1.27703847584
-0.277446214214
0.155964379216
-0.00384703860926
-0.857961275415
-0.035779108563
0.540292809676
-0.747293380949
0.915711302965
0.85905564699
0.68402816393
0.3253239618
0.878360579484
0.365635327823
0.707843624768
-0.824041870556
-0.782807041318
-0.89900936269
-0.788586556821
0.0578504168152
-0.981171789622
0.0385468048572
-0.711069211717
0.107554994178
0.507509613591
-0.45398576364
-0.949741345872
0.0973537935237
0.342420946329
0.287546648641
-0.154451126893
-0.272995899795
-0.799282307259
0.751425476123
0.734707963193
-0.125149629685
0.167380745786
0.885992579
1.1384688698
0.0659939853681
0.381760931468
0.451448479971
-0.178582639216
-0.508173322142
0.342681404328
0.44388154581
-0.234173502741
0.364167588157
0.117964643254
-0.983887148804
0.841287047882
-0.52980628501
-0.198774545637
0.737478568758
-0.868643945432
0.125432120718
0.0808843117435
0.985156261581
0.151527263433
-0.657817859552
0.484531465554
-0.767431722549
-0.483587214466
-0.564655785131
-0.258173588789
0.0840666834312
-0.0669622404846
0.741038964509
0.179483855075
1.50761069438
0.108904202831
1.83918758896
-0.604135679346
-0.973883462789
-0.0910613820951
-0.855749218241
-0.512925503052
-0.157952046084
0.332198437955
1.26774608651
0.901108233113
-0.160436558204
0.0925802353138
-0.800580956001
-0.81102312253
-0.844100851865
0.826597719642
0.647291525866
0.0675337533951
-0.643258750168
0.444145703351
-0.623599878319
