4
0
3
2
1
136
-0.546524126621
0.442339336733
0.843385915778
0.536245005409
-0.668900041887
0.452252563338
-0.0553688208896
0.451553944517
1.05501854567
0.816808975667
-0.440645668846
-0.495826742225
-0.136346676898
0.467277580505
0.23290283906
-0.0702787197483
0.917849593555
0.770555418551
-0.740387705656
0.212221312962
-0.216102813604
-0.460179939791
0.909867784597
-0.156550966869
-0.0303229019101
-0.400410247883
0.795227820461
0.343287058464
0.0580706565919
-0.538931731204
-0.566347073663
0.803193724862
0.769903040948
1.96781223805
0.687976356388
-0.123356934502
-0.822547815143
-0.102343231514
-0.310914879284
0.824186213563
0.726660978793
0.603704028453
0.0295809691247
0.926942146935
0.620756502745
-0.277446214214
0.155964379216
-0.342377012452
-0.936756939803
-0.691720152407
0.540292809676
-0.747293380949
0.915711302965
0.85905564699
0.68402816393
0.0479531683768
0.878360579484
0.365635327823
-0.627995300431
-0.824041870556
-0.782807041318
-0.89900936269
-0.788586556821
0.0578504168152
-0.981171789622
-0.0591922655109
-0.806926932851
0.107554994178
0.507509613591
-0.45398576364
-0.949741345872
0.0973537935237
0.342420946329
0.287546648641
-0.154451126893
-0.683212559599
-0.90773492006
0.201437716449
0.734707963193
-0.125149629685
-0.24257852329
0.777597854196
0.588817118214
0.0659939853681
0.381760931468
0.451448479971
-0.178582639216
-0.508173322142
-0.0745437504422
0.44388154581
-0.234173502741
-0.583644509958
0.117964643254
-0.983887148804
0.841287047882
-0.52980628501
-0.198774545637
0.737478568758
-0.892252511853
0.105423121217
0.0808843117435
0.985156261581
0.151527263433
-0.657817859552
0.484531465554
-0.767431722549
-0.483587214466
-0.671504913368
-0.753185452581
0.0604634012244
-0.686307994503
0.741038964509
0.072856466216
1.01350004662
0.0853415302692
1.22087088975
-0.604135679346
-0.973883462789
-0.0910613820951
-0.855749218241
-0.512925503052
-0.722285194652
0.0900518515895
1.0257340415
-0.0371980217407
-0.160436558204
0.0925802353138
-0.800580956001
-0.81102312253
-0.844100851865
0.826597719642
0.592438350429
0.0675337533951
-0.658826440731
0.444145703351
-0.623599878319
