4
0
3
2
1
136
-0.543710322696
0.542968982967
0.847747735388
0.638020405705
-0.668900041887
0.455063532812
0.0451932154255
0.455913984809
1.15672180897
0.816808975667
-0.440645668846
-0.495826742225
-0.136346676898
0.467277580505
0.613097319835
-0.0487994188482
0.939326507885
1.8114622013
-0.740387705656
0.212221312962
-0.216102813604
-0.460179939791
0.909867784597
-0.156550966869
0.02916595852
-0.298891011332
0.795440943616
0.449681598749
0.164431427001
-0.432604710386
-0.566347073663
0.803193724862
0.769903040948
2.89795989124
0.687976356388
-0.0334841517053
-0.822547815143
-0.102343231514
-0.204621587789
0.930445795987
0.832886872382
0.603704028453
0.263521842833
0.973801938212
1.06686742451
-0.277446214214
0.155964379216
-0.108565308545
-0.889904713053
-0.245831140531
0.540292809676
-0.747293380949
0.915711302965
0.85905564699
0.68402816393
0.242905882649
0.878360579484
0.365635327823
0.198883263035
-0.824041870556
-0.782807041318
-0.89900936269
-0.788586556821
0.0578504168152
-0.981171789622
0.0107085096869
-0.752422645288
0.107554994178
0.507509613591
-0.45398576364
-0.949741345872
0.0973537935237
0.342420946329
0.287546648641
-0.154451126893
-0.402627742308
-0.835468328348
0.578314173506
0.734707963193
-0.125149629685
0.0378337406988
0.8498254712
0.965464633121
0.0659939853681
0.381760931468
0.451448479971
-0.178582639216
-0.508173322142
0.208445260973
0.44388154581
-0.234173502741
0.0108440312473
0.117964643254
-0.983887148804
0.841287047882
-0.52980628501
-0.198774545637
0.737478568758
-0.877311792733
0.118999513615
0.0808843117435
0.985156261581
0.151527263433
-0.657817859552
0.484531465554
-0.767431722549
-0.483587214466
-0.582752164076
-0.359291130471
0.0793260169539
-0.199870275084
0.741038964509
0.161401236341
1.40655955433
0.104167186835
1.70636106957
-0.604135679346
-0.973883462789
-0.0910613820951
-0.855749218241
-0.512925503052
-0.280678511702
0.293123665706
1.22867650513
0.631415674586
-0.160436558204
0.0925802353138
-0.800580956001
-0.81102312253
-0.844100851865
0.826597719642
0.63252630951
0.0675337533951
-0.645645623051
0.444145703351
-0.623599878319
