4
0
3
2
1
136
-0.542878098668
0.579117254955
0.84949054254
0.671501642107
-0.668900041887
0.455895655006
0.0813383685357
0.457656725565
1.19020020602
0.816808975667
-0.440645668846
-0.495826742225
-0.136346676898
0.467277580505
0.754058615482
-0.0414660418713
0.946659781872
2.3018623734
-0.740387705656
0.212221312962
-0.216102813604
-0.460179939791
0.909867784597
-0.156550966869
0.050746030525
-0.253570734587
0.7954975984
0.517271825146
0.232013712265
-0.365030364352
-0.566347073663
0.803193724862
0.769903040948
3.32032464957
0.687976356388
-0.00407213286003
-0.822547815143
-0.102343231514
-0.137055179085
0.998004269263
0.900437412129
0.603704028453
0.420672342888
1.02872516758
1.38615264894
-0.277446214214
0.155964379216
0.0484945518789
-0.834988456492
0.0732935101724
0.540292809676
-0.747293380949
0.915711302965
0.85905564699
0.68402816393
0.364841350818
0.878360579484
0.365635327823
1.05624628109
-0.824041870556
-0.782807041318
-0.89900936269
-0.788586556821
0.0578504168152
-0.981171789622
0.0511635779588
-0.679020549405
0.107554994178
0.507509613591
-0.45398576364
-0.949741345872
0.0973537935237
0.342420946329
0.287546648641
-0.154451126893
-0.203247404671
-0.777362303526
0.844145152878
0.734707963193
-0.125149629685
0.237099331593
0.907906306215
1.23115027303
0.0659939853681
0.381760931468
0.451448479971
-0.178582639216
-0.508173322142
0.418376812942
0.44388154581
-0.234173502741
0.610040721756
0.117964643254
-0.983887148804
0.841287047882
-0.52980628501
-0.198774545637
0.737478568758
-0.863236832817
0.128914799727
0.0808843117435
0.985156261581
0.151527263433
-0.657817859552
0.484531465554
-0.767431722549
-0.483587214466
-0.555804720925
-0.203885838629
0.0864355192349
0.0057561562854
0.741038964509
0.188331101909
1.56187854315
0.111271974235
1.91188065428
-0.604135679346
-0.973883462789
-0.0910613820951
-0.855749218241
-0.512925503052
-0.0901172021566
0.351419847234
1.28696618519
1.08686323711
-0.160436558204
0.0925802353138
-0.800580956001
-0.81102312253
-0.844100851865
0.826597719642
0.656160034454
0.0675337533951
-0.642149898228
0.444145703351
-0.623599878319
