4
0
3
2
1
136
-0.543007859947
0.573250133038
0.849198849291
0.666158970303
-0.668900041887
0.455765903126
0.0754715489555
0.457365038531
1.1848578013
0.816808975667
-0.440645668846
-0.495826742225
-0.136346676898
0.467277580505
0.731168820292
-0.0426454083468
0.945480425273
2.21792480454
-0.740387705656
0.212221312962
-0.216102813604
-0.460179939791
0.909867784597
-0.156550966869
0.0472689187026
-0.261200218281
0.795488990984
0.505248933626
0.219991810126
-0.377051277271
-0.566347073663
0.803193724862
0.769903040948
3.24845987345
0.687976356388
-0.00875225404275
-0.822547815143
-0.102343231514
-0.149075102942
0.985985334307
0.888419465915
0.603704028453
0.397718333304
1.01785098989
1.33803282257
-0.277446214214
0.155964379216
0.0255491229039
-0.845861673697
0.0251899937005
0.540292809676
-0.747293380949
0.915711302965
0.85905564699
0.68402816393
0.347679875569
0.878360579484
0.365635327823
0.89230264336
-0.824041870556
-0.782807041318
-0.89900936269
-0.788586556821
0.0578504168152
-0.981171789622
0.0457487991619
-0.694458505379
0.107554994178
0.507509613591
-0.45398576364
-0.949741345872
0.0973537935237
0.342420946329
0.287546648641
-0.154451126893
-0.234409811811
-0.78748093389
0.802852389132
0.734707963193
-0.125149629685
0.205948793192
0.897790134423
1.18987275877
0.0659939853681
0.381760931468
0.451448479971
-0.178582639216
-0.508173322142
0.384145039823
0.44388154581
-0.234173502741
0.493519845061
0.117964643254
-0.983887148804
0.841287047882
-0.52980628501
-0.198774545637
0.737478568758
-0.865715372404
0.127362874327
0.0808843117435
0.985156261581
0.151527263433
-0.657817859552
0.484531465554
-0.767431722549
-0.483587214466
-0.559712871411
-0.228308674004
0.0853871155041
-0.0270668645268
0.741038964509
0.184424442216
1.53746360515
0.110223989115
1.87906776167
-0.604135679346
-0.973883462789
-0.0910613820951
-0.855749218241
-0.512925503052
-0.120797473942
0.342916492664
1.27846333373
0.998727449871
-0.160436558204
0.0925802353138
-0.800580956001
-0.81102312253
-0.844100851865
0.826597719642
0.652088919415
0.0675337533951
-0.64263448808
0.444145703351
-0.623599878319
