4
0
3
2
1
136
-0.543091168097
0.569530163
0.849015766056
0.662753675024
-0.668900041887
0.455682601988
0.0717518017019
0.457181959916
1.18145270437
0.816808975667
-0.440645668846
-0.495826742225
-0.136346676898
0.467277580505
0.716653608865
-0.0433952875647
0.944730553354
2.16557735629
-0.740387705656
0.212221312962
-0.216102813604
-0.460179939791
0.909867784597
-0.156550966869
0.0450583224271
-0.265984208861
0.795483419623
0.497830011533
0.212573573737
-0.38446882808
-0.566347073663
0.803193724862
0.769903040948
3.20356678394
0.687976356388
-0.0117380808729
-0.822547815143
-0.102343231514
-0.156491968296
0.978569154284
0.881003971099
0.603704028453
0.38244701448
1.01133555995
1.30625883829
-0.277446214214
0.155964379216
0.0102845265053
-0.852376442759
-0.00657147354648
0.540292809676
-0.747293380949
0.915711302965
0.85905564699
0.68402816393
0.336120100821
0.878360579484
0.365635327823
0.793341228985
-0.824041870556
-0.782807041318
-0.89900936269
-0.788586556821
0.0578504168152
-0.981171789622
0.0420454111265
-0.703472525296
0.107554994178
0.507509613591
-0.45398576364
-0.949741345872
0.0973537935237
0.342420946329
0.287546648641
-0.154451126893
-0.254614807446
-0.79374762317
0.775950689907
0.734707963193
-0.125149629685
0.185752775994
0.89152533335
1.16298253978
0.0659939853681
0.381760931468
0.451448479971
-0.178582639216
-0.508173322142
0.362317186932
0.44388154581
-0.234173502741
0.423934845521
0.117964643254
-0.983887148804
0.841287047882
-0.52980628501
-0.198774545637
0.737478568758
-0.867269065125
0.126352326867
0.0808843117435
0.985156261581
0.151527263433
-0.657817859552
0.484531465554
-0.767431722549
-0.483587214466
-0.562285467506
-0.243988858011
0.0846989585274
-0.0480474984607
0.741038964509
0.181852991898
1.52178937565
0.109536151296
1.85809469507
-0.604135679346
-0.973883462789
-0.0910613820951
-0.855749218241
-0.512925503052
-0.140355465785
0.337333693814
1.27288092938
0.946196870976
-0.160436558204
0.0925802353138
-0.800580956001
-0.81102312253
-0.844100851865
0.826597719642
0.649545196696
0.0675337533951
-0.64295783373
0.444145703351
-0.623599878319
