4
0
3
2
1
136
-0.54619147255
0.452748749005
0.843818341961
0.547489605838
-0.668900041887
0.452584487197
-0.0449754124614
0.451985914207
1.06624509678
0.816808975667
-0.440645668846
-0.495826742225
-0.136346676898
0.467277580505
0.270471206978
-0.0679624167221
0.920165315362
0.85783379655
-0.740387705656
0.212221312962
-0.216102813604
-0.460179939791
0.909867784597
-0.156550966869
-0.0244373696415
-0.391805690543
0.795254482059
0.349614912407
0.0643954026947
-0.532610090548
-0.566347073663
0.803193724862
0.769903040948
2.0480251843
0.687976356388
-0.113459271007
-0.822547815143
-0.102343231514
-0.304596341684
0.830501650497
0.732973317447
0.603704028453
0.0381289980117
0.928473210273
0.636957004828
-0.277446214214
0.155964379216
-0.333831437274
-0.935226048775
-0.675524230513
0.540292809676
-0.747293380949
0.915711302965
0.85905564699
0.68402816393
0.0552581384342
0.878360579484
0.365635327823
-0.599997332271
-0.824041870556
-0.782807041318
-0.89900936269
-0.788586556821
0.0578504168152
-0.981171789622
-0.0565485733278
-0.805249144985
0.107554994178
0.507509613591
-0.45398576364
-0.949741345872
0.0973537935237
0.342420946329
0.287546648641
-0.154451126893
-0.672797087535
-0.905111179661
0.215649785757
0.734707963193
-0.125149629685
-0.232166813351
0.780220800091
0.60302360409
0.0659939853681
0.381760931468
0.451448479971
-0.178582639216
-0.508173322142
-0.0639906616375
0.44388154581
-0.234173502741
-0.562805025029
0.117964643254
-0.983887148804
0.841287047882
-0.52980628501
-0.198774545637
0.737478568758
-0.891735948328
0.105928165303
0.0808843117435
0.985156261581
0.151527263433
-0.657817859552
0.484531465554
-0.767431722549
-0.483587214466
-0.664322412007
-0.724199894178
0.0617137568006
-0.651742908637
0.741038964509
0.0800192214994
1.04240551805
0.0865891418646
1.25534666613
-0.604135679346
-0.973883462789
-0.0910613820951
-0.855749218241
-0.512925503052
-0.690986508387
0.107904074239
1.04356970587
0.00351967847041
-0.160436558204
0.0925802353138
-0.800580956001
-0.81102312253
-0.844100851865
0.826597719642
0.594752076412
0.0675337533951
-0.657717597145
0.444145703351
-0.623599878319
