4
0
3
2
1
136
-0.544178602865
0.524064583327
0.846882954834
0.619941675603
-0.668900041887
0.454595376263
0.0262923518899
0.455049283538
1.13864643828
0.816808975667
-0.440645668846
-0.495826742225
-0.136346676898
0.467277580505
0.539708890096
-0.0527027899765
0.935423255336
1.58034293463
-0.740387705656
0.212221312962
-0.216102813604
-0.460179939791
0.909867784597
-0.156550966869
0.0177859265958
-0.320896701908
0.795407633406
0.42078592467
0.135541574272
-0.461488744001
-0.566347073663
0.803193724862
0.769903040948
2.69614058463
0.687976356388
-0.0494335257677
-0.822547815143
-0.102343231514
-0.233499804529
0.901573393888
0.804020282689
0.603704028453
0.184499879185
0.956087886942
0.914441165277
-0.277446214214
0.155964379216
-0.187530656063
-0.907615556077
-0.398162244146
0.540292809676
-0.747293380949
0.915711302965
0.85905564699
0.68402816393
0.178438512371
0.878360579484
0.365635327823
-0.103648646021
-0.824041870556
-0.782807041318
-0.89900936269
-0.788586556821
0.0578504168152
-0.981171789622
-0.0120847889909
-0.773863828399
0.107554994178
0.507509613591
-0.45398576364
-0.949741345872
0.0973537935237
0.342420946329
0.287546648641
-0.154451126893
-0.49688271389
-0.860219970344
0.452625348448
0.734707963193
-0.125149629685
-0.0563502020091
0.82509018186
0.839866262179
0.0659939853681
0.381760931468
0.451448479971
-0.178582639216
-0.508173322142
0.11327164689
0.44388154581
-0.234173502741
-0.201790024695
0.117964643254
-0.983887148804
0.841287047882
-0.52980628501
-0.198774545637
0.737478568758
-0.882698763004
0.114417670262
0.0808843117435
0.985156261581
0.151527263433
-0.657817859552
0.484531465554
-0.767431722549
-0.483587214466
-0.599417827694
-0.443411394056
0.0751658000562
-0.307690871815
0.741038964509
0.144757488158
1.32253664942
0.100012279276
1.59865579037
-0.604135679346
-0.973883462789
-0.0910613820951
-0.855749218241
-0.512925503052
-0.379219095851
0.25699977984
1.19256197391
0.454426264888
-0.160436558204
0.0925802353138
-0.800580956001
-0.81102312253
-0.844100851865
0.826597719642
0.621904830783
0.0675337533951
-0.647970203029
0.444145703351
-0.623599878319
