4
0
3
2
1
136
-0.542849534268
0.580420905637
0.849555852798
0.672684136989
-0.668900041887
0.455924217563
0.082641959372
0.457722034601
1.19138264836
0.816808975667
-0.440645668846
-0.495826742225
-0.136346676898
0.467277580505
0.75914361525
-0.0412045400795
0.946921281709
2.32074155095
-0.740387705656
0.212221312962
-0.216102813604
-0.460179939791
0.909867784597
-0.156550966869
0.0515169820557
-0.251861655579
0.795499481487
0.519995864991
0.234737547162
-0.362306734373
-0.566347073663
0.803193724862
0.769903040948
3.3364696275
0.687976356388
-0.00303703142206
-0.822547815143
-0.102343231514
-0.134331753993
1.0007274895
0.903160427537
0.603704028453
0.425577324165
1.03123626131
1.39648243453
-0.277446214214
0.155964379216
0.053397932592
-0.832477562167
0.0836202049734
0.540292809676
-0.747293380949
0.915711302965
0.85905564699
0.68402816393
0.368472994765
0.878360579484
0.365635327823
1.09397729974
-0.824041870556
-0.782807041318
-0.89900936269
-0.788586556821
0.0578504168152
-0.981171789622
0.0522965267758
-0.675380987661
0.107554994178
0.507509613591
-0.45398576364
-0.949741345872
0.0973537935237
0.342420946329
0.287546648641
-0.154451126893
-0.196450022642
-0.775070463966
0.853107402175
0.734707963193
-0.125149629685
0.243894432261
0.91019767793
1.24010958137
0.0659939853681
0.381760931468
0.451448479971
-0.178582639216
-0.508173322142
0.425943921218
0.44388154581
-0.234173502741
0.637119034032
0.117964643254
-0.983887148804
0.841287047882
-0.52980628501
-0.198774545637
0.737478568758
-0.862683904473
0.129251528166
0.0808843117435
0.985156261581
0.151527263433
-0.657817859552
0.484531465554
-0.767431722549
-0.483587214466
-0.554961241351
-0.198514618529
0.0866621529679
0.0129976039992
0.741038964509
0.189174296587
1.56724823132
0.111498527532
1.91912012346
-0.604135679346
-0.973883462789
-0.0910613820951
-0.855749218241
-0.512925503052
-0.0833350230063
0.353259101843
1.28880534509
1.10738461053
-0.160436558204
0.0925802353138
-0.800580956001
-0.81102312253
-0.844100851865
0.826597719642
0.657073087744
0.0675337533951
-0.642046378627
0.444145703351
-0.623599878319
