4
0
3
2
1
136
-0.543702244941
0.54330371124
0.847763312926
0.638336833569
-0.668900041887
0.45507160897
0.045527896669
0.455929561317
1.15703819296
0.816808975667
-0.440645668846
-0.495826742225
-0.136346676898
0.467277580505
0.614400094595
-0.0487307489201
0.939395176246
1.81571062795
-0.740387705656
0.212221312962
-0.216102813604
-0.460179939791
0.909867784597
-0.156550966869
0.0293671476022
-0.29849044151
0.795441509522
0.450234076939
0.164983811487
-0.432052419574
-0.566347073663
0.803193724862
0.769903040948
2.90164993268
0.687976356388
-0.0332053484377
-0.822547815143
-0.102343231514
-0.20406939062
0.930997899543
0.833438882356
0.603704028453
0.265034182538
0.974178522953
1.06982575309
-0.277446214214
0.155964379216
-0.107054083644
-0.889528194555
-0.242874696538
0.540292809676
-0.747293380949
0.915711302965
0.85905564699
0.68402816393
0.244122093842
0.878360579484
0.365635327823
0.205142897526
-0.824041870556
-0.782807041318
-0.89900936269
-0.788586556821
0.0578504168152
-0.981171789622
0.0111317353821
-0.751955214511
0.107554994178
0.507509613591
-0.45398576364
-0.949741345872
0.0973537935237
0.342420946329
0.287546648641
-0.154451126893
-0.400810229223
-0.834982861172
0.580737788964
0.734707963193
-0.125149629685
0.0396498857621
0.85031062526
0.967886523441
0.0659939853681
0.381760931468
0.451448479971
-0.178582639216
-0.508173322142
0.210292235441
0.44388154581
-0.234173502741
0.015202963937
0.117964643254
-0.983887148804
0.841287047882
-0.52980628501
-0.198774545637
0.737478568758
-0.877201576665
0.119088603322
0.0808843117435
0.985156261581
0.151527263433
-0.657817859552
0.484531465554
-0.767431722549
-0.483587214466
-0.582471928893
-0.357810519035
0.0793979198041
-0.197949784783
0.741038964509
0.161681185375
1.40803883974
0.104239016484
1.70827996205
-0.604135679346
-0.973883462789
-0.0910613820951
-0.855749218241
-0.512925503052
-0.278915884949
0.293728640615
1.22928136602
0.634843684529
-0.160436558204
0.0925802353138
-0.800580956001
-0.81102312253
-0.844100851865
0.826597719642
0.632726332684
0.0675337533951
-0.645607514744
0.444145703351
-0.623599878319
