4
0
3
2
1
136
-0.543103956992
0.568962288876
0.848987942139
0.662232606228
-0.668900041887
0.455669814244
0.0711839639317
0.457154136755
1.18093166804
0.816808975667
-0.440645668846
-0.495826742225
-0.136346676898
0.467277580505
0.714437735701
-0.0435099070144
0.944615935097
2.15764576388
-0.740387705656
0.212221312962
-0.216102813604
-0.460179939791
0.909867784597
-0.156550966869
0.0447204748215
-0.266710828679
0.795482561241
0.496711610647
0.211455281602
-0.385587011485
-0.566347073663
0.803193724862
0.769903040948
3.19675927817
0.687976356388
-0.0121951530006
-0.822547815143
-0.102343231514
-0.157610042991
0.977451188278
0.879886113762
0.603704028453
0.380069460639
1.01036766639
1.30133141609
-0.277446214214
0.155964379216
0.00790809216834
-0.853344232085
-0.0114968304928
0.540292809676
-0.747293380949
0.915711302965
0.85905564699
0.68402816393
0.334310761845
0.878360579484
0.365635327823
0.778574306731
-0.824041870556
-0.782807041318
-0.89900936269
-0.788586556821
0.0578504168152
-0.981171789622
0.041461735985
-0.704797387178
0.107554994178
0.507509613591
-0.45398576364
-0.949741345872
0.0973537935237
0.342420946329
0.287546648641
-0.154451126893
-0.25772658765
-0.794695029013
0.771801542137
0.734707963193
-0.125149629685
0.182642470009
0.890578239834
1.15883527276
0.0659939853681
0.381760931468
0.451448479971
-0.178582639216
-0.508173322142
0.35897879638
0.44388154581
-0.234173502741
0.413591089849
0.117964643254
-0.983887148804
0.841287047882
-0.52980628501
-0.198774545637
0.737478568758
-0.867504435838
0.126196560597
0.0808843117435
0.985156261581
0.151527263433
-0.657817859552
0.484531465554
-0.767431722549
-0.483587214466
-0.562684632218
-0.246394870158
0.0845923547941
-0.0512602115816
0.741038964509
0.181454017415
1.51938434372
0.109429600339
1.85488322261
-0.604135679346
-0.973883462789
-0.0910613820951
-0.855749218241
-0.512925503052
-0.143346665625
0.336468372453
1.27201567412
0.93839241808
-0.160436558204
0.0925802353138
-0.800580956001
-0.81102312253
-0.844100851865
0.826597719642
0.649159751173
0.0675337533951
-0.64300830882
0.444145703351
-0.623599878319
