4
0
3
2
1
136
-0.544433528248
0.514170878763
0.846441219546
0.610310395707
-0.668900041887
0.454340550238
0.0164013810062
0.4546076115
1.12901782024
0.816808975667
-0.440645668846
-0.495826742225
-0.136346676898
0.467277580505
0.501502184824
-0.0547663232521
0.933359814602
1.46623780429
-0.740387705656
0.212221312962
-0.216102813604
-0.460179939791
0.909867784597
-0.156550966869
0.0118285665341
-0.331912741395
0.795389098297
0.407465645938
0.122224679305
-0.474802256803
-0.566347073663
0.803193724862
0.769903040948
2.59562979596
0.687976356388
-0.0579434910171
-0.822547815143
-0.102343231514
-0.246809936762
0.888266640626
0.790716906803
0.603704028453
0.150301043874
0.949256888946
0.849370719702
-0.277446214214
0.155964379216
-0.221708159952
-0.914445359296
-0.463196555879
0.540292809676
-0.747293380949
0.915711302965
0.85905564699
0.68402816393
0.150038887367
0.878360579484
0.365635327823
-0.224236714644
-0.824041870556
-0.782807041318
-0.89900936269
-0.788586556821
0.0578504168152
-0.981171789622
-0.0222817486695
-0.781846978584
0.107554994178
0.507509613591
-0.45398576364
-0.949741345872
0.0973537935237
0.342420946329
0.287546648641
-0.154451126893
-0.537626990745
-0.870734120977
0.398151013121
0.734707963193
-0.125149629685
-0.0970663220357
0.814582473482
0.785428678002
0.0659939853681
0.381760931468
0.451448479971
-0.178582639216
-0.508173322142
0.072301552788
0.44388154581
-0.234173502741
-0.287974079958
0.117964643254
-0.983887148804
0.841287047882
-0.52980628501
-0.198774545637
0.737478568758
-0.884872866318
0.112452221275
0.0808843117435
0.985156261581
0.151527263433
-0.657817859552
0.484531465554
-0.767431722549
-0.483587214466
-0.608702261367
-0.48736915809
0.0729631874748
-0.363040652903
0.741038964509
0.135489750824
1.27864914178
0.0978133654618
1.54338754339
-0.604135679346
-0.973883462789
-0.0910613820951
-0.855749218241
-0.512925503052
-0.42954622292
0.236659783434
1.17222983518
0.372928690873
-0.160436558204
0.0925802353138
-0.800580956001
-0.81102312253
-0.844100851865
0.826597719642
0.616896915093
0.0675337533951
-0.649309764649
0.444145703351
-0.623599878319
