4
0
3
2
1
136
-0.543162754869
0.566362259745
0.848860966163
0.659842679793
-0.668900041887
0.455611021925
0.0685841096574
0.457027164431
1.17854189816
0.816808975667
-0.440645668846
-0.495826742225
-0.136346676898
0.467277580505
0.704292393815
-0.044035194202
0.944090653654
2.121532108
-0.740387705656
0.212221312962
-0.216102813604
-0.460179939791
0.909867784597
-0.156550966869
0.0431723666191
-0.270025131145
0.795478604204
0.491639267329
0.206383450145
-0.390658331181
-0.566347073663
0.803193724862
0.769903040948
3.16574497257
0.687976356388
-0.0142921849074
-0.822547815143
-0.102343231514
-0.162680851027
0.972380891801
0.874816328743
0.603704028453
0.369036072086
1.00602783013
1.27853729618
-0.277446214214
0.155964379216
-0.00311984757879
-0.857683580495
-0.0342809689304
0.540292809676
-0.747293380949
0.915711302965
0.85905564699
0.68402816393
0.325881645861
0.878360579484
0.365635327823
0.712111936441
-0.824041870556
-0.782807041318
-0.89900936269
-0.788586556821
0.0578504168152
-0.981171789622
0.0387284566072
-0.710694230106
0.107554994178
0.507509613591
-0.45398576364
-0.949741345872
0.0973537935237
0.342420946329
0.287546648641
-0.154451126893
-0.272057040448
-0.799003059822
0.752678990716
0.734707963193
-0.125149629685
0.168319121658
0.8862717229
1.13972176952
0.0659939853681
0.381760931468
0.451448479971
-0.178582639216
-0.508173322142
0.343679591695
0.44388154581
-0.234173502741
0.367144872419
0.117964643254
-0.983887148804
0.841287047882
-0.52980628501
-0.198774545637
0.737478568758
-0.868574625062
0.125479120606
0.0808843117435
0.985156261581
0.151527263433
-0.657817859552
0.484531465554
-0.767431722549
-0.483587214466
-0.564533960799
-0.257450497687
0.0840991333737
-0.0659995502867
0.741038964509
0.179605615672
1.508333461
0.108936635201
1.84014987081
-0.604135679346
-0.973883462789
-0.0910613820951
-0.855749218241
-0.512925503052
-0.157057259911
0.332462189791
1.2680098159
0.90335417005
-0.160436558204
0.0925802353138
-0.800580956001
-0.81102312253
-0.844100851865
0.826597719642
0.647405318503
0.0675337533951
-0.643243215141
0.444145703351
-0.623599878319
