4
0
3
2
1
136
-0.542821423191
0.581708192007
0.849620523219
0.673850152433
-0.668900041887
0.455952326901
0.0839291890535
0.457786703866
1.19254861414
0.816808975667
-0.440645668846
-0.495826742225
-0.136346676898
0.467277580505
0.764164304504
-0.0409465148849
0.947179305054
2.33946530568
-0.740387705656
0.212221312962
-0.216102813604
-0.460179939791
0.909867784597
-0.156550966869
0.052277646355
-0.250169134065
0.795501330544
0.522704230432
0.237445715408
-0.359598763295
-0.566347073663
0.803193724862
0.769903040948
3.35247529763
0.687976356388
-0.00201662681284
-0.822547815143
-0.102343231514
-0.131623980054
1.00343506633
0.905867807282
0.603704028453
0.430350054316
1.03374811319
1.40654690405
-0.277446214214
0.155964379216
0.0581691819521
-0.829965902147
0.0936817996721
0.540292809676
-0.747293380949
0.915711302965
0.85905564699
0.68402816393
0.371994084642
0.878360579484
0.365635327823
1.13169702083
-0.824041870556
-0.782807041318
-0.89900936269
-0.788586556821
0.0578504168152
-0.981171789622
0.0533906572851
-0.67171090917
0.107554994178
0.507509613591
-0.45398576364
-0.949741345872
0.0973537935237
0.342420946329
0.287546648641
-0.154451126893
-0.189785045674
-0.772790488465
0.861875596739
0.734707963193
-0.125149629685
0.250557275042
0.912477217019
1.24887502204
0.0659939853681
0.381760931468
0.451448479971
-0.178582639216
-0.508173322142
0.433400827365
0.44388154581
-0.234173502741
0.66429909905
0.117964643254
-0.983887148804
0.841287047882
-0.52980628501
-0.198774545637
0.737478568758
-0.862137806999
0.129580866137
0.0808843117435
0.985156261581
0.151527263433
-0.657817859552
0.484531465554
-0.767431722549
-0.483587214466
-0.554137250438
-0.193231847909
0.0868836443083
0.0201276126083
0.741038964509
0.189998021134
1.57252956214
0.11171994354
1.92624826795
-0.604135679346
-0.973883462789
-0.0910613820951
-0.855749218241
-0.512925503052
-0.0766525220323
0.355057363266
1.29060351842
1.12799988467
-0.160436558204
0.0925802353138
-0.800580956001
-0.81102312253
-0.844100851865
0.826597719642
0.657977292975
0.0675337533951
-0.641945622169
0.444145703351
-0.623599878319
