4
0
3
2
1
136
-0.54595354882
0.460416616721
0.844138020082
0.555650734223
-0.668900041887
0.452821981392
-0.0373172623637
0.452305323785
1.07439548798
0.816808975667
-0.440645668846
-0.495826742225
-0.136346676898
0.467277580505
0.298505727614
-0.0662730138438
0.921854369361
0.924884433113
-0.740387705656
0.212221312962
-0.216102813604
-0.460179939791
0.909867784597
-0.156550966869
-0.0200356929942
-0.385173058272
0.795273335822
0.354814437007
0.0695924896641
-0.527415439365
-0.566347073663
0.803193724862
0.769903040948
2.1093780122
0.687976356388
-0.106262996468
-0.822547815143
-0.102343231514
-0.299404124446
0.835691435631
0.738160672315
0.603704028453
0.045663153915
0.929826089727
0.651230283354
-0.277446214214
0.155964379216
-0.326299574915
-0.93387332723
-0.661255199263
0.540292809676
-0.747293380949
0.915711302965
0.85905564699
0.68402816393
0.0616885355578
0.878360579484
0.365635327823
-0.575279279669
-0.824041870556
-0.782807041318
-0.89900936269
-0.788586556821
0.0578504168152
-0.981171789622
-0.0542210593101
-0.803761934437
0.107554994178
0.507509613591
-0.45398576364
-0.949741345872
0.0973537935237
0.342420946329
0.287546648641
-0.154451126893
-0.663630107127
-0.902799438603
0.228138730441
0.734707963193
-0.125149629685
-0.223003322251
0.782531799643
0.615507423775
0.0659939853681
0.381760931468
0.451448479971
-0.178582639216
-0.508173322142
-0.0547099771627
0.44388154581
-0.234173502741
-0.544444976471
0.117964643254
-0.983887148804
0.841287047882
-0.52980628501
-0.198774545637
0.737478568758
-0.89128046344
0.106372286729
0.0808843117435
0.985156261581
0.151527263433
-0.657817859552
0.484531465554
-0.767431722549
-0.483587214466
-0.65845647959
-0.700442415171
0.0627608110579
-0.623328629216
0.741038964509
0.0858682648242
1.06609598246
0.0876337930268
1.28368621216
-0.604135679346
-0.973883462789
-0.0910613820951
-0.855749218241
-0.512925503052
-0.66526397412
0.122238816573
1.05789116746
0.0373322855764
-0.160436558204
0.0925802353138
-0.800580956001
-0.81102312253
-0.844100851865
0.826597719642
0.596694785837
0.0675337533951
-0.656814156989
0.444145703351
-0.623599878319
