4
0
3
2
1
136
-0.545200221493
0.485985483123
0.845216658606
0.582174127782
-0.668900041887
0.45357436071
-0.0117709747764
0.453383368433
1.1008947542
0.816808975667
-0.440645668846
-0.495826742225
-0.136346676898
0.467277580505
0.39386663207
-0.0607321032945
0.927394483226
1.16630347673
-0.740387705656
0.212221312962
-0.216102813604
-0.460179939791
0.909867784597
-0.156550966869
-0.00504276285784
-0.361280197839
0.795331772443
0.375996555273
0.0907657608155
-0.506251009066
-0.566347073663
0.803193724862
0.769903040948
2.32822998249
0.687976356388
-0.082827046434
-0.822547815143
-0.102343231514
-0.278248528744
0.856838202986
0.759298617569
0.603704028453
0.0814314984526
0.936307152026
0.718939715746
-0.277446214214
0.155964379216
-0.290543926585
-0.927393095394
-0.593568793662
0.540292809676
-0.747293380949
0.915711302965
0.85905564699
0.68402816393
0.0921034781939
0.878360579484
0.365635327823
-0.457230465204
-0.824041870556
-0.782807041318
-0.89900936269
-0.788586556821
0.0578504168152
-0.981171789622
-0.0432111484944
-0.796572557866
0.107554994178
0.507509613591
-0.45398576364
-0.949741345872
0.0973537935237
0.342420946329
0.287546648641
-0.154451126893
-0.620284484088
-0.891833827272
0.286952610133
0.734707963193
-0.125149629685
-0.179676573631
0.793493332584
0.674294312702
0.0659939853681
0.381760931468
0.451448479971
-0.178582639216
-0.508173322142
-0.0109144634706
0.44388154581
-0.234173502741
-0.457281671084
0.117964643254
-0.983887148804
0.841287047882
-0.52980628501
-0.198774545637
0.737478568758
-0.889112755287
0.108467916522
0.0808843117435
0.985156261581
0.151527263433
-0.657817859552
0.484531465554
-0.767431722549
-0.483587214466
-0.635903024346
-0.607332686395
0.0670609635439
-0.510989454376
0.741038964509
0.108355512843
1.15894921031
0.09192369542
1.39573834686
-0.604135679346
-0.973883462789
-0.0910613820951
-0.855749218241
-0.512925503052
-0.56360213203
0.175501367391
1.11110820036
0.175152690452
-0.160436558204
0.0925802353138
-0.800580956001
-0.81102312253
-0.844100851865
0.826597719642
0.604817646812
0.0675337533951
-0.653365715193
0.444145703351
-0.623599878319
