4
0
3
2
1
136
-0.542970288956
0.574939690793
0.849282476483
0.667701013837
-0.668900041887
0.455803471213
0.0771610138171
0.457448663807
1.18639976249
0.816808975667
-0.440645668846
-0.495826742225
-0.136346676898
0.467277580505
0.737761013045
-0.0423053689936
0.945820461587
2.24192375413
-0.740387705656
0.212221312962
-0.216102813604
-0.460179939791
0.909867784597
-0.156550966869
0.048271438702
-0.259013658798
0.795491492058
0.508671117447
0.223413697624
-0.373629686046
-0.566347073663
0.803193724862
0.769903040948
3.2690215432
0.687976356388
-0.00740087775858
-0.822547815143
-0.102343231514
-0.14565380794
0.989406333136
0.891840168622
0.603704028453
0.404473793863
1.02090887483
1.35215304468
-0.277446214214
0.155964379216
0.0323018691132
-0.842804075842
0.039305100331
0.540292809676
-0.747293380949
0.915711302965
0.85905564699
0.68402816393
0.352758118939
0.878360579484
0.365635327823
0.938527292966
-0.824041870556
-0.782807041318
-0.89900936269
-0.788586556821
0.0578504168152
-0.981171789622
0.0473615193347
-0.69016856496
0.107554994178
0.507509613591
-0.45398576364
-0.949741345872
0.0973537935237
0.342420946329
0.287546648641
-0.154451126893
-0.225343351984
-0.784598117221
0.814895734378
0.734707963193
-0.125149629685
0.215011555896
0.900672180676
1.20191136302
0.0659939853681
0.381760931468
0.451448479971
-0.178582639216
-0.508173322142
0.394030130611
0.44388154581
-0.234173502741
0.526201749701
0.117964643254
-0.983887148804
0.841287047882
-0.52980628501
-0.198774545637
0.737478568758
-0.865004226084
0.127815495294
0.0808843117435
0.985156261581
0.151527263433
-0.657817859552
0.484531465554
-0.767431722549
-0.483587214466
-0.558568669746
-0.221235424357
0.0856937310007
-0.0175785769123
0.741038964509
0.185568177301
1.54453440293
0.110530474008
1.88855291682
-0.604135679346
-0.973883462789
-0.0910613820951
-0.855749218241
-0.512925503052
-0.111938948326
0.345403071384
1.28094975369
1.02342266015
-0.160436558204
0.0925802353138
-0.800580956001
-0.81102312253
-0.844100851865
0.826597719642
0.653254349556
0.0675337533951
-0.642491778796
0.444145703351
-0.623599878319
