4
0
3
2
1
136
-0.546800907931
0.433945995762
0.843037861683
0.527032640674
-0.668900041887
0.451976519639
-0.0637465235403
0.451206351886
1.04582419745
0.816808975667
-0.440645668846
-0.495826742225
-0.136346676898
0.467277580505
0.203056568547
-0.0721669500892
0.915961938385
0.703211885185
-0.740387705656
0.212221312962
-0.216102813604
-0.460179939791
0.909867784597
-0.156550966869
-0.0349831827984
-0.407012900709
0.795205378284
0.338738034206
0.0535239599519
-0.543476102033
-0.566347073663
0.803193724862
0.769903040948
1.9056624783
0.687976356388
-0.13144752332
-0.822547815143
-0.102343231514
-0.31545692611
0.819646488936
0.722123574561
0.603704028453
0.0238418006241
0.925916216128
0.609875238183
-0.277446214214
0.155964379216
-0.348114618884
-0.937782758919
-0.702598479923
0.540292809676
-0.747293380949
0.915711302965
0.85905564699
0.68402816393
0.0430432852338
0.878360579484
0.365635327823
-0.646768926402
-0.824041870556
-0.782807041318
-0.89900936269
-0.788586556821
0.0578504168152
-0.981171789622
-0.0609688862078
-0.808048116195
0.107554994178
0.507509613591
-0.45398576364
-0.949741345872
0.0973537935237
0.342420946329
0.287546648641
-0.154451126893
-0.6902142105
-0.909497053829
0.191870459923
0.734707963193
-0.125149629685
-0.249577763006
0.775836226772
0.57925347439
0.0659939853681
0.381760931468
0.451448479971
-0.178582639216
-0.508173322142
-0.0816430547189
0.44388154581
-0.234173502741
-0.597643147784
0.117964643254
-0.983887148804
0.841287047882
-0.52980628501
-0.198774545637
0.737478568758
-0.892599257781
0.105083344305
0.0808843117435
0.985156261581
0.151527263433
-0.657817859552
0.484531465554
-0.767431722549
-0.483587214466
-0.676644638679
-0.773901443876
0.0595871318545
-0.710954567746
0.741038964509
0.0677300317496
0.992839339373
0.0844670809567
1.19628601204
-0.604135679346
-0.973883462789
-0.0910613820951
-0.855749218241
-0.512925503052
-0.744607980261
0.0770677527219
1.01276178783
-0.0659966455494
-0.160436558204
0.0925802353138
-0.800580956001
-0.81102312253
-0.844100851865
0.826597719642
0.59081791955
0.0675337533951
-0.65962153794
0.444145703351
-0.623599878319
