4
0
3
2
1
136
-0.54363311785
0.546180562501
0.847897597446
0.641051273332
-0.668900041887
0.455140723015
0.0484043620686
0.456063837409
1.15975227373
0.816808975667
-0.440645668846
-0.495826742225
-0.136346676898
0.467277580505
0.625600451395
-0.0481411749348
0.939984737393
1.8524490522
-0.740387705656
0.212221312962
-0.216102813604
-0.460179939791
0.909867784597
-0.156550966869
0.0310955703894
-0.295032438984
0.795446340012
0.455040598684
0.169789542739
-0.427247478564
-0.566347073663
0.803193724862
0.769903040948
2.93353268783
0.687976356388
-0.0308142366016
-0.822547815143
-0.102343231514
-0.199265239605
0.935801260814
0.838241454131
0.603704028453
0.278112338416
0.977512496049
1.09548914066
-0.277446214214
0.155964379216
-0.0939855104811
-0.886194799616
-0.217227554183
0.540292809676
-0.747293380949
0.915711302965
0.85905564699
0.68402816393
0.254609486096
0.878360579484
0.365635327823
0.260250789933
-0.824041870556
-0.782807041318
-0.89900936269
-0.788586556821
0.0578504168152
-0.981171789622
0.0147680807721
-0.747796136832
0.107554994178
0.507509613591
-0.45398576364
-0.949741345872
0.0973537935237
0.342420946329
0.287546648641
-0.154451126893
-0.385052040741
-0.830756162975
0.601755448133
0.734707963193
-0.125149629685
0.0553963316055
0.854534642837
0.988889385513
0.0659939853681
0.381760931468
0.451448479971
-0.178582639216
-0.508173322142
0.22633455832
0.44388154581
-0.234173502741
0.0535307969599
0.117964643254
-0.983887148804
0.841287047882
-0.52980628501
-0.198774545637
0.737478568758
-0.87623403543
0.11986243192
0.0808843117435
0.985156261581
0.151527263433
-0.657817859552
0.484531465554
-0.767431722549
-0.483587214466
-0.580086172427
-0.345106807598
0.0800123037121
-0.181439774457
0.741038964509
0.164064607304
1.42073166291
0.104852799097
1.72477681515
-0.604135679346
-0.973883462789
-0.0910613820951
-0.855749218241
-0.512925503052
-0.263750898269
0.298877628007
1.23442943202
0.664788124591
-0.160436558204
0.0925802353138
-0.800580956001
-0.81102312253
-0.844100851865
0.826597719642
0.634461884754
0.0675337533951
-0.645284482435
0.444145703351
-0.623599878319
