4
0
3
2
1
136
-0.54388545901
0.535784778251
0.847415690579
0.631198595131
-0.668900041887
0.454888435179
0.0380101377139
0.455581964904
1.14990105681
0.816808975667
-0.440645668846
-0.495826742225
-0.136346676898
0.467277580505
0.585160160262
-0.0502769254053
0.937849038958
1.72159212498
-0.740387705656
0.212221312962
-0.216102813604
-0.460179939791
0.909867784597
-0.156550966869
0.024844414372
-0.307397973453
0.79542860052
0.438165708893
0.152917631818
-0.444116411622
-0.566347073663
0.803193724862
0.769903040948
2.81974243918
0.687976356388
-0.0394980109602
-0.822547815143
-0.102343231514
-0.216131195805
0.918938280464
0.821381448626
0.603704028453
0.231781491002
0.966271040941
1.00518294907
-0.277446214214
0.155964379216
-0.140282248566
-0.897434256344
-0.307476212175
0.540292809676
-0.747293380949
0.915711302965
0.85905564699
0.68402816393
0.217221543877
0.878360579484
0.365635327823
0.0721870778096
-0.824041870556
-0.782807041318
-0.89900936269
-0.788586556821
0.0578504168152
-0.981171789622
0.00170431206852
-0.761669224954
0.107554994178
0.507509613591
-0.45398576364
-0.949741345872
0.0973537935237
0.342420946329
0.287546648641
-0.154451126893
-0.440603892453
-0.845530415302
0.527687749377
0.734707963193
-0.125149629685
-0.000113493342255
0.839770030739
0.914874777406
0.0659939853681
0.381760931468
0.451448479971
-0.178582639216
-0.508173322142
0.169980851206
0.44388154581
-0.234173502741
-0.0776803024015
0.117964643254
-0.983887148804
0.841287047882
-0.52980628501
-0.198774545637
0.737478568758
-0.879554606662
0.117145193979
0.0808843117435
0.985156261581
0.151527263433
-0.657817859552
0.484531465554
-0.767431722549
-0.483587214466
-0.588896581882
-0.391172847019
0.0777644882901
-0.241033076584
0.741038964509
0.15526375001
1.3747094549
0.102607399166
1.66523611173
-0.604135679346
-0.973883462789
-0.0910613820951
-0.855749218241
-0.512925503052
-0.31839079842
0.279844869153
1.21540053844
0.560480386267
-0.160436558204
0.0925802353138
-0.800580956001
-0.81102312253
-0.844100851865
0.826597719642
0.628331540069
0.0675337533951
-0.646489634649
0.444145703351
-0.623599878319
