4
0
3
2
1
136
-0.544248657832
0.521318584271
0.846759650315
0.617280574832
-0.668900041887
0.454525345988
0.0235470396201
0.454925994767
1.13598600166
0.816808975667
-0.440645668846
-0.495826742225
-0.136346676898
0.467277580505
0.529087829826
-0.0532740426346
0.934852025863
1.54820456098
-0.740387705656
0.212221312962
-0.216102813604
-0.460179939791
0.909867784597
-0.156550966869
0.0161319033706
-0.323989596788
0.795402567294
0.416965695444
0.131722265572
-0.46530713259
-0.566347073663
0.803193724862
0.769903040948
2.66789384115
0.687976356388
-0.0517840744306
-0.822547815143
-0.102343231514
-0.237317273419
0.897756844282
0.800204651953
0.603704028453
0.174450949405
0.954042802139
0.895284071572
-0.277446214214
0.155964379216
-0.197573036062
-0.909660276312
-0.417308288829
0.540292809676
-0.747293380949
0.915711302965
0.85905564699
0.68402816393
0.17012204959
0.878360579484
0.365635327823
-0.139547004457
-0.824041870556
-0.782807041318
-0.89900936269
-0.788586556821
0.0578504168152
-0.981171789622
-0.0150640512558
-0.776270218729
0.107554994178
0.507509613591
-0.45398576364
-0.949741345872
0.0973537935237
0.342420946329
0.287546648641
-0.154451126893
-0.508842701899
-0.863315404073
0.436651263031
0.734707963193
-0.125149629685
-0.0683016551866
0.821996707829
0.82390323918
0.0659939853681
0.381760931468
0.451448479971
-0.178582639216
-0.508173322142
0.101242843671
0.44388154581
-0.234173502741
-0.227348079843
0.117964643254
-0.983887148804
0.841287047882
-0.52980628501
-0.198774545637
0.737478568758
-0.883344526451
0.113840219273
0.0808843117435
0.985156261581
0.151527263433
-0.657817859552
0.484531465554
-0.767431722549
-0.483587214466
-0.601962372628
-0.455644130726
0.074553213181
-0.323160560206
0.741038964509
0.142217189771
1.31032203754
0.0994006592154
1.583207241
-0.604135679346
-0.973883462789
-0.0910613820951
-0.855749218241
-0.512925503052
-0.393299470882
0.251445156357
1.18700929274
0.431117570769
-0.160436558204
0.0925802353138
-0.800580956001
-0.81102312253
-0.844100851865
0.826597719642
0.62047598934
0.0675337533951
-0.648334456222
0.444145703351
-0.623599878319
