4
0
3
2
1
136
0.457260161032
-0.78517001968
0.120632921587
-0.477920821938
0.731620888425
-0.985896576585
0.719207191808
-0.848919328133
0.967879581093
-0.206148253119
-0.844611633722
0.753104955419
0.31177309864
-0.989008969419
0.399505414702
0.385772353722
-0.918355670372
0.944431298437
0.442683614171
0.633676384472
0.541671472831
-0.217106278727
0.402610617009
0.0794071756768
0.72533828361
-0.853121008783
-0.977080781759
0.559299076578
0.0252248521697
-0.931764528933
-0.37141279685
-0.666631896108
-0.291384701993
1.42613914839
-0.923177382774
0.916365066547
0.13952757069
-0.200406291451
0.873389154657
-0.120916283723
0.717484938023
-0.407551581222
0.204380680891
-0.958374623706
0.685724876759
0.708281213852
-0.207320968033
-0.961072889739
0.0833538230662
-0.804346478115
0.395567061295
-0.372358144143
0.644246950645
-0.560741409989
0.887613233366
0.074779511079
0.0249241149426
0.270352889772
1.01319112499
0.770552295307
-0.113329695897
0.593746283323
-0.0692156549379
0.308223783161
-0.925003413907
-0.540281936643
0.232776865724
-0.800810246359
-0.413623846621
-0.345642427457
-0.384551154654
-0.366611219086
0.906863550535
0.723528304794
0.134136593497
0.725749840677
0.905825283698
-0.765847568725
-0.0284945552565
-0.128632744751
0.143917635939
0.603942327163
0.811362591351
0.167821372003
0.415753662098
0.72020036289
0.964567217668
-0.723619704565
0.0425674537381
0.488099227411
-0.0245252243888
0.567614019603
-0.55109349169
-0.3233259529
0.698084332482
-0.865970557334
0.840419622854
0.916167658693
-0.0389232027838
-0.420586461425
-0.402689060303
-0.57105922015
0.641896697221
-0.960390287718
0.109943654647
-0.685791212527
0.243679258584
-0.273492420852
-0.311245365587
0.505130053984
0.79216477659
0.0220383348954
0.958483271292
-0.182087448837
-0.0262072456084
-0.114950893497
-0.357171856114
-0.306852882494
-0.240947122158
-0.309623945315
0.658174301327
0.805670985679
-0.923820453327
-0.148219053257
0.022120858675
-0.371845374049
0.632881688671
-0.692969295025
0.58635664661
0.534357715074
0.0948878780752
0.702011817322
-0.46616594752
0.404385897594
-0.199854509962
0.977326749477
