4
0
3
2
1
136
-0.543532398509
0.550412164983
0.848096449998
0.645027446896
-0.668900041887
0.455241425226
0.0526354529934
0.456262678867
1.16372797428
0.816808975667
-0.440645668846
-0.495826742225
-0.136346676898
0.467277580505
0.642085493874
-0.047275944427
0.940849950916
1.90722118922
-0.740387705656
0.212221312962
-0.216102813604
-0.460179939791
0.909867784597
-0.156550966869
0.0336353369038
-0.289896728783
0.795453338109
0.462299214843
0.177047045567
-0.419991088739
-0.566347073663
0.803193724862
0.769903040948
2.9809790058
0.687976356388
-0.0273135908318
-0.822547815143
-0.102343231514
-0.192009962454
0.943055425619
0.845494506918
0.603704028453
0.297505725274
0.982739496313
1.13382896164
-0.277446214214
0.155964379216
-0.0746060102972
-0.88096867087
-0.178911454718
0.540292809676
-0.747293380949
0.915711302965
0.85905564699
0.68402816393
0.270059186714
0.878360579484
0.365635327823
0.345559302359
-0.824041870556
-0.782807041318
-0.89900936269
-0.788586556821
0.0578504168152
-0.981171789622
0.0200790622563
-0.741200595414
0.107554994178
0.507509613591
-0.45398576364
-0.949741345872
0.0973537935237
0.342420946329
0.287546648641
-0.154451126893
-0.361521547364
-0.824377842347
0.633157139166
0.734707963193
-0.125149629685
0.0789098196986
0.860909108863
1.02026966609
0.0659939853681
0.381760931468
0.451448479971
-0.178582639216
-0.508173322142
0.250399702632
0.44388154581
-0.234173502741
0.112734743953
0.117964643254
-0.983887148804
0.841287047882
-0.52980628501
-0.198774545637
0.737478568758
-0.87474722098
0.121022704813
0.0808843117435
0.985156261581
0.151527263433
-0.657817859552
0.484531465554
-0.767431722549
-0.483587214466
-0.576651997013
-0.326498995053
0.0809033454587
-0.157153556383
0.741038964509
0.167495731316
1.43932503799
0.105743043662
1.74904547535
-0.604135679346
-0.973883462789
-0.0910613820951
-0.855749218241
-0.512925503052
-0.241402560285
0.306286827657
1.24183745185
0.710482185477
-0.160436558204
0.0925802353138
-0.800580956001
-0.81102312253
-0.844100851865
0.826597719642
0.637067220179
0.0675337533951
-0.644823968352
0.444145703351
-0.623599878319
