4
0
3
2
1
136
-0.542999771275
0.573613250043
0.849216797182
0.666490624819
-0.668900041887
0.455773991159
0.0758346455776
0.457382986001
1.18518943772
0.816808975667
-0.440645668846
-0.495826742225
-0.136346676898
0.467277580505
0.732585633867
-0.0425722990408
0.945553533912
2.22307084246
-0.740387705656
0.212221312962
-0.216102813604
-0.460179939791
0.909867784597
-0.156550966869
0.0474844594287
-0.260731007442
0.79548953005
0.505981667702
0.220724479727
-0.376318672133
-0.566347073663
0.803193724862
0.769903040948
3.25286988156
0.687976356388
-0.0084615691427
-0.822547815143
-0.102343231514
-0.148342562257
0.98671781055
0.889151877728
0.603704028453
0.39917993037
1.01850305266
1.34108464869
-0.277446214214
0.155964379216
0.0270101192204
-0.845209673336
0.0282406908838
0.540292809676
-0.747293380949
0.915711302965
0.85905564699
0.68402816393
0.348780478355
0.878360579484
0.365635327823
0.902169808532
-0.824041870556
-0.782807041318
-0.89900936269
-0.788586556821
0.0578504168152
-0.981171789622
0.046099062352
-0.693546976241
0.107554994178
0.507509613591
-0.45398576364
-0.949741345872
0.0973537935237
0.342420946329
0.287546648641
-0.154451126893
-0.232455201845
-0.786863366147
0.805450481076
0.734707963193
-0.125149629685
0.207902588876
0.898407532125
1.19246980723
0.0659939853681
0.381760931468
0.451448479971
-0.178582639216
-0.508173322142
0.386271216639
0.44388154581
-0.234173502741
0.500485860447
0.117964643254
-0.983887148804
0.841287047882
-0.52980628501
-0.198774545637
0.737478568758
-0.865562775482
0.127460510606
0.0808843117435
0.985156261581
0.151527263433
-0.657817859552
0.484531465554
-0.767431722549
-0.483587214466
-0.559465682622
-0.226785870141
0.0854533293318
-0.025025372248
0.741038964509
0.184671528022
1.53898586927
0.110290174148
1.88110856525
-0.604135679346
-0.973883462789
-0.0910613820951
-0.855749218241
-0.512925503052
-0.118892195079
0.34345348815
1.27900029407
1.00398969125
-0.160436558204
0.0925802353138
-0.800580956001
-0.81102312253
-0.844100851865
0.826597719642
0.652338883594
0.0675337533951
-0.64260359978
0.444145703351
-0.623599878319
