4
0
3
2
1
136
-0.543611396218
0.54708913884
0.847940158701
0.641906657779
-0.668900041887
0.455162440771
0.0493128231323
0.456106396155
1.1606075513
0.816808975667
-0.440645668846
-0.495826742225
-0.136346676898
0.467277580505
0.629139022716
-0.0479552015791
0.940170706917
1.86413568323
-0.740387705656
0.212221312962
-0.216102813604
-0.460179939791
0.909867784597
-0.156550966869
0.0316411631909
-0.29393466462
0.795447853287
0.456580224276
0.171328924277
-0.425708341008
-0.566347073663
0.803193724862
0.769903040948
2.94366476277
0.687976356388
-0.0300609562277
-0.822547815143
-0.102343231514
-0.197726345955
0.937339910632
0.839779860191
0.603704028453
0.282265984331
0.978602087259
1.10367131837
-0.277446214214
0.155964379216
-0.0898348780138
-0.885105393818
-0.209050504138
0.540292809676
-0.747293380949
0.915711302965
0.85905564699
0.68402816393
0.257928877555
0.878360579484
0.365635327823
0.278141748164
-0.824041870556
-0.782807041318
-0.89900936269
-0.788586556821
0.0578504168152
-0.981171789622
0.0159139289376
-0.746428799726
0.107554994178
0.507509613591
-0.45398576364
-0.949741345872
0.0973537935237
0.342420946329
0.287546648641
-0.154451126893
-0.38003013344
-0.829402061317
0.608455353149
0.734707963193
-0.125149629685
0.0604145497822
0.855887905269
0.995584644765
0.0659939853681
0.381760931468
0.451448479971
-0.178582639216
-0.508173322142
0.231458713553
0.44388154581
-0.234173502741
0.0659581485705
0.117964643254
-0.983887148804
0.841287047882
-0.52980628501
-0.198774545637
0.737478568758
-0.875921054809
0.12010957651
0.0808843117435
0.985156261581
0.151527263433
-0.657817859552
0.484531465554
-0.767431722549
-0.483587214466
-0.579341230766
-0.341103221078
0.0802049404949
-0.176224749548
0.741038964509
0.164808856606
1.42473199506
0.105045256133
1.729987894
-0.604135679346
-0.973883462789
-0.0910613820951
-0.855749218241
-0.512925503052
-0.258956141282
0.300484983987
1.23603651781
0.674429619598
-0.160436558204
0.0925802353138
-0.800580956001
-0.81102312253
-0.844100851865
0.826597719642
0.635016068151
0.0675337533951
-0.645184135239
0.444145703351
-0.623599878319
