4
0
3
2
1
136
-0.542989797156
0.57406148277
0.849238971057
0.666899837993
-0.668900041887
0.455783964501
0.0762828534629
0.457405159363
1.18559862887
0.816808975667
-0.440645668846
-0.495826742225
-0.136346676898
0.467277580505
0.734334531367
-0.0424820743077
0.94564375783
2.22943201967
-0.740387705656
0.212221312962
-0.216102813604
-0.460179939791
0.909867784597
-0.156550966869
0.0477504628355
-0.260151267306
0.795490194311
0.50688824059
0.221630973625
-0.375412257212
-0.566347073663
0.803193724862
0.769903040948
3.25832045659
0.687976356388
-0.00810293517348
-0.822547815143
-0.102343231514
-0.147436226299
0.987624067558
0.890058055798
0.603704028453
0.400976816583
1.01931184866
1.34483900728
-0.277446214214
0.155964379216
0.0288062770798
-0.844400953839
0.0319936783105
0.540292809676
-0.747293380949
0.915711302965
0.85905564699
0.68402816393
0.350132139688
0.878360579484
0.365635327823
0.914400728717
-0.824041870556
-0.782807041318
-0.89900936269
-0.788586556821
0.0578504168152
-0.981171789622
0.0465286645369
-0.692413906929
0.107554994178
0.507509613591
-0.45398576364
-0.949741345872
0.0973537935237
0.342420946329
0.287546648641
-0.154451126893
-0.230046966422
-0.786099539808
0.808650288987
0.734707963193
-0.125149629685
0.210309834092
0.899171151959
1.19566834567
0.0659939853681
0.381760931468
0.451448479971
-0.178582639216
-0.508173322142
0.388894524788
0.44388154581
-0.234173502741
0.50912827679
0.117964643254
-0.983887148804
0.841287047882
-0.52980628501
-0.198774545637
0.737478568758
-0.865374219329
0.127580765353
0.0808843117435
0.985156261581
0.151527263433
-0.657817859552
0.484531465554
-0.767431722549
-0.483587214466
-0.559161517359
-0.224908091181
0.0855348254703
-0.022507051141
0.741038964509
0.184975568225
1.54086299171
0.110371635294
1.883626048
-0.604135679346
-0.973883462789
-0.0910613820951
-0.855749218241
-0.512925503052
-0.116541362674
0.344114405839
1.27966116917
1.01051937113
-0.160436558204
0.0925802353138
-0.800580956001
-0.81102312253
-0.844100851865
0.826597719642
0.65264782793
0.0675337533951
-0.64256563556
0.444145703351
-0.623599878319
