4
0
3
2
1
136
-0.543766428618
0.540652314365
0.847640186376
0.635826962151
-0.668900041887
0.45500743842
0.0428768851359
0.455806443233
1.15452868173
0.816808975667
-0.440645668846
-0.495826742225
-0.136346676898
0.467277580505
0.604083314827
-0.049275099112
0.938850838899
1.78220809162
-0.740387705656
0.212221312962
-0.216102813604
-0.460179939791
0.909867784597
-0.156550966869
0.0277730878357
-0.301653153591
0.795437004684
0.445896672563
0.160647159035
-0.436388320351
-0.566347073663
0.803193724862
0.769903040948
2.87253269675
0.687976356388
-0.0354171561512
-0.822547815143
-0.102343231514
-0.208404539972
0.926663501368
0.829105235108
0.603704028453
0.253123715171
0.971259303397
1.04657715334
-0.277446214214
0.155964379216
-0.11895575329
-0.892446896321
-0.266108448394
0.540292809676
-0.747293380949
0.915711302965
0.85905564699
0.68402816393
0.234524778627
0.878360579484
0.365635327823
0.156431045315
-0.824041870556
-0.782807041318
-0.89900936269
-0.788586556821
0.0578504168152
-0.981171789622
0.00778385880518
-0.755566105053
0.107554994178
0.507509613591
-0.45398576364
-0.949741345872
0.0973537935237
0.342420946329
0.287546648641
-0.154451126893
-0.415101248941
-0.83878972832
0.561683292561
0.734707963193
-0.125149629685
0.0253696791134
0.846506236951
0.948845672622
0.0659939853681
0.381760931468
0.451448479971
-0.178582639216
-0.508173322142
0.195786106387
0.44388154581
-0.234173502741
-0.0187509612852
0.117964643254
-0.983887148804
0.841287047882
-0.52980628501
-0.198774545637
0.737478568758
-0.878060831944
0.118388972728
0.0808843117435
0.985156261581
0.151527263433
-0.657817859552
0.484531465554
-0.767431722549
-0.483587214466
-0.584706628847
-0.369551517184
0.0788261446619
-0.213157390728
0.741038964509
0.15944883864
1.39630869441
0.103667840143
1.69308540661
-0.604135679346
-0.973883462789
-0.0910613820951
-0.855749218241
-0.512925503052
-0.292865608888
0.288903060615
1.22445673043
0.607999582761
-0.160436558204
0.0925802353138
-0.800580956001
-0.81102312253
-0.844100851865
0.826597719642
0.631153006803
0.0675337533951
-0.645912352203
0.444145703351
-0.623599878319
