4
0
3
2
1
136
-0.54313150085
0.567742099847
0.848928267648
0.661111877579
-0.668900041887
0.455642272934
0.0699638552117
0.457094463939
1.17981101121
0.816808975667
-0.440645668846
-0.495826742225
-0.136346676898
0.467277580505
0.709676510421
-0.0437563212372
0.944369523509
2.14065652507
-0.740387705656
0.212221312962
-0.216102813604
-0.460179939791
0.909867784597
-0.156550966869
0.0439942058262
-0.268268794872
0.795480709724
0.494321273927
0.20906518224
-0.387976873534
-0.566347073663
0.803193724862
0.769903040948
3.18217284911
0.687976356388
-0.0131784035932
-0.822547815143
-0.102343231514
-0.159999667774
0.975061800716
0.877496963374
0.603704028453
0.374921156377
1.00831218968
1.29068043592
-0.277446214214
0.155964379216
0.00276227873552
-0.855399481969
-0.022143233694
0.540292809676
-0.747293380949
0.915711302965
0.85905564699
0.68402816393
0.33038425048
0.878360579484
0.365635327823
0.747148994806
-0.824041870556
-0.782807041318
-0.89900936269
-0.788586556821
0.0578504168152
-0.981171789622
0.0401913818113
-0.707599110175
0.107554994178
0.507509613591
-0.45398576364
-0.949741345872
0.0973537935237
0.342420946329
0.287546648641
-0.154451126893
-0.26443542696
-0.796722783359
0.762852006091
0.734707963193
-0.125149629685
0.175936892239
0.88855117871
1.14988989367
0.0659939853681
0.381760931468
0.451448479971
-0.178582639216
-0.508173322142
0.351801415356
0.44388154581
-0.234173502741
0.391608851637
0.117964643254
-0.983887148804
0.841287047882
-0.52980628501
-0.198774545637
0.737478568758
-0.868008269741
0.125860692364
0.0808843117435
0.985156261581
0.151527263433
-0.657817859552
0.484531465554
-0.767431722549
-0.483587214466
-0.563548077937
-0.251575266694
0.0843619294787
-0.0581714490295
0.741038964509
0.180590995018
1.51420612054
0.109199292252
1.8479747312
-0.604135679346
-0.973883462789
-0.0910613820951
-0.855749218241
-0.512925503052
-0.149778078396
0.334597333111
1.27014478249
0.921808665532
-0.160436558204
0.0925802353138
-0.800580956001
-0.81102312253
-0.844100851865
0.826597719642
0.648334252583
0.0675337533951
-0.643117770452
0.444145703351
-0.623599878319
