4
0
3
2
1
136
-0.543640498165
0.545872358818
0.847883176557
0.640760906849
-0.668900041887
0.455133344041
0.0480961981878
0.456049417386
1.1594619442
0.816808975667
-0.440645668846
-0.495826742225
-0.136346676898
0.467277580505
0.624400240804
-0.048204284825
0.939921628825
1.84849389785
-0.740387705656
0.212221312962
-0.216102813604
-0.460179939791
0.909867784597
-0.156550966869
0.0309104645061
-0.295404206718
0.795445825347
0.454520686118
0.169269713576
-0.427767224351
-0.566347073663
0.803193724862
0.769903040948
2.93010257435
0.687976356388
-0.0310699669117
-0.822547815143
-0.102343231514
-0.19978490204
0.935281681704
0.837721958321
0.603704028453
0.276705440032
0.977146910707
1.09272123191
-0.277446214214
0.155964379216
-0.0953913843151
-0.886560322338
-0.2199937218
0.540292809676
-0.747293380949
0.915711302965
0.85905564699
0.68402816393
0.253483899991
0.878360579484
0.365635327823
0.254234895987
-0.824041870556
-0.782807041318
-0.89900936269
-0.788586556821
0.0578504168152
-0.981171789622
0.0143789601748
-0.748254021668
0.107554994178
0.507509613591
-0.45398576364
-0.949741345872
0.0973537935237
0.342420946329
0.287546648641
-0.154451126893
-0.38675104738
-0.831213468714
0.599488960955
0.734707963193
-0.125149629685
0.0536985794452
0.854077622817
0.986624478368
0.0659939853681
0.381760931468
0.451448479971
-0.178582639216
-0.508173322142
0.224602300734
0.44388154581
-0.234173502741
0.0493504577363
0.117964643254
-0.983887148804
0.841287047882
-0.52980628501
-0.198774545637
0.737478568758
-0.876339405828
0.119778877327
0.0808843117435
0.985156261581
0.151527263433
-0.657817859552
0.484531465554
-0.767431722549
-0.483587214466
-0.58033980363
-0.346465854759
0.0799468013877
-0.183208762153
0.741038964509
0.163811215757
1.41937373946
0.104787358838
1.7230091885
-0.604135679346
-0.973883462789
-0.0910613820951
-0.855749218241
-0.512925503052
-0.265376821433
0.298330335497
1.23388223336
0.661538013083
-0.160436558204
0.0925802353138
-0.800580956001
-0.81102312253
-0.844100851865
0.826597719642
0.634274552779
0.0675337533951
-0.645318704385
0.444145703351
-0.623599878319
