4
0
3
2
1
136
-0.543020180465
0.57269770021
0.849171570314
0.665654149646
-0.668900041887
0.455753583593
0.0749191475899
0.457337760205
1.18435300858
0.816808975667
-0.440645668846
-0.495826742225
-0.136346676898
0.467277580505
0.729013305514
-0.0427566642571
0.945369170392
2.21010817925
-0.740387705656
0.212221312962
-0.216102813604
-0.460179939791
0.909867784597
-0.156550966869
0.0469409191103
-0.261913299535
0.795488169249
0.504137082819
0.218880058242
-0.378162930249
-0.566347073663
0.803193724862
0.769903040948
3.24176016752
0.687976356388
-0.0091947535253
-0.822547815143
-0.102343231514
-0.150186657032
0.984873879088
0.88730810955
0.603704028453
0.39548460961
1.01686439737
1.3333722986
-0.277446214214
0.155964379216
0.0233163317218
-0.846848170553
0.0205312185861
0.540292809676
-0.747293380949
0.915711302965
0.85905564699
0.68402816393
0.345995866893
0.878360579484
0.365635327823
0.877361833486
-0.824041870556
-0.782807041318
-0.89900936269
-0.788586556821
0.0578504168152
-0.981171789622
0.0452120789141
-0.695834366612
0.107554994178
0.507509613591
-0.45398576364
-0.949741345872
0.0973537935237
0.342420946329
0.287546648641
-0.154451126893
-0.237389717722
-0.788418421623
0.798889797809
0.734707963193
-0.125149629685
0.202970147024
0.896852910151
1.185911781
0.0659939853681
0.381760931468
0.451448479971
-0.178582639216
-0.508173322142
0.380908669233
0.44388154581
-0.234173502741
0.482982158597
0.117964643254
-0.983887148804
0.841287047882
-0.52980628501
-0.198774545637
0.737478568758
-0.86594724678
0.127213970173
0.0808843117435
0.985156261581
0.151527263433
-0.657817859552
0.484531465554
-0.767431722549
-0.483587214466
-0.560090277284
-0.230628130284
0.085286049937
-0.0301750369312
0.741038964509
0.184047195934
1.53514498374
0.110122968135
1.8759606536
-0.604135679346
-0.973883462789
-0.0910613820951
-0.855749218241
-0.512925503052
-0.123697508162
0.342096813702
1.27764370932
0.990768492773
-0.160436558204
0.0925802353138
-0.800580956001
-0.81102312253
-0.844100851865
0.826597719642
0.651709181176
0.0675337533951
-0.642681709463
0.444145703351
-0.623599878319
