4
0
3
2
1
136
-0.54354754771
0.549772631825
0.848066293709
0.644427770007
-0.668900041887
0.455226278467
0.0519959931111
0.456232524161
1.16312836493
0.816808975667
-0.440645668846
-0.495826742225
-0.136346676898
0.467277580505
0.639593364496
-0.0474065589984
0.940719338774
1.89888730913
-0.740387705656
0.212221312962
-0.216102813604
-0.460179939791
0.909867784597
-0.156550966869
0.0332517111175
-0.29067663762
0.795452288579
0.461187857867
0.175935853017
-0.42110211691
-0.566347073663
0.803193724862
0.769903040948
2.97376626293
0.687976356388
-0.027841400025
-0.822547815143
-0.102343231514
-0.193120826292
0.941944726066
0.844383971604
0.603704028453
0.294569760811
0.981924497997
1.12800184345
-0.277446214214
0.155964379216
-0.0775399059769
-0.881783536393
-0.184735023035
0.540292809676
-0.747293380949
0.915711302965
0.85905564699
0.68402816393
0.267728281865
0.878360579484
0.365635327823
0.332342866554
-0.824041870556
-0.782807041318
-0.89900936269
-0.788586556821
0.0578504168152
-0.981171789622
0.0192815010643
-0.742234978491
0.107554994178
0.507509613591
-0.45398576364
-0.949741345872
0.0973537935237
0.342420946329
0.287546648641
-0.154451126893
-0.365098242418
-0.825353132492
0.628382525488
0.734707963193
-0.125149629685
0.0753356600573
0.859934391037
1.01549824433
0.0659939853681
0.381760931468
0.451448479971
-0.178582639216
-0.508173322142
0.246732197405
0.44388154581
-0.234173502741
0.103570186015
0.117964643254
-0.983887148804
0.841287047882
-0.52980628501
-0.198774545637
0.737478568758
-0.874976608134
0.120845970823
0.0808843117435
0.985156261581
0.151527263433
-0.657817859552
0.484531465554
-0.767431722549
-0.483587214466
-0.577165220519
-0.329304740586
0.0807697085897
-0.160823299098
0.741038964509
0.166982941326
1.43652135903
0.105609520844
1.74537825436
-0.604135679346
-0.973883462789
-0.0910613820951
-0.855749218241
-0.512925503052
-0.244782665572
0.305179614392
1.24073040444
0.703444984172
-0.160436558204
0.0925802353138
-0.800580956001
-0.81102312253
-0.844100851865
0.826597719642
0.636669533547
0.0675337533951
-0.644892449727
0.444145703351
-0.623599878319
