4
0
3
2
1
136
-0.543959692772
0.532781250721
0.847278136623
0.62832912028
-0.668900041887
0.454814220351
0.0350071543002
0.455444423102
1.1470320974
0.816808975667
-0.440645668846
-0.495826742225
-0.136346676898
0.467277580505
0.573495931675
-0.0508967393477
0.937229243241
1.68476210004
-0.740387705656
0.212221312962
-0.216102813604
-0.460179939791
0.909867784597
-0.156550966869
0.0230361548317
-0.310902663296
0.795423326868
0.433545444648
0.148298288334
-0.448734834693
-0.566347073663
0.803193724862
0.769903040948
2.78759575774
0.687976356388
-0.0420293478371
-0.822547815143
-0.102343231514
-0.220748698812
0.914321697175
0.816765784707
0.603704028453
0.219048499125
0.963423647703
0.980629771594
-0.277446214214
0.155964379216
-0.153005996909
-0.900281129119
-0.332013883033
0.540292809676
-0.747293380949
0.915711302965
0.85905564699
0.68402816393
0.206836167029
0.878360579484
0.365635327823
0.0235315458094
-0.824041870556
-0.782807041318
-0.89900936269
-0.788586556821
0.0578504168152
-0.981171789622
-0.00196841794513
-0.76511484634
0.107554994178
0.507509613591
-0.45398576364
-0.949741345872
0.0973537935237
0.342420946329
0.287546648641
-0.154451126893
-0.455775878314
-0.849513098531
0.507462373596
0.734707963193
-0.125149629685
-0.0152739180587
0.835790013619
0.894664101291
0.0659939853681
0.381760931468
0.451448479971
-0.178582639216
-0.508173322142
0.15466762819
0.44388154581
-0.234173502741
-0.111858208614
0.117964643254
-0.983887148804
0.841287047882
-0.52980628501
-0.198774545637
0.737478568758
-0.880421308542
0.116407829675
0.0808843117435
0.985156261581
0.151527263433
-0.657817859552
0.484531465554
-0.767431722549
-0.483587214466
-0.591536634328
-0.404546519623
0.0771029904535
-0.258191166727
0.741038964509
0.152627076962
1.36135088801
0.101946728595
1.64809595153
-0.604135679346
-0.973883462789
-0.0910613820951
-0.855749218241
-0.512925503052
-0.334074988422
0.274127891295
1.20968498536
0.532225946363
-0.160436558204
0.0925802353138
-0.800580956001
-0.81102312253
-0.844100851865
0.826597719642
0.626634589986
0.0675337533951
-0.646857094672
0.444145703351
-0.623599878319
