4
0
3
2
1
136
-0.54329631597
0.560521340688
0.848578169041
0.654448380609
-0.668900041887
0.455477475228
0.0627436385739
0.456744376738
1.17314800299
0.816808975667
-0.440645668846
-0.495826742225
-0.136346676898
0.467277580505
0.681503731579
-0.0452182585823
0.942907604015
2.04160873769
-0.740387705656
0.212221312962
-0.216102813604
-0.460179939791
0.909867784597
-0.156550966869
0.0396874147509
-0.27739480927
0.795469551813
0.480536851615
0.195282268649
-0.401758278728
-0.566347073663
0.803193724862
0.769903040948
3.09699084511
0.687976356388
-0.0190291071997
-0.822547815143
-0.102343231514
-0.173779564892
0.961283411352
0.863720081441
0.603704028453
0.343460156718
0.996833309942
1.22617901394
-0.277446214214
0.155964379216
-0.0286815918677
-0.866876949543
-0.0866137628784
0.540292809676
-0.747293380949
0.915711302965
0.85905564699
0.68402816393
0.306146307386
0.878360579484
0.365635327823
0.569665151569
-0.824041870556
-0.782807041318
-0.89900936269
-0.788586556821
0.0578504168152
-0.981171789622
0.0322403142996
-0.722961288991
0.107554994178
0.507509613591
-0.45398576364
-0.949741345872
0.0973537935237
0.342420946329
0.287546648641
-0.154451126893
-0.304652088804
-0.808509636374
0.709132198579
0.734707963193
-0.125149629685
0.135742128046
0.876769053964
1.09619787453
0.0659939853681
0.381760931468
0.451448479971
-0.178582639216
-0.508173322142
0.309295379671
0.44388154581
-0.234173502741
0.268063622359
0.117964643254
-0.983887148804
0.841287047882
-0.52980628501
-0.198774545637
0.737478568758
-0.870923919183
0.123849059694
0.0808843117435
0.985156261581
0.151527263433
-0.657817859552
0.484531465554
-0.767431722549
-0.483587214466
-0.568818063471
-0.282508096944
0.0829614296611
-0.0992624402764
0.741038964509
0.175323963643
1.48328819021
0.107799602451
1.80690240802
-0.604135679346
-0.973883462789
-0.0910613820951
-0.855749218241
-0.512925503052
-0.187923616764
0.323196736763
1.25874523827
0.828564301739
-0.160436558204
0.0925802353138
-0.800580956001
-0.81102312253
-0.844100851865
0.826597719642
0.643530450436
0.0675337533951
-0.643793956617
0.444145703351
-0.623599878319
