4
0
3
2
1
136
-0.543271962348
0.561579709581
0.848629163415
0.655428448702
-0.668900041887
0.455501826028
0.0638019202361
0.456795369268
1.17412799212
0.816808975667
-0.440645668846
-0.495826742225
-0.136346676898
0.467277580505
0.685632564717
-0.0450035760285
0.943122283693
2.05596704696
-0.740387705656
0.212221312962
-0.216102813604
-0.460179939791
0.909867784597
-0.156550966869
0.0403195843178
-0.276067279596
0.795471208993
0.482518286059
0.197263470743
-0.399777308931
-0.566347073663
0.803193724862
0.769903040948
3.10935495112
0.687976356388
-0.0181681009052
-0.822547815143
-0.102343231514
-0.171798827339
0.963263916713
0.865700354664
0.603704028453
0.348166263375
0.998442081611
1.23576163411
-0.277446214214
0.155964379216
-0.0239782470146
-0.865268391293
-0.0770360628407
0.540292809676
-0.747293380949
0.915711302965
0.85905564699
0.68402816393
0.309797502276
0.878360579484
0.365635327823
0.594772987072
-0.824041870556
-0.782807041318
-0.89900936269
-0.788586556821
0.0578504168152
-0.981171789622
0.0334498071912
-0.720836445835
0.107554994178
0.507509613591
-0.45398576364
-0.949741345872
0.0973537935237
0.342420946329
0.287546648641
-0.154451126893
-0.298713788973
-0.806804442689
0.717068332586
0.734707963193
-0.125149629685
0.141676947395
0.878473488073
1.10412960384
0.0659939853681
0.381760931468
0.451448479971
-0.178582639216
-0.508173322142
0.315520380787
0.44388154581
-0.234173502741
0.285492680334
0.117964643254
-0.983887148804
0.841287047882
-0.52980628501
-0.198774545637
0.737478568758
-0.870504697769
0.124145668521
0.0808843117435
0.985156261581
0.151527263433
-0.657817859552
0.484531465554
-0.767431722549
-0.483587214466
-0.568028529317
-0.277946260066
0.0831705361396
-0.0932219468773
0.741038964509
0.176113012907
1.48784761036
0.108008576926
1.81293989066
-0.604135679346
-0.973883462789
-0.0910613820951
-0.855749218241
-0.512925503052
-0.182325993325
0.32490295547
1.26045128185
0.841732626251
-0.160436558204
0.0925802353138
-0.800580956001
-0.81102312253
-0.844100851865
0.826597719642
0.644225395794
0.0675337533951
-0.643691777963
0.444145703351
-0.623599878319
