4
0
3
2
1
136
0.446694969017
-0.907974392615
0.105169989487
-0.608670084453
0.731620888425
-0.996349373414
0.597518880291
-0.864261789818
0.838421278679
-0.206148253119
-0.844611633722
0.753104955419
0.31177309864
-0.989008969419
0.175748706977
0.323561821044
-0.980405988871
0.50272338364
0.442683614171
0.633676384472
0.541671472831
-0.217106278727
0.402610617009
0.0794071756768
0.708396885079
-0.895198198272
-0.981386075064
0.545798985111
0.0117316318291
-0.945250883438
-0.37141279685
-0.666631896108
-0.291384701993
1.00610678353
-0.923177382774
0.811294878176
0.13952757069
-0.200406291451
0.859909660703
-0.134388922409
0.704019149329
-0.407551581222
0.190030313077
-0.961027562452
0.661166809251
0.708281213852
-0.207320968033
-0.975415841506
0.080701289292
-0.828890978386
0.395567061295
-0.372358144143
0.644246950645
-0.560741409989
0.887613233366
0.063327938795
0.0249241149426
0.270352889772
0.973570451617
0.770552295307
-0.113329695897
0.593746283323
-0.0692156549379
0.308223783161
-0.925003413907
-0.545003817274
0.230829928429
-0.800810246359
-0.413623846621
-0.345642427457
-0.384551154654
-0.366611219086
0.906863550535
0.723528304794
0.134136593497
0.717138716076
0.904865248225
-0.781419082378
-0.0284945552565
-0.128632744751
0.13531326563
0.602983067367
0.795800127649
0.167821372003
0.415753662098
0.72020036289
0.964567217668
-0.723619704565
0.0318737814138
0.488099227411
-0.0245252243888
0.542895272138
-0.55109349169
-0.3233259529
0.698084332482
-0.865970557334
0.840419622854
0.916167658693
-0.0396737777769
-0.421207647254
-0.402689060303
-0.57105922015
0.641896697221
-0.960390287718
0.109943654647
-0.685791212527
0.243679258584
-0.288346528152
-0.379249769679
0.503472511454
0.712847773296
0.0220383348954
0.94367223702
-0.249932984064
-0.0278574271081
-0.194088972767
-0.357171856114
-0.306852882494
-0.240947122158
-0.309623945315
0.658174301327
0.735374103169
-0.974651010714
-0.199013889519
-0.0688443739145
-0.371845374049
0.632881688671
-0.692969295025
0.58635664661
0.534357715074
0.0948878780752
0.698916799631
-0.46616594752
0.401750091393
-0.199854509962
0.977326749477
