4
0
3
2
1
136
-0.543113411653
0.568543009071
0.848967419866
0.66184767391
-0.668900041887
0.455660360446
0.0707647113785
0.45713361505
1.18054676007
0.816808975667
-0.440645668846
-0.495826742225
-0.136346676898
0.467277580505
0.712801685973
-0.0435945592413
0.944531283763
2.15179973282
-0.740387705656
0.212221312962
-0.216102813604
-0.460179939791
0.909867784597
-0.156550966869
0.0444709667835
-0.267246686437
0.795481926121
0.495888278465
0.210632030413
-0.386410181697
-0.566347073663
0.803193724862
0.769903040948
3.19174082561
0.687976356388
-0.0125328405188
-0.822547815143
-0.102343231514
-0.158433132241
0.976628179974
0.879063186388
0.603704028453
0.378306454832
1.00965762965
1.29768114229
-0.277446214214
0.155964379216
0.00614592908628
-0.854054191313
-0.0151455530054
0.540292809676
-0.747293380949
0.915711302965
0.85905564699
0.68402816393
0.332967470017
0.878360579484
0.365635327823
0.767729154504
-0.824041870556
-0.782807041318
-0.89900936269
-0.788586556821
0.0578504168152
-0.981171789622
0.0410277061024
-0.705767014457
0.107554994178
0.507509613591
-0.45398576364
-0.949741345872
0.0973537935237
0.342420946329
0.287546648641
-0.154451126893
-0.260028456365
-0.795393016297
0.768731480084
0.734707963193
-0.125149629685
0.180341707554
0.889880487337
1.15576662129
0.0659939853681
0.381760931468
0.451448479971
-0.178582639216
-0.508173322142
0.356513116187
0.44388154581
-0.234173502741
0.406000296332
0.117964643254
-0.983887148804
0.841287047882
-0.52980628501
-0.198774545637
0.737478568758
-0.86767786381
0.126081325727
0.0808843117435
0.985156261581
0.151527263433
-0.657817859552
0.484531465554
-0.767431722549
-0.483587214466
-0.562980441832
-0.248173331134
0.0845133859106
-0.0536338177858
0.741038964509
0.181158350995
1.51760661911
0.109350671143
1.85251054754
-0.604135679346
-0.973883462789
-0.0910613820951
-0.855749218241
-0.512925503052
-0.145555988276
0.335827253494
1.27137460504
0.932665537875
-0.160436558204
0.0925802353138
-0.800580956001
-0.81102312253
-0.844100851865
0.826597719642
0.648875674139
0.0675337533951
-0.643045766853
0.444145703351
-0.623599878319
