4
0
3
2
1
136
-0.544571854864
0.508914640482
0.846209268887
0.605143687041
-0.668900041887
0.454202289528
0.0111469175142
0.454375702649
1.12385286357
0.816808975667
-0.440645668846
-0.495826742225
-0.136346676898
0.467277580505
0.481279419029
-0.0558687758372
0.932257422429
1.40750685118
-0.740387705656
0.212221312962
-0.216102813604
-0.460179939791
0.909867784597
-0.156550966869
0.00866756080409
-0.337619545754
0.795378927469
0.400883729748
0.115644624106
-0.481380451978
-0.566347073663
0.803193724862
0.769903040948
2.54364609945
0.687976356388
-0.0625112475816
-0.822547815143
-0.102343231514
-0.253386272879
0.881692162604
0.78414428591
0.603704028453
0.134394208188
0.946187806199
0.819200979388
-0.277446214214
0.155964379216
-0.237606065949
-0.917513931533
-0.493351001466
0.540292809676
-0.747293380949
0.915711302965
0.85905564699
0.68402816393
0.136740289249
0.878360579484
0.365635327823
-0.279000867341
-0.824041870556
-0.782807041318
-0.89900936269
-0.788586556821
0.0578504168152
-0.981171789622
-0.027075218506
-0.785383755178
0.107554994178
0.507509613591
-0.45398576364
-0.949741345872
0.0973537935237
0.342420946329
0.287546648641
-0.154451126893
-0.556633337383
-0.875610838823
0.372675920817
0.734707963193
-0.125149629685
-0.116060537774
0.809708505073
0.759969685122
0.0659939853681
0.381760931468
0.451448479971
-0.178582639216
-0.508173322142
0.0531888502861
0.44388154581
-0.234173502741
-0.327434244097
0.117964643254
-0.983887148804
0.841287047882
-0.52980628501
-0.198774545637
0.737478568758
-0.885864786702
0.111536455893
0.0808843117435
0.985156261581
0.151527263433
-0.657817859552
0.484531465554
-0.767431722549
-0.483587214466
-0.613744480427
-0.51051062318
0.071805940895
-0.39191895267
0.741038964509
0.130457979933
1.2555504683
0.0966583028666
1.51455844525
-0.604135679346
-0.973883462789
-0.0910613820951
-0.855749218241
-0.512925503052
-0.455754217671
0.225518838083
1.16109409831
0.33230835877
-0.160436558204
0.0925802353138
-0.800580956001
-0.81102312253
-0.844100851865
0.826597719642
0.614395957587
0.0675337533951
-0.650048506967
0.444145703351
-0.623599878319
