4
0
3
2
1
136
-0.542946688745
0.576004804615
0.849335349616
0.668671668642
-0.668900041887
0.455827069678
0.0782260715693
0.457501535786
1.18737036774
0.816808975667
-0.440645668846
-0.495826742225
-0.136346676898
0.467277580505
0.741916582015
-0.042091178616
0.946034650129
2.25712467101
-0.740387705656
0.212221312962
-0.216102813604
-0.460179939791
0.909867784597
-0.156550966869
0.0489029395393
-0.257630849059
0.795493059414
0.510845224717
0.225587622871
-0.371455942793
-0.566347073663
0.803193724862
0.769903040948
3.28203914388
0.687976356388
-0.00655047307125
-0.822547815143
-0.102343231514
-0.143480246651
0.991579712491
0.894013366073
0.603704028453
0.408672676151
1.0228675836
1.36094789069
-0.277446214214
0.155964379216
0.0364991441964
-0.840845543719
0.0480968990224
0.540292809676
-0.747293380949
0.915711302965
0.85905564699
0.68402816393
0.355903153561
0.878360579484
0.365635327823
0.968078046709
-0.824041870556
-0.782807041318
-0.89900936269
-0.788586556821
0.0578504168152
-0.981171789622
0.0483559175728
-0.687399978416
0.107554994178
0.507509613591
-0.45398576364
-0.949741345872
0.0973537935237
0.342420946329
0.287546648641
-0.154451126893
-0.219665430075
-0.782768265648
0.822426803476
0.734707963193
-0.125149629685
0.220687265529
0.902501573245
1.20943959122
0.0659939853681
0.381760931468
0.451448479971
-0.178582639216
-0.508173322142
0.400250989111
0.44388154581
-0.234173502741
0.547161855789
0.117964643254
-0.983887148804
0.841287047882
-0.52980628501
-0.198774545637
0.737478568758
-0.864554610998
0.128098558297
0.0808843117435
0.985156261581
0.151527263433
-0.657817859552
0.484531465554
-0.767431722549
-0.483587214466
-0.55785514941
-0.216792702582
0.0858850837135
-0.0116114756712
0.741038964509
0.186281419548
1.54897565514
0.110721748702
1.89451813558
-0.604135679346
-0.973883462789
-0.0910613820951
-0.855749218241
-0.512925503052
-0.106363574049
0.346954895474
1.2825014837
1.03927026471
-0.160436558204
0.0925802353138
-0.800580956001
-0.81102312253
-0.844100851865
0.826597719642
0.653992052438
0.0675337533951
-0.642403133631
0.444145703351
-0.623599878319
