4
0
3
2
1
136
-0.54344556323
0.55409909761
0.848271031193
0.648475992923
-0.668900041887
0.455328247377
0.0563219893001
0.456437251537
1.16717615622
0.816808975667
-0.440645668846
-0.495826742225
-0.136346676898
0.467277580505
0.656456899513
-0.0465239763098
0.941601905905
1.95565560696
-0.740387705656
0.212221312962
-0.216102813604
-0.460179939791
0.909867784597
-0.156550966869
0.0358453120404
-0.285374823236
0.795459332967
0.46880520874
0.183552118564
-0.413486936391
-0.566347073663
0.803193724862
0.769903040948
3.02285355434
0.687976356388
-0.0242794004418
-0.822547815143
-0.102343231514
-0.185506730503
0.949557737425
0.85199589883
0.603704028453
0.314408379547
0.987614319697
1.16754257981
-0.277446214214
0.155964379216
-0.0577149630337
-0.8760946158
-0.145217877497
0.540292809676
-0.747293380949
0.915711302965
0.85905564699
0.68402816393
0.28342088651
0.878360579484
0.365635327823
0.423989426866
-0.824041870556
-0.782807041318
-0.89900936269
-0.788586556821
0.0578504168152
-0.981171789622
0.0246239579313
-0.734967325792
0.107554994178
0.507509613591
-0.45398576364
-0.949741345872
0.0973537935237
0.342420946329
0.287546648641
-0.154451126893
-0.340812810697
-0.818684226835
0.660811966116
0.734707963193
-0.125149629685
0.0996042929939
0.866599522961
1.04790652977
0.0659939853681
0.381760931468
0.451448479971
-0.178582639216
-0.508173322142
0.271710981224
0.44388154581
-0.234173502741
0.167087777664
0.117964643254
-0.983887148804
0.841287047882
-0.52980628501
-0.198774545637
0.737478568758
-0.873394094898
0.122048514149
0.0808843117435
0.985156261581
0.151527263433
-0.657817859552
0.484531465554
-0.767431722549
-0.483587214466
-0.573733883916
-0.310373206421
0.0816661427782
-0.136008976597
0.741038964509
0.170411524221
1.45543967016
0.106505225998
1.77017638746
-0.604135679346
-0.973883462789
-0.0910613820951
-0.855749218241
-0.512925503052
-0.221904143508
0.312582890693
1.24813263751
0.752013292883
-0.160436558204
0.0925802353138
-0.800580956001
-0.81102312253
-0.844100851865
0.826597719642
0.639386529876
0.0675337533951
-0.644436906859
0.444145703351
-0.623599878319
