4
0
3
2
1
136
-0.543287084787
0.560922165699
0.848597468823
0.654819689157
-0.668900041887
0.45548670533
0.0631444302125
0.456763675813
1.17351928133
0.816808975667
-0.440645668846
-0.495826742225
-0.136346676898
0.467277580505
0.68306737113
-0.0451369377202
0.942988923777
2.04704006875
-0.740387705656
0.212221312962
-0.216102813604
-0.460179939791
0.909867784597
-0.156550966869
0.0399268647911
-0.276892458928
0.795470180306
0.481285670858
0.196030999441
-0.401009636365
-0.566347073663
0.803193724862
0.769903040948
3.10166848569
0.687976356388
-0.0187028871755
-0.822547815143
-0.102343231514
-0.173031010939
0.962031876915
0.864468458635
0.603704028453
0.345245779152
0.997439597001
1.22981214907
-0.277446214214
0.155964379216
-0.0268970251623
-0.866270743524
-0.0829825060542
0.540292809676
-0.747293380949
0.915711302965
0.85905564699
0.68402816393
0.307532689601
0.878360579484
0.365635327823
0.579137368427
-0.824041870556
-0.782807041318
-0.89900936269
-0.788586556821
0.0578504168152
-0.981171789622
0.0327000447347
-0.72216156626
0.107554994178
0.507509613591
-0.45398576364
-0.949741345872
0.0973537935237
0.342420946329
0.287546648641
-0.154451126893
-0.302401862725
-0.807864757722
0.71213951967
0.734707963193
-0.125149629685
0.137991025503
0.877413642325
1.09920351465
0.0659939853681
0.381760931468
0.451448479971
-0.178582639216
-0.508173322142
0.311652325502
0.44388154581
-0.234173502741
0.274637572468
0.117964643254
-0.983887148804
0.841287047882
-0.52980628501
-0.198774545637
0.737478568758
-0.870765519664
0.123961430028
0.0808843117435
0.985156261581
0.151527263433
-0.657817859552
0.484531465554
-0.767431722549
-0.483587214466
-0.568518363145
-0.280779373151
0.0830407725012
-0.0969741787339
0.741038964509
0.175623478086
1.48501598877
0.107878894731
1.80918951763
-0.604135679346
-0.973883462789
-0.0910613820951
-0.855749218241
-0.512925503052
-0.185803520698
0.323844340515
1.25939277477
0.83353214822
-0.160436558204
0.0925802353138
-0.800580956001
-0.81102312253
-0.844100851865
0.826597719642
0.643793253394
0.0675337533951
-0.643755134635
0.444145703351
-0.623599878319
