4
0
3
2
1
136
-0.542887343851
0.57869625857
0.849469490454
0.671119414123
-0.668900041887
0.455886410436
0.0809173920174
0.457635673886
1.18981799551
0.816808975667
-0.440645668846
-0.495826742225
-0.136346676898
0.467277580505
0.752416387856
-0.0415505327161
0.946575291675
2.29578335293
-0.740387705656
0.212221312962
-0.216102813604
-0.460179939791
0.909867784597
-0.156550966869
0.0504969310415
-0.254121589573
0.795496988012
0.516396184211
0.231138138654
-0.36590587065
-0.566347073663
0.803193724862
0.769903040948
3.31512462055
0.687976356388
-0.00440677651862
-0.822547815143
-0.102343231514
-0.137930618079
0.997128897561
0.89956210771
0.603704028453
0.419073005268
1.02792140486
1.38278768001
-0.277446214214
0.155964379216
0.0468957536012
-0.835792153725
0.0699295790285
0.540292809676
-0.747293380949
0.915711302965
0.85905564699
0.68402816393
0.363654406532
0.878360579484
0.365635327823
1.04416249034
-0.824041870556
-0.782807041318
-0.89900936269
-0.788586556821
0.0578504168152
-0.981171789622
0.0507923102385
-0.680179415374
0.107554994178
0.507509613591
-0.45398576364
-0.949741345872
0.0973537935237
0.342420946329
0.287546648641
-0.154451126893
-0.205452658191
-0.778098851737
0.841233564276
0.734707963193
-0.125149629685
0.234894841301
0.907169914845
1.22823966764
0.0659939853681
0.381760931468
0.451448479971
-0.178582639216
-0.508173322142
0.415929889018
0.44388154581
-0.234173502741
0.60139090066
0.117964643254
-0.983887148804
0.841287047882
-0.52980628501
-0.198774545637
0.737478568758
-0.863415317381
0.128805388819
0.0808843117435
0.985156261581
0.151527263433
-0.657817859552
0.484531465554
-0.767431722549
-0.483587214466
-0.556079047572
-0.205624879868
0.086361833981
0.00341332284377
0.741038964509
0.188056870638
1.56014001299
0.111198315877
1.90953847983
-0.604135679346
-0.973883462789
-0.0910613820951
-0.855749218241
-0.512925503052
-0.0923104138395
0.350821988053
1.28636835782
1.08031134149
-0.160436558204
0.0925802353138
-0.800580956001
-0.81102312253
-0.844100851865
0.826597719642
0.655865777755
0.0675337533951
-0.64218364857
0.444145703351
-0.623599878319
