4
0
3
2
1
136
-0.543050928906
0.571322454425
0.849103798264
0.664396098349
-0.668900041887
0.455722837689
0.0735439825499
0.457269989827
1.1830950291
0.816808975667
-0.440645668846
-0.495826742225
-0.136346676898
0.467277580505
0.72364717682
-0.0430337868543
0.945092050439
2.19071401794
-0.740387705656
0.212221312962
-0.216102813604
-0.460179939791
0.909867784597
-0.156550966869
0.0461239507549
-0.263684482403
0.795486115071
0.501384473724
0.216127699798
-0.380915038087
-0.566347073663
0.803193724862
0.769903040948
3.22513152376
0.687976356388
-0.0102977038093
-0.822547815143
-0.102343231514
-0.152938514308
0.982122272328
0.884556753263
0.603704028453
0.389871595221
1.01443701321
1.32168033382
-0.277446214214
0.155964379216
0.017705737454
-0.849275312751
0.00884377317178
0.540292809676
-0.747293380949
0.915711302965
0.85905564699
0.68402816393
0.341753763024
0.878360579484
0.365635327823
0.840538305659
-0.824041870556
-0.782807041318
-0.89900936269
-0.788586556821
0.0578504168152
-0.981171789622
0.0438558328413
-0.699202738428
0.107554994178
0.507509613591
-0.45398576364
-0.949741345872
0.0973537935237
0.342420946329
0.287546648641
-0.154451126893
-0.244839913721
-0.790741685052
0.788974682136
0.734707963193
-0.125149629685
0.195523197854
0.894530327984
1.17600081979
0.0659939853681
0.381760931468
0.451448479971
-0.178582639216
-0.508173322142
0.372843642479
0.44388154581
-0.234173502741
0.457061015242
0.117964643254
-0.983887148804
0.841287047882
-0.52980628501
-0.198774545637
0.737478568758
-0.866522864157
0.126841452364
0.0808843117435
0.985156261581
0.151527263433
-0.657817859552
0.484531465554
-0.767431722549
-0.483587214466
-0.561036833473
-0.236416274724
0.085032734071
-0.0379243855731
0.741038964509
0.183101052717
1.52935899122
0.109869767446
1.8682140432
-0.604135679346
-0.973883462789
-0.0910613820951
-0.855749218241
-0.512925503052
-0.130923958906
0.340042048912
1.27558908631
0.971197128646
-0.160436558204
0.0925802353138
-0.800580956001
-0.81102312253
-0.844100851865
0.826597719642
0.650766795333
0.0675337533951
-0.642800468471
0.444145703351
-0.623599878319
