4
0
3
2
1
136
-0.543268976364
0.561709678891
0.848635433106
0.655548721998
-0.668900041887
0.455504811672
0.0639318790252
0.456801638736
1.17424825591
0.816808975667
-0.440645668846
-0.495826742225
-0.136346676898
0.467277580505
0.686139608902
-0.0449772222727
0.943148637102
2.05773404408
-0.740387705656
0.212221312962
-0.216102813604
-0.460179939791
0.909867784597
-0.156550966869
0.0403971950407
-0.275904016221
0.795471411978
0.482762539379
0.197507695796
-0.399533112137
-0.566347073663
0.803193724862
0.769903040948
3.11087614755
0.687976356388
-0.0180624500805
-0.822547815143
-0.102343231514
-0.171554658799
0.963508057005
0.865944466715
0.603704028453
0.348742192991
0.998641391135
1.23693596025
-0.277446214214
0.155964379216
-0.0234026507854
-0.865069107848
-0.0758623320587
0.540292809676
-0.747293380949
0.915711302965
0.85905564699
0.68402816393
0.310243734387
0.878360579484
0.365635327823
0.597877722005
-0.824041870556
-0.782807041318
-0.89900936269
-0.788586556821
0.0578504168152
-0.981171789622
0.0335973464165
-0.720572574963
0.107554994178
0.507509613591
-0.45398576364
-0.949741345872
0.0973537935237
0.342420946329
0.287546648641
-0.154451126893
-0.297985340113
-0.806594509357
0.718041820768
0.734707963193
-0.125149629685
0.142404975036
0.878683329673
1.10510255869
0.0659939853681
0.381760931468
0.451448479971
-0.178582639216
-0.508173322142
0.316285134895
0.44388154581
-0.234173502741
0.28764872688
0.117964643254
-0.983887148804
0.841287047882
-0.52980628501
-0.198774545637
0.737478568758
-0.870453003764
0.124182067549
0.0808843117435
0.985156261581
0.151527263433
-0.657817859552
0.484531465554
-0.767431722549
-0.483587214466
-0.567931976856
-0.277386688847
0.0831961264274
-0.0924805286631
0.741038964509
0.17620950713
1.48840689061
0.108034151335
1.81368094596
-0.604135679346
-0.973883462789
-0.0910613820951
-0.855749218241
-0.512925503052
-0.181638700593
0.32511164668
1.26065995208
0.843361059885
-0.160436558204
0.0925802353138
-0.800580956001
-0.81102312253
-0.844100851865
0.826597719642
0.644310961565
0.0675337533951
-0.643679303415
0.444145703351
-0.623599878319
