4
0
3
2
1
136
-0.543100445134
0.569118144259
0.848995575262
0.662375648323
-0.668900041887
0.455673325783
0.0713398092743
0.457161769669
1.18107470116
0.816808975667
-0.440645668846
-0.495826742225
-0.136346676898
0.467277580505
0.715045891186
-0.0434784453627
0.94464739642
2.1598210519
-0.740387705656
0.212221312962
-0.216102813604
-0.460179939791
0.909867784597
-0.156550966869
0.0448132084816
-0.266511502438
0.795482797037
0.497018185302
0.211761826302
-0.385280496734
-0.566347073663
0.803193724862
0.769903040948
3.19862642357
0.687976356388
-0.0120696741214
-0.822547815143
-0.102343231514
-0.157303558184
0.977757643146
0.880192538698
0.603704028453
0.380723172339
1.01063259734
1.30268567774
-0.277446214214
0.155964379216
0.00856149411347
-0.853079329822
-0.0101431397611
0.540292809676
-0.747293380949
0.915711302965
0.85905564699
0.68402816393
0.334808494432
0.878360579484
0.365635327823
0.782618188894
-0.824041870556
-0.782807041318
-0.89900936269
-0.788586556821
0.0578504168152
-0.981171789622
0.0416224072615
-0.704435104284
0.107554994178
0.507509613591
-0.45398576364
-0.949741345872
0.0973537935237
0.342420946329
0.287546648641
-0.154451126893
-0.256871866875
-0.794435245293
0.772941330668
0.734707963193
-0.125149629685
0.183496783419
0.890837937186
1.15997454171
0.0659939853681
0.381760931468
0.451448479971
-0.178582639216
-0.508173322142
0.359895166127
0.44388154581
-0.234173502741
0.416422767886
0.117964643254
-0.983887148804
0.841287047882
-0.52980628501
-0.198774545637
0.737478568758
-0.867439891405
0.126239347142
0.0808843117435
0.985156261581
0.151527263433
-0.657817859552
0.484531465554
-0.767431722549
-0.483587214466
-0.562574910145
-0.24573421478
0.0846216530289
-0.0503782254538
0.741038964509
0.181563686856
1.52004472812
0.109458883978
1.8557648659
-0.604135679346
-0.973883462789
-0.0910613820951
-0.855749218241
-0.512925503052
-0.142525588569
0.336706208506
1.27225349187
0.940528869701
-0.160436558204
0.0925802353138
-0.800580956001
-0.81102312253
-0.844100851865
0.826597719642
0.649265459587
0.0675337533951
-0.642994426169
0.444145703351
-0.623599878319
