4
0
3
2
1
136
-0.543119388225
0.568278207128
0.848954467921
0.661604472382
-0.668900041887
0.455654384426
0.0704999268316
0.457120663468
1.1803035741
0.816808975667
-0.440645668846
-0.495826742225
-0.136346676898
0.467277580505
0.71176841767
-0.0436480334758
0.9444778101
2.14811202031
-0.740387705656
0.212221312962
-0.216102813604
-0.460179939791
0.909867784597
-0.156550966869
0.0443133586257
-0.267584839084
0.795481524412
0.495369352353
0.210113155759
-0.386929004902
-0.566347073663
0.803193724862
0.769903040948
3.18857474238
0.687976356388
-0.0127462065292
-0.822547815143
-0.102343231514
-0.158951904008
0.976109459635
0.878544517468
0.603704028453
0.377189724566
1.00921120987
1.29537053305
-0.277446214214
0.155964379216
0.00502973815116
-0.854500561909
-0.0174551709437
0.540292809676
-0.747293380949
0.915711302965
0.85905564699
0.68402816393
0.332115884116
0.878360579484
0.365635327823
0.760905012755
-0.824041870556
-0.782807041318
-0.89900936269
-0.788586556821
0.0578504168152
-0.981171789622
0.0407522441607
-0.706375665333
0.107554994178
0.507509613591
-0.45398576364
-0.949741345872
0.0973537935237
0.342420946329
0.287546648641
-0.154451126893
-0.261484092871
-0.795833183245
0.766789720657
0.734707963193
-0.125149629685
0.178886777523
0.889440470512
1.15382576235
0.0659939853681
0.381760931468
0.451448479971
-0.178582639216
-0.508173322142
0.35495554395
0.44388154581
-0.234173502741
0.401226388149
0.117964643254
-0.983887148804
0.841287047882
-0.52980628501
-0.198774545637
0.737478568758
-0.867787234435
0.126008451294
0.0808843117435
0.985156261581
0.151527263433
-0.657817859552
0.484531465554
-0.767431722549
-0.483587214466
-0.56316774279
-0.249297420317
0.0844633987609
-0.0551335681785
0.741038964509
0.180971141689
1.5164830006
0.109300709377
1.85101139191
-0.604135679346
-0.973883462789
-0.0910613820951
-0.855749218241
-0.512925503052
-0.146951662861
0.33542137228
1.27096875579
0.929064016484
-0.160436558204
0.0925802353138
-0.800580956001
-0.81102312253
-0.844100851865
0.826597719642
0.648696487016
0.0675337533951
-0.643069507564
0.444145703351
-0.623599878319
