4
0
3
2
1
136
-0.544557050104
0.509473498113
0.84623384494
0.605694708373
-0.668900041887
0.454217086789
0.0117055745544
0.454400273951
1.12440368605
0.816808975667
-0.440645668846
-0.495826742225
-0.136346676898
0.467277580505
0.483426786884
-0.0557513511236
0.932374840301
1.41368944569
-0.740387705656
0.212221312962
-0.216102813604
-0.460179939791
0.909867784597
-0.156550966869
0.00900344843409
-0.337017667519
0.795380019766
0.40156745706
0.116328151957
-0.480697123481
-0.566347073663
0.803193724862
0.769903040948
2.54912670568
0.687976356388
-0.0620240359341
-0.822547815143
-0.102343231514
-0.252703143629
0.882375092711
0.784827016982
0.603704028453
0.13601224587
0.946497377264
0.822267862132
-0.277446214214
0.155964379216
-0.235988906054
-0.917204411064
-0.490285628069
0.540292809676
-0.747293380949
0.915711302965
0.85905564699
0.68402816393
0.1380954546
0.878360579484
0.365635327823
-0.273462176568
-0.824041870556
-0.782807041318
-0.89900936269
-0.788586556821
0.0578504168152
-0.981171789622
-0.0265863383536
-0.785028378415
0.107554994178
0.507509613591
-0.45398576364
-0.949741345872
0.0973537935237
0.342420946329
0.287546648641
-0.154451126893
-0.554697976662
-0.875115000067
0.375272193044
0.734707963193
-0.125149629685
-0.11412637971
0.810204072155
0.762564352615
0.0659939853681
0.381760931468
0.451448479971
-0.178582639216
-0.508173322142
0.0551353736633
0.44388154581
-0.234173502741
-0.323434020686
0.117964643254
-0.983887148804
0.841287047882
-0.52980628501
-0.198774545637
0.737478568758
-0.885764337173
0.111629695671
0.0808843117435
0.985156261581
0.151527263433
-0.657817859552
0.484531465554
-0.767431722549
-0.483587214466
-0.613205701718
-0.508060528621
0.0719282442099
-0.388869692832
0.741038964509
0.130995596657
1.25799584096
0.0967803678846
1.51760229015
-0.604135679346
-0.973883462789
-0.0910613820951
-0.855749218241
-0.512925503052
-0.452988251378
0.226712885794
1.16228755603
0.336542818842
-0.160436558204
0.0925802353138
-0.800580956001
-0.81102312253
-0.844100851865
0.826597719642
0.614656538228
0.0675337533951
-0.649969226701
0.444145703351
-0.623599878319
