4
0
3
2
1
136
-0.546482858303
0.443611379289
0.843438694478
0.537629649884
-0.668900041887
0.452293732196
-0.0540989248253
0.451606661028
1.05640074514
0.816808975667
-0.440645668846
-0.495826742225
-0.136346676898
0.467277580505
0.237461818703
-0.0699941893688
0.918134045527
0.780994706442
-0.740387705656
0.212221312962
-0.216102813604
-0.460179939791
0.909867784597
-0.156550966869
-0.0296097067869
-0.399383479202
0.795231146701
0.344018013255
0.0588012445697
-0.538201509754
-0.566347073663
0.803193724862
0.769903040948
1.97742670999
0.687976356388
-0.122139391857
-0.822547815143
-0.102343231514
-0.310185024079
0.824915702807
0.72739010236
0.603704028453
0.0305344004888
0.927112732408
0.622563839427
-0.277446214214
0.155964379216
-0.341423847145
-0.936586373194
-0.689913314277
0.540292809676
-0.747293380949
0.915711302965
0.85905564699
0.68402816393
0.0487684253004
0.878360579484
0.365635327823
-0.624874691269
-0.824041870556
-0.782807041318
-0.89900936269
-0.788586556821
0.0578504168152
-0.981171789622
-0.0588972448492
-0.806740273227
0.107554994178
0.507509613591
-0.45398576364
-0.949741345872
0.0973537935237
0.342420946329
0.287546648641
-0.154451126893
-0.682050065046
-0.907442224625
0.20302513669
0.734707963193
-0.125149629685
-0.241416438153
0.777890463428
0.590403927757
0.0659939853681
0.381760931468
0.451448479971
-0.178582639216
-0.508173322142
-0.0733654451393
0.44388154581
-0.234173502741
-0.581319542954
0.117964643254
-0.983887148804
0.841287047882
-0.52980628501
-0.198774545637
0.737478568758
-0.892194903391
0.105479513816
0.0808843117435
0.985156261581
0.151527263433
-0.657817859552
0.484531465554
-0.767431722549
-0.483587214466
-0.670675723967
-0.749842468111
0.0606061337238
-0.682326572513
0.741038964509
0.0736834407534
1.01683393569
0.0854839577288
1.22484216639
-0.604135679346
-0.973883462789
-0.0910613820951
-0.855749218241
-0.512925503052
-0.718679563624
0.0921300842643
1.02781035727
-0.0325286096914
-0.160436558204
0.0925802353138
-0.800580956001
-0.81102312253
-0.844100851865
0.826597719642
0.592702305802
0.0675337533951
-0.658698291474
0.444145703351
-0.623599878319
