4
0
3
2
1
136
-0.542995763601
0.573793290227
0.849225701172
0.666655016316
-0.668900041887
0.455777998519
0.0760146757422
0.457391889784
1.18535382033
0.816808975667
-0.440645668846
-0.495826742225
-0.136346676898
0.467277580505
0.73328811081
-0.0425360558966
0.945589776728
2.22562473515
-0.740387705656
0.212221312962
-0.216102813604
-0.460179939791
0.909867784597
-0.156550966869
0.0475913122362
-0.260498217405
0.795489797016
0.506345531454
0.221088311672
-0.37595487199
-0.566347073663
0.803193724862
0.769903040948
3.25505828695
0.687976356388
-0.00831749280728
-0.822547815143
-0.102343231514
-0.14797879391
0.987081547107
0.889515582499
0.603704028453
0.399902653333
1.01882740391
1.34259436171
-0.277446214214
0.155964379216
0.0277325478802
-0.844885352885
0.029749850189
0.540292809676
-0.747293380949
0.915711302965
0.85905564699
0.68402816393
0.349324316807
0.878360579484
0.365635327823
0.907075809474
-0.824041870556
-0.782807041318
-0.89900936269
-0.788586556821
0.0578504168152
-0.981171789622
0.0462719862217
-0.693092907301
0.107554994178
0.507509613591
-0.45398576364
-0.949741345872
0.0973537935237
0.342420946329
0.287546648641
-0.154451126893
-0.231487287825
-0.786556762569
0.806736711512
0.734707963193
-0.125149629685
0.208870103184
0.898714052308
1.19375552529
0.0659939853681
0.381760931468
0.451448479971
-0.178582639216
-0.508173322142
0.387325080467
0.44388154581
-0.234173502741
0.503951434465
0.117964643254
-0.983887148804
0.841287047882
-0.52980628501
-0.198774545637
0.737478568758
-0.865487063344
0.127508848811
0.0808843117435
0.985156261581
0.151527263433
-0.657817859552
0.484531465554
-0.767431722549
-0.483587214466
-0.559343381359
-0.226031365515
0.0854860953235
-0.0240136184511
0.741038964509
0.184793778779
1.53974010891
0.110322926011
1.88211998075
-0.604135679346
-0.973883462789
-0.0910613820951
-0.855749218241
-0.512925503052
-0.117947802726
0.343719215863
1.27926600457
1.00660792339
-0.160436558204
0.0925802353138
-0.800580956001
-0.81102312253
-0.844100851865
0.826597719642
0.652462925108
0.0675337533951
-0.642588329005
0.444145703351
-0.623599878319
