4
0
3
2
1
136
-0.542851132781
0.580347834362
0.849552187234
0.672617900824
-0.668900041887
0.455922619152
0.082568891387
0.457718369104
1.19131641507
0.816808975667
-0.440645668846
-0.495826742225
-0.136346676898
0.467277580505
0.758858607015
-0.0412191923475
0.946906629548
2.31968115019
-0.740387705656
0.212221312962
-0.216102813604
-0.460179939791
0.909867784597
-0.156550966869
0.0514737855918
-0.2519575838
0.795499376218
0.519842678725
0.234584372244
-0.362459897946
-0.566347073663
0.803193724862
0.769903040948
3.33556297398
0.687976356388
-0.00309500420165
-0.822547815143
-0.102343231514
-0.134484906222
1.00057434861
0.903007297991
0.603704028453
0.425304297177
1.03109463336
1.39590707142
-0.277446214214
0.155964379216
0.053124992588
-0.832619179072
0.0830450102638
0.540292809676
-0.747293380949
0.915711302965
0.85905564699
0.68402816393
0.368271189054
0.878360579484
0.365635327823
1.09184994632
-0.824041870556
-0.782807041318
-0.89900936269
-0.788586556821
0.0578504168152
-0.981171789622
0.0522336891957
-0.67558703836
0.107554994178
0.507509613591
-0.45398576364
-0.949741345872
0.0973537935237
0.342420946329
0.287546648641
-0.154451126893
-0.19682976148
-0.775199374078
0.852607233463
0.734707963193
-0.125149629685
0.243514818062
0.910068793342
1.23960957341
0.0659939853681
0.381760931468
0.451448479971
-0.178582639216
-0.508173322142
0.425520180929
0.44388154581
-0.234173502741
0.635589430905
0.117964643254
-0.983887148804
0.841287047882
-0.52980628501
-0.198774545637
0.737478568758
-0.862714902687
0.129232738324
0.0808843117435
0.985156261581
0.151527263433
-0.657817859552
0.484531465554
-0.767431722549
-0.483587214466
-0.555008279558
-0.198815120935
0.0866495116251
0.0125922561016
0.741038964509
0.18912727394
1.56694781279
0.111485890586
1.91871488402
-0.604135679346
-0.973883462789
-0.0910613820951
-0.855749218241
-0.512925503052
-0.0837147900909
0.353156491956
1.28870274036
1.10622495863
-0.160436558204
0.0925802353138
-0.800580956001
-0.81102312253
-0.844100851865
0.826597719642
0.657021837653
0.0675337533951
-0.642052141489
0.444145703351
-0.623599878319
