4
0
3
2
1
136
-0.54287393966
0.579306793377
0.849500026682
0.671673669463
-0.668900041887
0.45589981374
0.0815278981022
0.457666209526
1.19037222559
0.816808975667
-0.440645668846
-0.495826742225
-0.136346676898
0.467277580505
0.754797954477
-0.0414280096795
0.946697813774
2.30460206264
-0.740387705656
0.212221312962
-0.216102813604
-0.460179939791
0.909867784597
-0.156550966869
0.050858157778
-0.253322561453
0.795497872843
0.517666697636
0.232408554627
-0.364635552113
-0.566347073663
0.803193724862
0.769903040948
3.32266796903
0.687976356388
-0.00392153091207
-0.822547815143
-0.102343231514
-0.136660396965
0.998399021268
0.900832134025
0.603704028453
0.421389945511
1.02908818165
1.38766299304
-0.277446214214
0.155964379216
0.0492119153071
-0.834625471733
0.0748033934231
0.540292809676
-0.747293380949
0.915711302965
0.85905564699
0.68402816393
0.365373473773
0.878360579484
0.365635327823
1.0617026727
-0.824041870556
-0.782807041318
-0.89900936269
-0.788586556821
0.0578504168152
-0.981171789622
0.0513298653224
-0.678496191729
0.107554994178
0.507509613591
-0.45398576364
-0.949741345872
0.0973537935237
0.342420946329
0.287546648641
-0.154451126893
-0.202256175955
-0.777030136653
0.84545324968
0.734707963193
-0.125149629685
0.238090220955
0.908238403404
1.23245793256
0.0659939853681
0.381760931468
0.451448479971
-0.178582639216
-0.508173322142
0.419477942827
0.44388154581
-0.234173502741
0.61395001113
0.117964643254
-0.983887148804
0.841287047882
-0.52980628501
-0.198774545637
0.737478568758
-0.863156461355
0.128963952611
0.0808843117435
0.985156261581
0.151527263433
-0.657817859552
0.484531465554
-0.767431722549
-0.483587214466
-0.55568152378
-0.203103606046
0.0864686143509
0.00681025591498
0.741038964509
0.188454256659
1.56266054828
0.11130505739
1.91293446045
-0.604135679346
-0.973883462789
-0.0910613820951
-0.855749218241
-0.512925503052
-0.0891302558974
0.351688390753
1.28723471458
1.08982490027
-0.160436558204
0.0925802353138
-0.800580956001
-0.81102312253
-0.844100851865
0.826597719642
0.656292610679
0.0675337533951
-0.642134754455
0.444145703351
-0.623599878319
