4
0
3
2
1
136
-0.544253885302
0.521114511548
0.846750508736
0.617082445352
-0.668900041887
0.454520120436
0.0233430200232
0.454916854411
1.13578792368
0.816808975667
-0.440645668846
-0.495826742225
-0.136346676898
0.467277580505
0.528298995898
-0.0533165409044
0.934809529389
1.54583056472
-0.740387705656
0.212221312962
-0.216102813604
-0.460179939791
0.909867784597
-0.156550966869
0.0160089924567
-0.324218372922
0.795402188422
0.416685585286
0.131442224447
-0.465587104715
-0.566347073663
0.803193724862
0.769903040948
2.66580540089
0.687976356388
-0.0519591063616
-0.822547815143
-0.102343231514
-0.237597176575
0.897477010063
0.79992488664
0.603704028453
0.173721040692
0.953895585685
0.893893934824
-0.277446214214
0.155964379216
-0.198302477679
-0.909807466715
-0.418697636334
0.540292809676
-0.747293380949
0.915711302965
0.85905564699
0.68402816393
0.169517032936
0.878360579484
0.365635327823
-0.14213815463
-0.824041870556
-0.782807041318
-0.89900936269
-0.788586556821
0.0578504168152
-0.981171789622
-0.0152810336669
-0.776442899683
0.107554994178
0.507509613591
-0.45398576364
-0.949741345872
0.0973537935237
0.342420946329
0.287546648641
-0.154451126893
-0.509711719505
-0.863540009343
0.435490117329
0.734707963193
-0.125149629685
-0.0691700606302
0.821772242926
0.822742889284
0.0659939853681
0.381760931468
0.451448479971
-0.178582639216
-0.508173322142
0.100368966036
0.44388154581
-0.234173502741
-0.229196021013
0.117964643254
-0.983887148804
0.841287047882
-0.52980628501
-0.198774545637
0.737478568758
-0.883391185819
0.113798281937
0.0808843117435
0.985156261581
0.151527263433
-0.657817859552
0.484531465554
-0.767431722549
-0.483587214466
-0.602152546439
-0.456552551115
0.0745076940976
-0.324307283865
0.741038964509
0.142027343296
1.30941500637
0.0993552138912
1.58206213431
-0.604135679346
-0.973883462789
-0.0910613820951
-0.855749218241
-0.512925503052
-0.394342729854
0.251029457988
1.18659374572
0.429407077255
-0.160436558204
0.0925802353138
-0.800580956001
-0.81102312253
-0.844100851865
0.826597719642
0.620370987921
0.0675337533951
-0.648361770215
0.444145703351
-0.623599878319
