4
0
3
2
1
136
-0.542934744013
0.576545017374
0.849362211928
0.669163541548
-0.668900041887
0.455839013549
0.0787662566059
0.457528397528
1.18786221616
0.816808975667
-0.440645668846
-0.495826742225
-0.136346676898
0.467277580505
0.744024160547
-0.0419825950466
0.946143232794
2.26485559647
-0.740387705656
0.212221312962
-0.216102813604
-0.460179939791
0.909867784597
-0.156550966869
0.0492230797051
-0.256928214178
0.795493851607
0.511952825433
0.226695132668
-0.370348523899
-0.566347073663
0.803193724862
0.769903040948
3.28865788701
0.687976356388
-0.00611960529609
-0.822547815143
-0.102343231514
-0.142372918646
0.992686949621
0.895120512343
0.603704028453
0.410784402455
1.0238700544
1.36537610551
-0.277446214214
0.155964379216
0.0386100852306
-0.839843161229
0.0525236197354
0.540292809676
-0.747293380949
0.915711302965
0.85905564699
0.68402816393
0.357481513279
0.878360579484
0.365635327823
0.98318703874
-0.824041870556
-0.782807041318
-0.89900936269
-0.788586556821
0.0578504168152
-0.981171789622
0.0488536952948
-0.685976636089
0.107554994178
0.507509613591
-0.45398576364
-0.949741345872
0.0973537935237
0.342420946329
0.287546648641
-0.154451126893
-0.216797068573
-0.781836368416
0.82622770457
0.734707963193
-0.125149629685
0.2235545393
0.903433245338
1.21323909441
0.0659939853681
0.381760931468
0.451448479971
-0.178582639216
-0.508173322142
0.403402749348
0.44388154581
-0.234173502741
0.557899870005
0.117964643254
-0.983887148804
0.841287047882
-0.52980628501
-0.198774545637
0.737478568758
-0.86432625612
0.128241419875
0.0808843117435
0.985156261581
0.151527263433
-0.657817859552
0.484531465554
-0.767431722549
-0.483587214466
-0.557495566933
-0.214544351995
0.0859815568677
-0.00858949497132
0.741038964509
0.186640865551
1.55122328217
0.110818183519
1.89753918798
-0.604135679346
-0.973883462789
-0.0910613820951
-0.855749218241
-0.512925503052
-0.103538709784
0.347737309829
1.28328385205
1.04739226129
-0.160436558204
0.0925802353138
-0.800580956001
-0.81102312253
-0.844100851865
0.826597719642
0.654367056414
0.0675337533951
-0.642358562259
0.444145703351
-0.623599878319
