4
0
3
2
1
136
-0.543541017579
0.550048171954
0.848079281873
0.644686192665
-0.668900041887
0.45523280754
0.052271501503
0.45624551164
1.16338675831
0.816808975667
-0.440645668846
-0.495826742225
-0.136346676898
0.467277580505
0.640667059293
-0.0473502777559
0.940775618964
1.90247547896
-0.740387705656
0.212221312962
-0.216102813604
-0.460179939791
0.909867784597
-0.156550966869
0.0334170045179
-0.290340779582
0.795452741116
0.461666056868
0.176413981007
-0.420624059911
-0.566347073663
0.803193724862
0.769903040948
2.97687200388
0.687976356388
-0.0276139411461
-0.822547815143
-0.102343231514
-0.192642840264
0.942422641145
0.844861815753
0.603704028453
0.295834671061
0.982274535437
1.13051133282
-0.277446214214
0.155964379216
-0.076275888716
-0.881433556134
-0.182227065221
0.540292809676
-0.747293380949
0.915711302965
0.85905564699
0.68402816393
0.268732869175
0.878360579484
0.365635327823
0.338023015818
-0.824041870556
-0.782807041318
-0.89900936269
-0.788586556821
0.0578504168152
-0.981171789622
0.0196254055177
-0.741790987694
0.107554994178
0.507509613591
-0.45398576364
-0.949741345872
0.0973537935237
0.342420946329
0.287546648641
-0.154451126893
-0.363557966961
-0.824933402571
0.630438609266
0.734707963193
-0.125149629685
0.076874841271
0.860353873843
1.01755295054
0.0659939853681
0.381760931468
0.451448479971
-0.178582639216
-0.508173322142
0.24831113203
0.44388154581
-0.234173502741
0.107509193059
0.117964643254
-0.983887148804
0.841287047882
-0.52980628501
-0.198774545637
0.737478568758
-0.874877976795
0.12092206379
0.0808843117435
0.985156261581
0.151527263433
-0.657817859552
0.484531465554
-0.767431722549
-0.483587214466
-0.576943846096
-0.328095599895
0.0808273318964
-0.159242154829
0.741038964509
0.167204127803
1.43772960444
0.105667094738
1.74695830653
-0.604135679346
-0.973883462789
-0.0910613820951
-0.855749218241
-0.512925503052
-0.243326455329
0.305657200441
1.24120791851
0.706471050077
-0.160436558204
0.0925802353138
-0.800580956001
-0.81102312253
-0.844100851865
0.826597719642
0.636840705362
0.0675337533951
-0.644862896089
0.444145703351
-0.623599878319
