4
0
3
2
1
136
-0.542814584636
0.582022000584
0.849636315514
0.674134152442
-0.668900041887
0.455959165044
0.0842429841707
0.457802495887
1.19283260236
0.816808975667
-0.440645668846
-0.495826742225
-0.136346676898
0.467277580505
0.765388146179
-0.0408836438695
0.947242175631
2.34404198102
-0.740387705656
0.212221312962
-0.216102813604
-0.460179939791
0.909867784597
-0.156550966869
0.0524629845695
-0.249755803719
0.795501779739
0.523367239856
0.238108677533
-0.358935848461
-0.566347073663
0.803193724862
0.769903040948
3.35638664058
0.687976356388
-0.00176813352271
-0.822547815143
-0.102343231514
-0.130961112506
1.0040978866
0.90653058028
0.603704028453
0.431502860446
1.03436520884
1.40897968113
-0.277446214214
0.155964379216
0.0593216416041
-0.829348852515
0.0961139018922
0.540292809676
-0.747293380949
0.915711302965
0.85905564699
0.68402816393
0.372842668939
0.878360579484
0.365635327823
1.1409615755
-0.824041870556
-0.782807041318
-0.89900936269
-0.788586556821
0.0578504168152
-0.981171789622
0.0536537051113
-0.67080468877
0.107554994178
0.507509613591
-0.45398576364
-0.949741345872
0.0973537935237
0.342420946329
0.287546648641
-0.154451126893
-0.188167451416
-0.772232066603
0.864000523756
0.734707963193
-0.125149629685
0.252174366422
0.913035536215
1.25099929981
0.0659939853681
0.381760931468
0.451448479971
-0.178582639216
-0.508173322142
0.435216293833
0.44388154581
-0.234173502741
0.670992387243
0.117964643254
-0.983887148804
0.841287047882
-0.52980628501
-0.198774545637
0.737478568758
-0.862004700106
0.129660661425
0.0808843117435
0.985156261581
0.151527263433
-0.657817859552
0.484531465554
-0.767431722549
-0.483587214466
-0.55393772351
-0.191947273584
0.0869372902395
0.0218625264285
0.741038964509
0.190197485304
1.57381379613
0.111773571704
1.92798274047
-0.604135679346
-0.973883462789
-0.0910613820951
-0.855749218241
-0.512925503052
-0.075025797905
0.355493036624
1.29103917109
1.13307920886
-0.160436558204
0.0925802353138
-0.800580956001
-0.81102312253
-0.844100851865
0.826597719642
0.658198087312
0.0675337533951
-0.641921279762
0.444145703351
-0.623599878319
