4
0
3
2
1
136
-0.5430119415
0.573067034298
0.849189804416
0.665991686119
-0.668900041887
0.455761821897
0.07528846058
0.457355993871
1.18469052632
0.816808975667
-0.440645668846
-0.495826742225
-0.136346676898
0.467277580505
0.730454398322
-0.0426822790595
0.9454435549
2.21533240298
-0.740387705656
0.212221312962
-0.216102813604
-0.460179939791
0.909867784597
-0.156550966869
0.0471602174616
-0.261436663969
0.795488718845
0.504880032416
0.219622941592
-0.377420113134
-0.566347073663
0.803193724862
0.769903040948
3.24623804573
0.687976356388
-0.00889888132702
-0.822547815143
-0.102343231514
-0.149443906141
0.985616563766
0.888050728026
0.603704028453
0.396979333448
1.0175232654
1.33649047317
-0.277446214214
0.155964379216
0.0248104296307
-0.846189366574
0.0236482197453
0.540292809676
-0.747293380949
0.915711302965
0.85905564699
0.68402816393
0.347123006742
0.878360579484
0.365635327823
0.887341193674
-0.824041870556
-0.782807041318
-0.89900936269
-0.788586556821
0.0578504168152
-0.981171789622
0.0455714219093
-0.694915977446
0.107554994178
0.507509613591
-0.45398576364
-0.949741345872
0.0973537935237
0.342420946329
0.287546648641
-0.154451126893
-0.235396644905
-0.787791929102
0.801540345488
0.734707963193
-0.125149629685
0.204962374823
0.897479225892
1.18856124643
0.0659939853681
0.381760931468
0.451448479971
-0.178582639216
-0.508173322142
0.383072596789
0.44388154581
-0.234173502741
0.490019205696
0.117964643254
-0.983887148804
0.841287047882
-0.52980628501
-0.198774545637
0.737478568758
-0.865792263473
0.127313569623
0.0808843117435
0.985156261581
0.151527263433
-0.657817859552
0.484531465554
-0.767431722549
-0.483587214466
-0.559837779696
-0.229077074284
0.0853536623504
-0.0280967316253
0.741038964509
0.184299586434
1.53669547974
0.110190550634
1.87803824511
-0.604135679346
-0.973883462789
-0.0910613820951
-0.855749218241
-0.512925503052
-0.12175847694
0.342645180529
1.27819203953
0.996083288135
-0.160436558204
0.0925802353138
-0.800580956001
-0.81102312253
-0.844100851865
0.826597719642
0.651962984954
0.0675337533951
-0.64265010852
0.444145703351
-0.623599878319
