4
0
3
2
1
136
-0.544127307473
0.52608850255
0.846974193152
0.621897193842
-0.668900041887
0.454646654725
0.0283157970337
0.455140511044
1.14060150005
0.816808975667
-0.440645668846
-0.495826742225
-0.136346676898
0.467277580505
0.54754450729
-0.052282464656
0.935843564679
1.6042618309
-0.740387705656
0.212221312962
-0.216102813604
-0.460179939791
0.909867784597
-0.156550966869
0.0190050975074
-0.318599943201
0.7954113295
0.423662609923
0.138417591582
-0.458613394346
-0.566347073663
0.803193724862
0.769903040948
2.71713236791
0.687976356388
-0.0477066248437
-0.822547815143
-0.102343231514
-0.230625122235
0.904447409109
0.806893631127
0.603704028453
0.192172516228
0.957673843222
0.929093596578
-0.277446214214
0.155964379216
-0.179863161343
-0.906029885475
-0.383518467832
0.540292809676
-0.747293380949
0.915711302965
0.85905564699
0.68402816393
0.184771670121
0.878360579484
0.365635327823
-0.0759378633063
-0.824041870556
-0.782807041318
-0.89900936269
-0.788586556821
0.0578504168152
-0.981171789622
-0.00982054274321
-0.771987920969
0.107554994178
0.507509613591
-0.45398576364
-0.949741345872
0.0973537935237
0.342420946329
0.287546648641
-0.154451126893
-0.487754548106
-0.857851872585
0.464810058293
0.734707963193
-0.125149629685
-0.0472286764441
0.82745675202
0.852042404453
0.0659939853681
0.381760931468
0.451448479971
-0.178582639216
-0.508173322142
0.122455612477
0.44388154581
-0.234173502741
-0.182115676033
0.117964643254
-0.983887148804
0.841287047882
-0.52980628501
-0.198774545637
0.737478568758
-0.882201140805
0.114858800889
0.0808843117435
0.985156261581
0.151527263433
-0.657817859552
0.484531465554
-0.767431722549
-0.483587214466
-0.597560388265
-0.43438790302
0.07561704661
-0.296246026183
0.741038964509
0.146611983477
1.33154745638
0.100462844456
1.61008579211
-0.604135679346
-0.973883462789
-0.0910613820951
-0.855749218241
-0.512925503052
-0.368793983214
0.261046222191
1.19660709305
0.471961964299
-0.160436558204
0.0925802353138
-0.800580956001
-0.81102312253
-0.844100851865
0.826597719642
0.622976850822
0.0675337533951
-0.647705767155
0.444145703351
-0.623599878319
