4
0
3
2
1
136
-0.542863250142
0.57979437561
0.849524442094
0.67211604252
-0.668900041887
0.455910502564
0.0820154577946
0.457690624478
1.19081457885
0.816808975667
-0.440645668846
-0.495826742225
-0.136346676898
0.467277580505
0.756699839662
-0.0413301922101
0.946795630507
2.31165790902
-0.740387705656
0.212221312962
-0.216102813604
-0.460179939791
0.909867784597
-0.156550966869
0.0511465423556
-0.252683656993
0.795498577807
0.518684338005
0.23342611801
-0.363618065705
-0.566347073663
0.803193724862
0.769903040948
3.32870235503
0.687976356388
-0.00353428063159
-0.822547815143
-0.102343231514
-0.135642987519
0.999416353762
0.901849389579
0.603704028453
0.423228982209
1.03002528183
1.39153507629
-0.277446214214
0.155964379216
0.0510503468983
-0.833688446452
0.0786743092087
0.540292809676
-0.747293380949
0.915711302965
0.85905564699
0.68402816393
0.366735908619
0.878360579484
0.365635327823
1.0757849829
-0.824041870556
-0.782807041318
-0.89900936269
-0.788586556821
0.0578504168152
-0.981171789622
0.0517551804596
-0.677139802244
0.107554994178
0.507509613591
-0.45398576364
-0.949741345872
0.0973537935237
0.342420946329
0.287546648641
-0.154451126893
-0.199710874843
-0.776174023563
0.84881040231
0.734707963193
-0.125149629685
0.240634661139
0.909094339855
1.23581397553
0.0659939853681
0.381760931468
0.451448479971
-0.178582639216
-0.508173322142
0.422309100221
0.44388154581
-0.234173502741
0.624049629787
0.117964643254
-0.983887148804
0.841287047882
-0.52980628501
-0.198774545637
0.737478568758
-0.862949673281
0.129090092832
0.0808843117435
0.985156261581
0.151527263433
-0.657817859552
0.484531465554
-0.767431722549
-0.483587214466
-0.55536548307
-0.201093370882
0.0865535246364
0.00951994000136
0.741038964509
0.188770189843
1.56467020575
0.111389937326
1.91564339874
-0.604135679346
-0.973883462789
-0.0910613820951
-0.855749218241
-0.512925503052
-0.0865927275471
0.352377439476
1.28792372753
1.09747788808
-0.160436558204
0.0925802353138
-0.800580956001
-0.81102312253
-0.844100851865
0.826597719642
0.656633932888
0.0675337533951
-0.642095943075
0.444145703351
-0.623599878319
