4
0
3
2
1
136
-0.543482680653
0.552518712075
0.848196044757
0.646999582385
-0.668900041887
0.455291135389
0.054741768331
0.456362268634
1.16569989658
0.816808975667
-0.440645668846
-0.495826742225
-0.136346676898
0.467277580505
0.650295842349
-0.0468460896426
0.941279798019
1.93481316807
-0.740387705656
0.212221312962
-0.216102813604
-0.460179939791
0.909867784597
-0.156550966869
0.0348983699141
-0.287318463038
0.795456774887
0.465995836816
0.180743135716
-0.416295530267
-0.566347073663
0.803193724862
0.769903040948
3.00484306472
0.687976356388
-0.0255781894821
-0.822547815143
-0.102343231514
-0.188314935511
0.94674992118
0.849188471245
0.603704028453
0.307172092178
0.985487788987
1.15307408266
-0.277446214214
0.155964379216
-0.0649463494095
-0.878220816943
-0.159677885182
0.540292809676
-0.747293380949
0.915711302965
0.85905564699
0.68402816393
0.27771268479
0.878360579484
0.365635327823
0.389904581873
-0.824041870556
-0.782807041318
-0.89900936269
-0.788586556821
0.0578504168152
-0.981171789622
0.0226880992113
-0.737696189539
0.107554994178
0.507509613591
-0.45398576364
-0.949741345872
0.0973537935237
0.342420946329
0.287546648641
-0.154451126893
-0.349704310799
-0.821139093239
0.648936018312
0.734707963193
-0.125149629685
0.0907188253951
0.864146006574
1.03603818129
0.0659939853681
0.381760931468
0.451448479971
-0.178582639216
-0.508173322142
0.262544018794
0.44388154581
-0.234173502741
0.143471431021
0.117964643254
-0.983887148804
0.841287047882
-0.52980628501
-0.198774545637
0.737478568758
-0.873980371477
0.121607551585
0.0808843117435
0.985156261581
0.151527263433
-0.657817859552
0.484531465554
-0.767431722549
-0.483587214466
-0.574976209886
-0.317274822689
0.0813407979433
-0.145069579652
0.741038964509
0.169170156341
1.44854268113
0.106180136056
1.76112146466
-0.604135679346
-0.973883462789
-0.0910613820951
-0.855749218241
-0.512925503052
-0.230264129916
0.30990227198
1.24545237895
0.734006836272
-0.160436558204
0.0925802353138
-0.800580956001
-0.81102312253
-0.844100851865
0.826597719642
0.638386864784
0.0675337533951
-0.644601206488
0.444145703351
-0.623599878319
