4
0
3
2
1
136
-0.543941393704
0.533519368135
0.847311873048
0.629035260339
-0.668900041887
0.454832514601
0.0357451336859
0.455478156437
1.14773810646
0.816808975667
-0.440645668846
-0.495826742225
-0.136346676898
0.467277580505
0.57636146925
-0.0507443030234
0.937381674939
1.69377260451
-0.740387705656
0.212221312962
-0.216102813604
-0.460179939791
0.909867784597
-0.156550966869
0.0234805972011
-0.310044250612
0.795424629144
0.434670244263
0.149422859336
-0.447610492217
-0.566347073663
0.803193724862
0.769903040948
2.79546562408
0.687976356388
-0.0414063305506
-0.822547815143
-0.102343231514
-0.219624584773
0.915445582864
0.817889442134
0.603704028453
0.222142558538
0.96410754398
0.986587133895
-0.277446214214
0.155964379216
-0.149914168756
-0.899597357979
-0.326060263068
0.540292809676
-0.747293380949
0.915711302965
0.85905564699
0.68402816393
0.20936391144
0.878360579484
0.365635327823
0.0352550194567
-0.824041870556
-0.782807041318
-0.89900936269
-0.788586556821
0.0578504168152
-0.981171789622
-0.00107299596093
-0.764289802658
0.107554994178
0.507509613591
-0.45398576364
-0.949741345872
0.0973537935237
0.342420946329
0.287546648641
-0.154451126893
-0.452091208834
-0.848547566854
0.512374644388
0.734707963193
-0.125149629685
-0.0115920488915
0.836754899356
0.899572806256
0.0659939853681
0.381760931468
0.451448479971
-0.178582639216
-0.508173322142
0.158384394827
0.44388154581
-0.234173502741
-0.103612560932
0.117964643254
-0.983887148804
0.841287047882
-0.52980628501
-0.198774545637
0.737478568758
-0.880212231298
0.116586744518
0.0808843117435
0.985156261581
0.151527263433
-0.657817859552
0.484531465554
-0.767431722549
-0.483587214466
-0.590884078599
-0.40125822598
0.0772659383307
-0.253978326803
0.741038964509
0.153278774258
1.36463536176
0.102109467624
1.65230426556
-0.604135679346
-0.973883462789
-0.0910613820951
-0.855749218241
-0.512925503052
-0.330225865574
0.27554178935
1.2110985188
0.539097129552
-0.160436558204
0.0925802353138
-0.800580956001
-0.81102312253
-0.844100851865
0.826597719642
0.62704846457
0.0675337533951
-0.646766006085
0.444145703351
-0.623599878319
