4
0
3
2
1
136
-0.543344360542
0.558442021437
0.84847829814
0.652519479027
-0.668900041887
0.455429436496
0.0606644991116
0.456644509649
1.17121926457
0.816808975667
-0.440645668846
-0.495826742225
-0.136346676898
0.467277580505
0.67339287109
-0.0456404403071
0.942485428222
2.01355920231
-0.740387705656
0.212221312962
-0.216102813604
-0.460179939791
0.909867784597
-0.156550966869
0.038444574116
-0.27999272886
0.795466274037
0.476683477045
0.191429361827
-0.405610717912
-0.566347073663
0.803193724862
0.769903040948
3.07282066043
0.687976356388
-0.0207241528932
-0.822547815143
-0.102343231514
-0.177631536548
0.957431907114
0.85986904451
0.603704028453
0.334137160965
0.993746543857
1.20726489881
-0.277446214214
0.155964379216
-0.0379989251677
-0.8699632915
-0.105517852849
0.540292809676
-0.747293380949
0.915711302965
0.85905564699
0.68402816393
0.29888783146
0.878360579484
0.365635327823
0.521243609202
-0.824041870556
-0.782807041318
-0.89900936269
-0.788586556821
0.0578504168152
-0.981171789622
0.0298239485544
-0.727013304946
0.107554994178
0.507509613591
-0.45398576364
-0.949741345872
0.0973537935237
0.342420946329
0.287546648641
-0.154451126893
-0.316345355497
-0.811836941456
0.693504600957
0.734707963193
-0.125149629685
0.124055952865
0.873443305038
1.08057924043
0.0659939853681
0.381760931468
0.451448479971
-0.178582639216
-0.508173322142
0.297083774752
0.44388154581
-0.234173502741
0.234479343389
0.117964643254
-0.983887148804
0.841287047882
-0.52980628501
-0.198774545637
0.737478568758
-0.871738098525
0.123265676407
0.0808843117435
0.985156261581
0.151527263433
-0.657817859552
0.484531465554
-0.767431722549
-0.483587214466
-0.570386229458
-0.291496358777
0.0825469386568
-0.11114400859
0.741038964509
0.173756807313
1.47430492841
0.10738538514
1.79502704995
-0.604135679346
-0.973883462789
-0.0910613820951
-0.855749218241
-0.512925503052
-0.198924250995
0.319809310042
1.25535817908
0.803162085274
-0.160436558204
0.0925802353138
-0.800580956001
-0.81102312253
-0.844100851865
0.826597719642
0.642174829556
0.0675337533951
-0.643997801777
0.444145703351
-0.623599878319
