4
0
3
2
1
136
-0.543934187438
0.533810449124
0.847325189236
0.629313557312
-0.668900041887
0.454839718997
0.0360361610251
0.455491471424
1.14801635256
0.816808975667
-0.440645668846
-0.495826742225
-0.136346676898
0.467277580505
0.577491684725
-0.0506842098734
0.937441766291
1.69733319949
-0.740387705656
0.212221312962
-0.216102813604
-0.460179939791
0.909867784597
-0.156550966869
0.0236558553669
-0.309705215879
0.795425141577
0.435115720576
0.149868245907
-0.447165195353
-0.566347073663
0.803193724862
0.769903040948
2.79857455758
0.687976356388
-0.0411608087769
-0.822547815143
-0.102343231514
-0.219179377582
0.915890700416
0.818334470082
0.603704028453
0.223369193378
0.964380058589
0.988950468096
-0.277446214214
0.155964379216
-0.148688421379
-0.899324893222
-0.32369841741
0.540292809676
-0.747293380949
0.915711302965
0.85905564699
0.68402816393
0.21036530096
0.878360579484
0.365635327823
0.0399199858072
-0.824041870556
-0.782807041318
-0.89900936269
-0.788586556821
0.0578504168152
-0.981171789622
-0.000718526081209
-0.763960597465
0.107554994178
0.507509613591
-0.45398576364
-0.949741345872
0.0973537935237
0.342420946329
0.287546648641
-0.154451126893
-0.450630104113
-0.848164403906
0.514322463804
0.734707963193
-0.125149629685
-0.010132056194
0.837137805814
0.901519210644
0.0659939853681
0.381760931468
0.451448479971
-0.178582639216
-0.508173322142
0.159858597749
0.44388154581
-0.234173502741
-0.100333383156
0.117964643254
-0.983887148804
0.841287047882
-0.52980628501
-0.198774545637
0.737478568758
-0.880129078792
0.116657718603
0.0808843117435
0.985156261581
0.151527263433
-0.657817859552
0.484531465554
-0.767431722549
-0.483587214466
-0.590627407875
-0.399961744996
0.0773301323922
-0.252316255915
0.741038964509
0.153535111519
1.36593035578
0.102173580321
1.65396457321
-0.604135679346
-0.973883462789
-0.0910613820951
-0.855749218241
-0.512925503052
-0.328706966993
0.276097769646
1.21165435795
0.541819636162
-0.160436558204
0.0925802353138
-0.800580956001
-0.81102312253
-0.844100851865
0.826597719642
0.627212244705
0.0675337533951
-0.646730224826
0.444145703351
-0.623599878319
