4
0
3
2
1
136
-0.542891590293
0.578503043383
0.849459835005
0.670943933088
-0.668900041887
0.455882164279
0.0807241860411
0.457626018625
1.18964252259
0.816808975667
-0.440645668846
-0.495826742225
-0.136346676898
0.467277580505
0.751662677086
-0.0415893165068
0.946536508185
2.2929963045
-0.740387705656
0.212221312962
-0.216102813604
-0.460179939791
0.909867784597
-0.156550966869
0.0503825862327
-0.254374227962
0.795496707504
0.515994975233
0.230736960761
-0.366307017462
-0.566347073663
0.803193724862
0.769903040948
3.31274033027
0.687976356388
-0.0045604211588
-0.822547815143
-0.102343231514
-0.138331733816
0.996727812895
0.899161054111
0.603704028453
0.418336492754
1.02755370377
1.38123862787
-0.277446214214
0.155964379216
0.0461594923666
-0.836159824581
0.0683810097594
0.540292809676
-0.747293380949
0.915711302965
0.85905564699
0.68402816393
0.363107348454
0.878360579484
0.365635327823
1.03863318819
-0.824041870556
-0.782807041318
-0.89900936269
-0.788586556821
0.0578504168152
-0.981171789622
0.0506210317365
-0.680708591944
0.107554994178
0.507509613591
-0.45398576364
-0.949741345872
0.0973537935237
0.342420946329
0.287546648641
-0.154451126893
-0.206466395651
-0.778436316316
0.839894506147
0.734707963193
-0.125149629685
0.233881458523
0.906832523208
1.2269010663
0.0659939853681
0.381760931468
0.451448479971
-0.178582639216
-0.508173322142
0.414806361559
0.44388154581
-0.234173502741
0.597436430612
0.117964643254
-0.983887148804
0.841287047882
-0.52980628501
-0.198774545637
0.737478568758
-0.86349721449
0.128755067759
0.0808843117435
0.985156261581
0.151527263433
-0.657817859552
0.484531465554
-0.767431722549
-0.483587214466
-0.556205265408
-0.206423730067
0.0863279354461
0.00233739888327
0.741038964509
0.187930697139
1.55934140008
0.11116442984
1.90846286166
-0.604135679346
-0.973883462789
-0.0910613820951
-0.855749218241
-0.512925503052
-0.0933174554873
0.350546965341
1.28609334992
1.0773165219
-0.160436558204
0.0925802353138
-0.800580956001
-0.81102312253
-0.844100851865
0.826597719642
0.655730831073
0.0675337533951
-0.642199190667
0.444145703351
-0.623599878319
