4
0
3
2
1
136
-0.543109850733
0.568700868895
0.848975144456
0.661992622817
-0.668900041887
0.45566392104
0.0709225608993
0.457141339426
1.18069169978
0.816808975667
-0.440645668846
-0.495826742225
-0.136346676898
0.467277580505
0.713417662251
-0.0435626849871
0.94456315768
2.15399976811
-0.740387705656
0.212221312962
-0.216102813604
-0.460179939791
0.909867784597
-0.156550966869
0.0445649135158
-0.267044997526
0.79548216538
0.496198023451
0.210941744835
-0.386100497832
-0.566347073663
0.803193724862
0.769903040948
3.19362951233
0.687976356388
-0.0124056787929
-0.822547815143
-0.102343231514
-0.158123478928
0.976937802741
0.879372778615
0.603704028453
0.378970980778
1.00992450173
1.2990566786
-0.277446214214
0.155964379216
0.00681013612979
-0.853787348467
-0.0137706033931
0.540292809676
-0.747293380949
0.915711302965
0.85905564699
0.68402816393
0.333473956223
0.878360579484
0.365635327823
0.771806623477
-0.824041870556
-0.782807041318
-0.89900936269
-0.788586556821
0.0578504168152
-0.981171789622
0.0411914260555
-0.705402798665
0.107554994178
0.507509613591
-0.45398576364
-0.949741345872
0.0973537935237
0.342420946329
0.287546648641
-0.154451126893
-0.259161370647
-0.795130372451
0.769888013683
0.734707963193
-0.125149629685
0.181208374986
0.890143042366
1.15692262161
0.0659939853681
0.381760931468
0.451448479971
-0.178582639216
-0.508173322142
0.357441529784
0.44388154581
-0.234173502741
0.4088536456
0.117964643254
-0.983887148804
0.841287047882
-0.52980628501
-0.198774545637
0.737478568758
-0.867612603861
0.126124734114
0.0808843117435
0.985156261581
0.151527263433
-0.657817859552
0.484531465554
-0.767431722549
-0.483587214466
-0.562868959838
-0.247503535854
0.0845431437197
-0.0527399965368
0.741038964509
0.1812697788
1.51827613588
0.109380413937
1.85340401669
-0.604135679346
-0.973883462789
-0.0910613820951
-0.855749218241
-0.512925503052
-0.144724093176
0.336068858079
1.27161619074
0.934818210845
-0.160436558204
0.0925802353138
-0.800580956001
-0.81102312253
-0.844100851865
0.826597719642
0.64898257859
0.0675337533951
-0.643031644788
0.444145703351
-0.623599878319
