4
0
3
2
1
136
-0.54530329679
0.482367049982
0.845062488263
0.578481665721
-0.668900041887
0.45347138374
-0.0153869710021
0.453229259848
1.09720482991
0.816808975667
-0.440645668846
-0.495826742225
-0.136346676898
0.467277580505
0.380217247742
-0.0615082179569
0.926618453476
1.13041677334
-0.740387705656
0.212221312962
-0.216102813604
-0.460179939791
0.909867784597
-0.156550966869
-0.00718828713481
-0.364824592822
0.795323894779
0.372605569172
0.0873760761601
-0.509639393144
-0.566347073663
0.803193724862
0.769903040948
2.29590487797
0.687976356388
-0.0860925131169
-0.822547815143
-0.102343231514
-0.281635613111
0.853452417463
0.755914130025
0.603704028453
0.0751373732303
0.93515830556
0.707029251219
-0.277446214214
0.155964379216
-0.296835590535
-0.928541785766
-0.605474849844
0.540292809676
-0.747293380949
0.915711302965
0.85905564699
0.68402816393
0.0867657740242
0.878360579484
0.365635327823
-0.478104265413
-0.824041870556
-0.782807041318
-0.89900936269
-0.788586556821
0.0578504168152
-0.981171789622
-0.0451431553509
-0.797855107125
0.107554994178
0.507509613591
-0.45398576364
-0.949741345872
0.0973537935237
0.342420946329
0.287546648641
-0.154451126893
-0.627890686945
-0.893762438934
0.276659775282
0.734707963193
-0.125149629685
-0.187279172773
0.7915655076
0.664006548273
0.0659939853681
0.381760931468
0.451448479971
-0.178582639216
-0.508173322142
-0.0185897896339
0.44388154581
-0.234173502741
-0.472629339799
0.117964643254
-0.983887148804
0.841287047882
-0.52980628501
-0.198774545637
0.737478568758
-0.889495120635
0.108100650507
0.0808843117435
0.985156261581
0.151527263433
-0.657817859552
0.484531465554
-0.767431722549
-0.483587214466
-0.6393114949
-0.621666592729
0.066379367652
-0.528403549189
0.741038964509
0.104956792097
1.14465291975
0.0912437170707
1.3783665177
-0.604135679346
-0.973883462789
-0.0910613820951
-0.855749218241
-0.512925503052
-0.579360622732
0.167623319561
1.10323626605
0.153259920137
-0.160436558204
0.0925802353138
-0.800580956001
-0.81102312253
-0.844100851865
0.826597719642
0.603506378397
0.0675337533951
-0.653883518359
0.444145703351
-0.623599878319
