4
0
3
2
1
136
-0.54334601907
0.558370445425
0.848474867687
0.652452999923
-0.668900041887
0.455427778177
0.0605929294952
0.456641079332
1.17115279128
0.816808975667
-0.440645668846
-0.495826742225
-0.136346676898
0.467277580505
0.673113694543
-0.0456549826245
0.942470886116
2.01259742058
-0.740387705656
0.212221312962
-0.216102813604
-0.460179939791
0.909867784597
-0.156550966869
0.0384017724419
-0.280081914883
0.795466160685
0.476551767127
0.191297668277
-0.405742395099
-0.566347073663
0.803193724862
0.769903040948
3.07199150414
0.687976356388
-0.0207825832824
-0.822547815143
-0.102343231514
-0.177763197376
0.957300262641
0.859737416389
0.603704028453
0.333814581092
0.993642031103
1.20661211402
-0.277446214214
0.155964379216
-0.0383213047332
-0.870067789555
-0.106170284458
0.540292809676
-0.747293380949
0.915711302965
0.85905564699
0.68402816393
0.298636092327
0.878360579484
0.365635327823
0.519598200458
-0.824041870556
-0.782807041318
-0.89900936269
-0.788586556821
0.0578504168152
-0.981171789622
0.0297398633982
-0.72714993002
0.107554994178
0.507509613591
-0.45398576364
-0.949741345872
0.0973537935237
0.342420946329
0.287546648641
-0.154451126893
-0.316748342294
-0.811950930115
0.69296603999
0.734707963193
-0.125149629685
0.123653215954
0.873329371415
1.08004099507
0.0659939853681
0.381760931468
0.451448479971
-0.178582639216
-0.508173322142
0.296663971173
0.44388154581
-0.234173502741
0.233338646336
0.117964643254
-0.983887148804
0.841287047882
-0.52980628501
-0.198774545637
0.737478568758
-0.871765891943
0.12324558884
0.0808843117435
0.985156261581
0.151527263433
-0.657817859552
0.484531465554
-0.767431722549
-0.483587214466
-0.57044061071
-0.291806354101
0.0825325854969
-0.111553311368
0.741038964509
0.173702462205
1.47399511131
0.107371041749
1.79461796808
-0.604135679346
-0.973883462789
-0.0910613820951
-0.855749218241
-0.512925503052
-0.199302976286
0.319691871127
1.25524075339
0.802298498164
-0.160436558204
0.0925802353138
-0.800580956001
-0.81102312253
-0.844100851865
0.826597719642
0.642128398161
0.0675337533951
-0.644004892094
0.444145703351
-0.623599878319
