4
0
3
2
1
136
-0.545583179328
0.472736442462
0.844654829062
0.568558187168
-0.668900041887
0.453191814776
-0.0250099737867
0.452821797269
1.08728938313
0.816808975667
-0.440645668846
-0.495826742225
-0.136346676898
0.467277580505
0.344122263622
-0.0635863654215
0.924540572772
1.0377040834
-0.740387705656
0.212221312962
-0.216102813604
-0.460179939791
0.909867784597
-0.156550966869
-0.0128642695659
-0.373998273625
0.795302312154
0.364234579276
0.0790084844852
-0.518003588958
-0.566347073663
0.803193724862
0.769903040948
2.21205757425
0.687976356388
-0.0948649838985
-0.822547815143
-0.102343231514
-0.289996415422
0.8450950063
0.747560107656
0.603704028453
0.0605385530913
0.932508381958
0.67939805303
-0.277446214214
0.155964379216
-0.311429082018
-0.931191363867
-0.63309641737
0.540292809676
-0.747293380949
0.915711302965
0.85905564699
0.68402816393
0.074361111024
0.878360579484
0.365635327823
-0.526342028607
-0.824041870556
-0.782807041318
-0.89900936269
-0.788586556821
0.0578504168152
-0.981171789622
-0.0496336197296
-0.800799829287
0.107554994178
0.507509613591
-0.45398576364
-0.949741345872
0.0973537935237
0.342420946329
0.287546648641
-0.154451126893
-0.645567972879
-0.898237270687
0.252693692193
0.734707963193
-0.125149629685
-0.204948567561
0.787092385788
0.640051697438
0.0659939853681
0.381760931468
0.451448479971
-0.178582639216
-0.508173322142
-0.0364433960924
0.44388154581
-0.234173502741
-0.508204559248
0.117964643254
-0.983887148804
0.841287047882
-0.52980628501
-0.198774545637
0.737478568758
-0.890380289069
0.107246365121
0.0808843117435
0.985156261581
0.151527263433
-0.657817859552
0.484531465554
-0.767431722549
-0.483587214466
-0.648086163367
-0.658079664178
0.0646790370204
-0.572432915153
0.741038964509
0.0962079027778
1.10833925005
0.0895474651507
1.33444850481
-0.604135679346
-0.973883462789
-0.0910613820951
-0.855749218241
-0.512925503052
-0.619202090944
0.147073695803
1.08270375084
0.0988417540191
-0.160436558204
0.0925802353138
-0.800580956001
-0.81102312253
-0.844100851865
0.826597719642
0.600280189368
0.0675337533951
-0.655222681981
0.444145703351
-0.623599878319
