4
0
3
2
1
136
-0.542985849182
0.574239047951
0.849247760926
0.667061890173
-0.668900041887
0.45578791217
0.076460408899
0.457413949032
1.18576067241
0.816808975667
-0.440645668846
-0.495826742225
-0.136346676898
0.467277580505
0.735027341434
-0.0424463388235
0.945679492995
2.23195468563
-0.740387705656
0.212221312962
-0.216102813604
-0.460179939791
0.909867784597
-0.156550966869
0.0478558201291
-0.259921439803
0.7954904571
0.507248010705
0.22199071263
-0.375052549311
-0.566347073663
0.803193724862
0.769903040948
3.26048176814
0.687976356388
-0.00796092161543
-0.822547815143
-0.102343231514
-0.147076549498
0.987983713265
0.890417670418
0.603704028453
0.40168639932
1.01963343298
1.34632232094
-0.277446214214
0.155964379216
0.029515575291
-0.844079399655
0.0334764555955
0.540292809676
-0.747293380949
0.915711302965
0.85905564699
0.68402816393
0.350665471461
0.878360579484
0.365635327823
0.919261488191
-0.824041870556
-0.782807041318
-0.89900936269
-0.788586556821
0.0578504168152
-0.981171789622
0.0466980048756
-0.691962633579
0.107554994178
0.507509613591
-0.45398576364
-0.949741345872
0.0973537935237
0.342420946329
0.287546648641
-0.154451126893
-0.229094355786
-0.785796491324
0.809915622982
0.734707963193
-0.125149629685
0.211262057006
0.899474119666
1.19693318244
0.0659939853681
0.381760931468
0.451448479971
-0.178582639216
-0.508173322142
0.389933344542
0.44388154581
-0.234173502741
0.512565298399
0.117964643254
-0.983887148804
0.841287047882
-0.52980628501
-0.198774545637
0.737478568758
-0.865299468324
0.12762832053
0.0808843117435
0.985156261581
0.151527263433
-0.657817859552
0.484531465554
-0.767431722549
-0.483587214466
-0.559041318836
-0.224164826153
0.0855670367157
-0.0215099586548
0.741038964509
0.18509571783
1.54160599961
0.110403832845
1.88462281194
-0.604135679346
-0.973883462789
-0.0910613820951
-0.855749218241
-0.512925503052
-0.115610420202
0.344375628973
1.27992237566
1.01311650947
-0.160436558204
0.0925802353138
-0.800580956001
-0.81102312253
-0.844100851865
0.826597719642
0.652770331788
0.0675337533951
-0.642550646382
0.444145703351
-0.623599878319
