4
0
3
2
1
136
-0.542865701257
0.579682518022
0.849518838629
0.67201457716
-0.668900041887
0.455908051608
0.081903605346
0.457685021117
1.19071311801
0.816808975667
-0.440645668846
-0.495826742225
-0.136346676898
0.467277580505
0.75626352855
-0.0413526303356
0.94677319255
2.31003818007
-0.740387705656
0.212221312962
-0.216102813604
-0.460179939791
0.909867784597
-0.156550966869
0.051080390858
-0.252830291676
0.795498416211
0.518450644033
0.233192441634
-0.363851724488
-0.566347073663
0.803193724862
0.769903040948
3.32731719239
0.687976356388
-0.00362309928358
-0.822547815143
-0.102343231514
-0.135876628711
0.999182730158
0.90161578356
0.603704028453
0.422807972333
1.02980988592
1.39064846055
-0.277446214214
0.155964379216
0.0506294745494
-0.833903825246
0.0777879590183
0.540292809676
-0.747293380949
0.915711302965
0.85905564699
0.68402816393
0.36642416799
0.878360579484
0.365635327823
1.07254848133
-0.824041870556
-0.782807041318
-0.89900936269
-0.788586556821
0.0578504168152
-0.981171789622
0.0516579197434
-0.677451930521
0.107554994178
0.507509613591
-0.45398576364
-0.949741345872
0.0973537935237
0.342420946329
0.287546648641
-0.154451126893
-0.200294211609
-0.77637063465
0.848041237445
0.734707963193
-0.125149629685
0.240051520354
0.90889776896
1.2350450633
0.0659939853681
0.381760931468
0.451448479971
-0.178582639216
-0.508173322142
0.42165978442
0.44388154581
-0.234173502741
0.621727148924
0.117964643254
-0.983887148804
0.841287047882
-0.52980628501
-0.198774545637
0.737478568758
-0.862997116961
0.129061193596
0.0808843117435
0.985156261581
0.151527263433
-0.657817859552
0.484531465554
-0.767431722549
-0.483587214466
-0.555437874748
-0.201554284241
0.0865340739333
0.00889855484017
0.741038964509
0.188697822639
1.56420942398
0.111370493533
1.91502218352
-0.604135679346
-0.973883462789
-0.0910613820951
-0.855749218241
-0.512925503052
-0.0871746936347
0.352219588471
1.28776588466
1.09571782801
-0.160436558204
0.0925802353138
-0.800580956001
-0.81102312253
-0.844100851865
0.826597719642
0.656555594736
0.0675337533951
-0.642104828389
0.444145703351
-0.623599878319
