4
0
3
2
1
136
-0.543658001018
0.545142449613
0.847849057348
0.640072822988
-0.668900041887
0.455115844417
0.0473663846895
0.456015300265
1.15877394927
0.816808975667
-0.440645668846
-0.495826742225
-0.136346676898
0.467277580505
0.621558089582
-0.0483537961532
0.939772120682
1.83914548899
-0.740387705656
0.212221312962
-0.216102813604
-0.460179939791
0.909867784597
-0.156550966869
0.0304720210242
-0.296283407306
0.795444603775
0.453294153688
0.168043379902
-0.428993359331
-0.566347073663
0.803193724862
0.769903040948
2.92199297309
0.687976356388
-0.0316760208582
-0.822547815143
-0.102343231514
-0.201010838387
0.934055943928
0.836496419054
0.603704028453
0.273378432069
0.976289193238
1.08618268662
-0.277446214214
0.155964379216
-0.0987159625554
-0.88741789211
-0.22652814228
0.540292809676
-0.747293380949
0.915711302965
0.85905564699
0.68402816393
0.250819614528
0.878360579484
0.365635327823
0.240094828456
-0.824041870556
-0.782807041318
-0.89900936269
-0.788586556821
0.0578504168152
-0.981171789622
0.0134567733085
-0.749326527216
0.107554994178
0.507509613591
-0.45398576364
-0.949741345872
0.0973537935237
0.342420946329
0.287546648641
-0.154451126893
-0.390765015199
-0.832292292846
0.594134719496
0.734707963193
-0.125149629685
0.0496875873233
0.852999477084
0.981273985458
0.0659939853681
0.381760931468
0.451448479971
-0.178582639216
-0.508173322142
0.220512375
0.44388154581
-0.234173502741
0.0395213681962
0.117964643254
-0.983887148804
0.841287047882
-0.52980628501
-0.198774545637
0.737478568758
-0.876587323438
0.119581594645
0.0808843117435
0.985156261581
0.151527263433
-0.657817859552
0.484531465554
-0.767431722549
-0.483587214466
-0.580942353337
-0.34968634308
0.0797913637176
-0.187398054729
0.741038964509
0.163209243472
1.41615595285
0.104632070388
1.71882316521
-0.604135679346
-0.973883462789
-0.0910613820951
-0.855749218241
-0.512925503052
-0.269226297497
0.297030054459
1.23258217916
0.653881647896
-0.160436558204
0.0925802353138
-0.800580956001
-0.81102312253
-0.844100851865
0.826597719642
0.63383223244
0.0675337533951
-0.645400120011
0.444145703351
-0.623599878319
