4
0
3
2
1
136
-0.544439969496
0.513924388789
0.84643030138
0.610068890132
-0.668900041887
0.454334111858
0.0161549688586
0.454596695156
1.12877639113
0.816808975667
-0.440645668846
-0.495826742225
-0.136346676898
0.467277580505
0.500552581553
-0.0548179250915
0.933308215407
1.46345447132
-0.740387705656
0.212221312962
-0.216102813604
-0.460179939791
0.909867784597
-0.156550966869
0.0116802483686
-0.332182646627
0.795388626435
0.407149387296
0.121908507112
-0.475118342591
-0.566347073663
0.803193724862
0.769903040948
2.59317015898
0.687976356388
-0.0581569657121
-0.822547815143
-0.102343231514
-0.247125936189
0.887950727518
0.790401079968
0.603704028453
0.149520302807
0.949104847186
0.847888807273
-0.277446214214
0.155964379216
-0.222488447309
-0.914597375321
-0.464677694163
0.540292809676
-0.747293380949
0.915711302965
0.85905564699
0.68402816393
0.149387429888
0.878360579484
0.365635327823
-0.226941806376
-0.824041870556
-0.782807041318
-0.89900936269
-0.788586556821
0.0578504168152
-0.981171789622
-0.0225163390437
-0.782022906416
0.107554994178
0.507509613591
-0.45398576364
-0.949741345872
0.0973537935237
0.342420946329
0.287546648641
-0.154451126893
-0.538558873118
-0.870973614382
0.396903049657
0.734707963193
-0.125149629685
-0.0979975934165
0.814343119012
0.784181521023
0.0659939853681
0.381760931468
0.451448479971
-0.178582639216
-0.508173322142
0.0713645855984
0.44388154581
-0.234173502741
-0.289918427858
0.117964643254
-0.983887148804
0.841287047882
-0.52980628501
-0.198774545637
0.737478568758
-0.884921795671
0.112407313265
0.0808843117435
0.985156261581
0.151527263433
-0.657817859552
0.484531465554
-0.767431722549
-0.483587214466
-0.608937308641
-0.488458735903
0.0729086168047
-0.364404280588
0.741038964509
0.135255169196
1.27756148806
0.0977588941571
1.54202613462
-0.604135679346
-0.973883462789
-0.0910613820951
-0.855749218241
-0.512925503052
-0.430784435022
0.236142055349
1.17171233456
0.370983645144
-0.160436558204
0.0925802353138
-0.800580956001
-0.81102312253
-0.844100851865
0.826597719642
0.616777136185
0.0675337533951
-0.649344036866
0.444145703351
-0.623599878319
