4
0
3
2
1
136
-0.545731251081
0.467754009651
0.844445263343
0.563367680692
-0.668900041887
0.453043939476
-0.0299877520551
0.45261235456
1.08210386765
0.816808975667
-0.440645668846
-0.495826742225
-0.136346676898
0.467277580505
0.325593605161
-0.0646689561553
0.923458146537
0.991307924856
-0.740387705656
0.212221312962
-0.216102813604
-0.460179939791
0.909867784597
-0.156550966869
-0.0157779628665
-0.37859406206
0.795290783231
0.360258455174
0.0750340687961
-0.521976297466
-0.566347073663
0.803193724862
0.769903040948
2.16991676207
0.687976356388
-0.0994505430649
-0.822547815143
-0.102343231514
-0.293967417978
0.841125708466
0.743592513315
0.603704028453
0.0540632293197
0.931338786655
0.667138459633
-0.277446214214
0.155964379216
-0.317902206944
-0.932360813184
-0.645351998242
0.540292809676
-0.747293380949
0.915711302965
0.85905564699
0.68402816393
0.0688486317952
0.878360579484
0.365635327823
-0.547668418974
-0.824041870556
-0.782807041318
-0.89900936269
-0.788586556821
0.0578504168152
-0.981171789622
-0.0516291762537
-0.802093679954
0.107554994178
0.507509613591
-0.45398576364
-0.949741345872
0.0973537935237
0.342420946329
0.287546648641
-0.154451126893
-0.653424368596
-0.900222864789
0.242021627177
0.734707963193
-0.125149629685
-0.212801669936
0.785107499784
0.629384378463
0.0659939853681
0.381760931468
0.451448479971
-0.178582639216
-0.508173322142
-0.0443855944924
0.44388154581
-0.234173502741
-0.52397966329
0.117964643254
-0.983887148804
0.841287047882
-0.52980628501
-0.198774545637
0.737478568758
-0.890772311427
0.106866328494
0.0808843117435
0.985156261581
0.151527263433
-0.657817859552
0.484531465554
-0.767431722549
-0.483587214466
-0.65241050576
-0.675815687723
0.0638679338114
-0.593780575024
0.741038964509
0.0918964074346
1.0906530043
0.0887383031775
1.31315647047
-0.604135679346
-0.973883462789
-0.0910613820951
-0.855749218241
-0.512925503052
-0.638520674187
0.136793583719
1.07243270529
0.0728794342418
-0.160436558204
0.0925802353138
-0.800580956001
-0.81102312253
-0.844100851865
0.826597719642
0.598758737585
0.0675337533951
-0.655885323099
0.444145703351
-0.623599878319
