4
0
3
2
1
136
-0.545644348623
0.470668848818
0.84456776346
0.566409031133
-0.668900041887
0.453130723906
-0.0270757001074
0.452734780786
1.08514222299
0.816808975667
-0.440645668846
-0.495826742225
-0.136346676898
0.467277580505
0.336420638028
-0.0640349803187
0.924092023762
1.01832248428
-0.740387705656
0.212221312962
-0.216102813604
-0.460179939791
0.909867784597
-0.156550966869
-0.0140754418535
-0.375917950563
0.795297558614
0.362556241304
0.0773308601606
-0.519680500146
-0.566347073663
0.803193724862
0.769903040948
2.1944682247
0.687976356388
-0.096763949233
-0.822547815143
-0.102343231514
-0.291672613984
0.843419519854
0.745885332816
0.603704028453
0.0577697836698
0.932007879371
0.674156335714
-0.277446214214
0.155964379216
-0.314196899128
-0.931691803493
-0.638336399833
0.540292809676
-0.747293380949
0.915711302965
0.85905564699
0.68402816393
0.072004801286
0.878360579484
0.365635327823
-0.535465713271
-0.824041870556
-0.782807041318
-0.89900936269
-0.788586556821
0.0578504168152
-0.981171789622
-0.0504866252737
-0.801353935042
0.107554994178
0.507509613591
-0.45398576364
-0.949741345872
0.0973537935237
0.342420946329
0.287546648641
-0.154451126893
-0.648926106793
-0.899086224673
0.248133613639
0.734707963193
-0.125149629685
-0.208305277875
0.786243738307
0.635493665934
0.0659939853681
0.381760931468
0.451448479971
-0.178582639216
-0.508173322142
-0.0398376276395
0.44388154581
-0.234173502741
-0.514949869019
0.117964643254
-0.983887148804
0.841287047882
-0.52980628501
-0.198774545637
0.737478568758
-0.890547950367
0.107083951157
0.0808843117435
0.985156261581
0.151527263433
-0.657817859552
0.484531465554
-0.767431722549
-0.483587214466
-0.649900653736
-0.665536002439
0.0643366490927
-0.581414905471
0.741038964509
0.0943988031223
1.1009037653
0.0892058983919
1.32548982669
-0.604135679346
-0.973883462789
-0.0910613820951
-0.855749218241
-0.512925503052
-0.627330133695
0.142772982298
1.07840679613
0.0878874063034
-0.160436558204
0.0925802353138
-0.800580956001
-0.81102312253
-0.844100851865
0.826597719642
0.599636806623
0.0675337533951
-0.655500536558
0.444145703351
-0.623599878319
