4
0
3
2
1
136
-0.543737871668
0.541829657046
0.847694785922
0.636942432353
-0.668900041887
0.455035989404
0.0440540530474
0.455861038933
1.15564398837
0.816808975667
-0.440645668846
-0.495826742225
-0.136346676898
0.467277580505
0.60866370822
-0.0490332656546
0.939092666529
1.79704255255
-0.740387705656
0.212221312962
-0.216102813604
-0.460179939791
0.909867784597
-0.156550966869
0.0284810436947
-0.300251654363
0.795439011342
0.447811712669
0.162561862526
-0.434473953362
-0.566347073663
0.803193724862
0.769903040948
2.88543053522
0.687976356388
-0.0344340513203
-0.822547815143
-0.102343231514
-0.206490509371
0.928577195693
0.83101859327
0.603704028453
0.258392176631
0.972537629246
1.05684700293
-0.277446214214
0.155964379216
-0.11369118738
-0.891168798381
-0.255845166608
0.540292809676
-0.747293380949
0.915711302965
0.85905564699
0.68402816393
0.238775391489
0.878360579484
0.365635327823
0.177815261494
-0.824041870556
-0.782807041318
-0.89900936269
-0.788586556821
0.0578504168152
-0.981171789622
0.00926889129291
-0.75398844689
0.107554994178
0.507509613591
-0.45398576364
-0.949741345872
0.0973537935237
0.342420946329
0.287546648641
-0.154451126893
-0.408786020025
-0.837110333957
0.570102905445
0.734707963193
-0.125149629685
0.031680114947
0.848184531461
0.957259233936
0.0659939853681
0.381760931468
0.451448479971
-0.178582639216
-0.508173322142
0.202191826156
0.44388154581
-0.234173502741
-0.00383576722031
0.117964643254
-0.983887148804
0.841287047882
-0.52980628501
-0.198774545637
0.737478568758
-0.877683188609
0.118697894661
0.0808843117435
0.985156261581
0.151527263433
-0.657817859552
0.484531465554
-0.767431722549
-0.483587214466
-0.583710107444
-0.364334373136
0.0790806597014
-0.20640594493
0.741038964509
0.16044429042
1.40152091995
0.103922083902
1.69983094539
-0.604135679346
-0.973883462789
-0.0910613820951
-0.855749218241
-0.512925503052
-0.286674800018
0.291055316259
1.2266085549
0.619832845095
-0.160436558204
0.0925802353138
-0.800580956001
-0.81102312253
-0.844100851865
0.826597719642
0.631848501789
0.0675337533951
-0.6457761489
0.444145703351
-0.623599878319
