4
0
3
2
1
136
-0.543464865031
0.553276438623
0.848231968675
0.647707791757
-0.668900041887
0.455308948371
0.0554994150073
0.456398190836
1.16640803266
0.816808975667
-0.440645668846
-0.495826742225
-0.136346676898
0.467277580505
0.653249657964
-0.0466916102935
0.941434274724
1.94479099759
-0.740387705656
0.212221312962
-0.216102813604
-0.460179939791
0.909867784597
-0.156550966869
0.0353524557602
-0.286387569702
0.795458003537
0.467338959986
0.182086071276
-0.414952782267
-0.566347073663
0.803193724862
0.769903040948
3.01346685103
0.687976356388
-0.0249551395891
-0.822547815143
-0.102343231514
-0.186972375019
0.948092294215
0.850530656872
0.603704028453
0.310644039459
0.986500418977
1.16000936126
-0.277446214214
0.155964379216
-0.0614767672697
-0.87720834499
-0.152746698175
0.540292809676
-0.747293380949
0.915711302965
0.85905564699
0.68402816393
0.280453759466
0.878360579484
0.365635327823
0.406159638654
-0.824041870556
-0.782807041318
-0.89900936269
-0.788586556821
0.0578504168152
-0.981171789622
0.0236187890057
-0.736398617145
0.107554994178
0.507509613591
-0.45398576364
-0.949741345872
0.0973537935237
0.342420946329
0.287546648641
-0.154451126893
-0.345443269789
-0.819964681954
0.654626915041
0.734707963193
-0.125149629685
0.0949769574023
0.865319766086
1.04172541395
0.0659939853681
0.381760931468
0.451448479971
-0.178582639216
-0.508173322142
0.266933778711
0.44388154581
-0.234173502741
0.154734616928
0.117964643254
-0.983887148804
0.841287047882
-0.52980628501
-0.198774545637
0.737478568758
-0.873700421581
0.121818776676
0.0808843117435
0.985156261581
0.151527263433
-0.657817859552
0.484531465554
-0.767431722549
-0.483587214466
-0.574378970111
-0.31396374762
0.0814970972221
-0.14072476992
0.741038964509
0.169766930106
1.45185150925
0.106336311524
1.76546351821
-0.604135679346
-0.973883462789
-0.0910613820951
-0.855749218241
-0.512925503052
-0.226256186678
0.311190909891
1.2467408413
0.742601153296
-0.160436558204
0.0925802353138
-0.800580956001
-0.81102312253
-0.844100851865
0.826597719642
0.638865141222
0.0675337533951
-0.64452213051
0.444145703351
-0.623599878319
