4
0
3
2
1
136
0.453687390999
-0.829310026229
0.114958897468
-0.522528714013
0.731620888425
-0.989440963731
0.675348308848
-0.85456368353
0.923575316845
-0.206148253119
-0.844611633722
0.753104955419
0.31177309864
-0.989008969419
0.316843174274
0.363324649259
-0.940759285629
0.769862618599
0.442683614171
0.633676384472
0.541671472831
-0.217106278727
0.402610617009
0.0794071756768
0.719023409822
-0.870962186959
-0.978620478869
0.553121464518
0.0190502330812
-0.937936157343
-0.37141279685
-0.666631896108
-0.291384701993
1.26040428793
-0.923177382774
0.880393165528
0.13952757069
-0.200406291451
0.867220514634
-0.127081937648
0.71132226791
-0.407551581222
0.197259550167
-0.959695817293
0.673551974604
0.708281213852
-0.207320968033
-0.968190286858
0.0820328326459
-0.816512587468
0.395567061295
-0.372358144143
0.644246950645
-0.560741409989
0.887613233366
0.069103356888
0.0249241149426
0.270352889772
0.993521511626
0.770552295307
-0.113329695897
0.593746283323
-0.0692156549379
0.308223783161
-0.925003413907
-0.542627395805
0.231810346208
-0.800810246359
-0.413623846621
-0.345642427457
-0.384551154654
-0.366611219086
0.906863550535
0.723528304794
0.134136593497
0.721495387694
0.905351921756
-0.773562158502
-0.0284945552565
-0.128632744751
0.139666509614
0.60346934301
0.803652470448
0.167821372003
0.415753662098
0.72020036289
0.964567217668
-0.723619704565
0.0372709980285
0.488099227411
-0.0245252243888
0.55533828318
-0.55109349169
-0.3233259529
0.698084332482
-0.865970557334
0.840419622854
0.916167658693
-0.0392961292523
-0.420894298382
-0.402689060303
-0.57105922015
0.641896697221
-0.960390287718
0.109943654647
-0.685791212527
0.243679258584
-0.280568187605
-0.344029099296
0.504352608506
0.753928243579
0.0220383348954
0.951429203692
-0.214791019954
-0.0269811773301
-0.153097427808
-0.357171856114
-0.306852882494
-0.240947122158
-0.309623945315
0.658174301327
0.771837595035
-0.948384956853
-0.172765169235
-0.0218721362618
-0.371845374049
0.632881688671
-0.692969295025
0.58635664661
0.534357715074
0.0948878780752
0.700545415996
-0.46616594752
0.403116938718
-0.199854509962
0.977326749477
