4
0
3
2
1
136
-0.542899304744
0.57815228029
0.849442316685
0.670625270464
-0.668900041887
0.455874450348
0.0803734398109
0.45760850065
1.18932387479
0.816808975667
-0.440645668846
-0.495826742225
-0.136346676898
0.467277580505
0.750294366741
-0.0416597358166
0.946466089425
2.28794135912
-0.740387705656
0.212221312962
-0.216102813604
-0.460179939791
0.909867784597
-0.156550966869
0.0501749704887
-0.254832586279
0.79549619767
0.515267689366
0.230009731627
-0.367034189871
-0.566347073663
0.803193724862
0.769903040948
3.30841550179
0.687976356388
-0.00483944570615
-0.822547815143
-0.102343231514
-0.139058849508
0.996000753911
0.898434051825
0.603704028453
0.416995412721
1.02688809221
1.37841894796
-0.277446214214
0.155964379216
0.0448188745971
-0.836825380971
0.0655622171532
0.540292809676
-0.747293380949
0.915711302965
0.85905564699
0.68402816393
0.362110500594
0.878360579484
0.365635327823
1.02862186737
-0.824041870556
-0.782807041318
-0.89900936269
-0.788586556821
0.0578504168152
-0.981171789622
0.0503086647906
-0.681664957755
0.107554994178
0.507509613591
-0.45398576364
-0.949741345872
0.0973537935237
0.342420946329
0.287546648641
-0.154451126893
-0.208309364245
-0.779048038856
0.837459125604
0.734707963193
-0.125149629685
0.232039140949
0.90622093465
1.22446652401
0.0659939853681
0.381760931468
0.451448479971
-0.178582639216
-0.508173322142
0.412765883542
0.44388154581
-0.234173502741
0.590282031864
0.117964643254
-0.983887148804
0.841287047882
-0.52980628501
-0.198774545637
0.737478568758
-0.86364585738
0.128663544243
0.0808843117435
0.985156261581
0.151527263433
-0.657817859552
0.484531465554
-0.767431722549
-0.483587214466
-0.556434909927
-0.207875116087
0.0862662662457
0.000383074749359
0.741038964509
0.187701134026
1.55789044926
0.111102783578
1.90650909806
-0.604135679346
-0.973883462789
-0.0910613820951
-0.855749218241
-0.512925503052
-0.0951463867479
0.350046664956
1.28559307675
1.07189915667
-0.160436558204
0.0925802353138
-0.800580956001
-0.81102312253
-0.844100851865
0.826597719642
0.655486014804
0.0675337533951
-0.642227490289
0.444145703351
-0.623599878319
