4
0
3
2
1
136
-0.543625808237
0.546486064135
0.84791190018
0.641338990901
-0.668900041887
0.455148031312
0.0487098245977
0.456078139291
1.16003995504
0.816808975667
-0.440645668846
-0.495826742225
-0.136346676898
0.467277580505
0.626790205068
-0.0480786307153
0.940047280312
1.85637409981
-0.740387705656
0.212221312962
-0.216102813604
-0.460179939791
0.909867784597
-0.156550966869
0.031279037547
-0.29466362291
0.795446849495
0.45555713003
0.170305991721
-0.426731111922
-0.566347073663
0.803193724862
0.769903040948
2.93693615265
0.687976356388
-0.0305608510901
-0.822547815143
-0.102343231514
-0.198748955276
0.936317462854
0.838757573907
0.603704028453
0.279507997954
0.977876883898
1.09823668482
-0.277446214214
0.155964379216
-0.0925908654484
-0.88583047398
-0.214481735179
0.540292809676
-0.747293380949
0.915711302965
0.85905564699
0.68402816393
0.255725451421
0.878360579484
0.365635327823
0.266240449302
-0.824041870556
-0.782807041318
-0.89900936269
-0.788586556821
0.0578504168152
-0.981171789622
0.0151535918782
-0.747339306011
0.107554994178
0.507509613591
-0.45398576364
-0.949741345872
0.0973537935237
0.342420946329
0.287546648641
-0.154451126893
-0.383365628536
-0.830301845132
0.604005242011
0.734707963193
-0.125149629685
0.0570815017541
0.854988677959
0.991137615138
0.0659939853681
0.381760931468
0.451448479971
-0.178582639216
-0.508173322142
0.228054638266
0.44388154581
-0.234173502741
0.0576920873857
0.117964643254
-0.983887148804
0.841287047882
-0.52980628501
-0.198774545637
0.737478568758
-0.876129188768
0.119945396664
0.0808843117435
0.985156261581
0.151527263433
-0.657817859552
0.484531465554
-0.767431722549
-0.483587214466
-0.579835231814
-0.343760154382
0.0800771538436
-0.179686273252
0.741038964509
0.164315312771
1.4220772122
0.104917588255
1.72652897852
-0.604135679346
-0.973883462789
-0.0910613820951
-0.855749218241
-0.512925503052
-0.262138957041
0.299419096672
1.23497080876
0.668019919721
-0.160436558204
0.0925802353138
-0.800580956001
-0.81102312253
-0.844100851865
0.826597719642
0.634647902834
0.0675337533951
-0.645250651786
0.444145703351
-0.623599878319
