4
0
3
2
1
136
-0.542880606993
0.579002988179
0.849484826708
0.671397915113
-0.668900041887
0.455893146846
0.0812241071254
0.457651009843
1.19009648375
0.816808975667
-0.440645668846
-0.495826742225
-0.136346676898
0.467277580505
0.753612886711
-0.0414889723155
0.946636851602
2.30021154948
-0.740387705656
0.212221312962
-0.216102813604
-0.460179939791
0.909867784597
-0.156550966869
0.0506784262705
-0.253720299242
0.795497432839
0.517033962825
0.231775868162
-0.36526819024
-0.566347073663
0.803193724862
0.769903040948
3.31891259399
0.687976356388
-0.00416294383283
-0.822547815143
-0.102343231514
-0.13729298676
0.997766479796
0.90019964087
0.603704028453
0.420238990028
1.02850666183
1.38524072404
-0.277446214214
0.155964379216
0.0480613443061
-0.835206944525
0.0723818650084
0.540292809676
-0.747293380949
0.915711302965
0.85905564699
0.68402816393
0.364519873797
0.878360579484
0.365635327823
1.05296162261
-0.824041870556
-0.782807041318
-0.89900936269
-0.788586556821
0.0578504168152
-0.981171789622
0.0510630699512
-0.679335881646
0.107554994178
0.507509613591
-0.45398576364
-0.949741345872
0.0973537935237
0.342420946329
0.287546648641
-0.154451126893
-0.203845468165
-0.777562387214
0.843355718003
0.734707963193
-0.125149629685
0.23650147396
0.907706264814
1.23036110338
0.0659939853681
0.381760931468
0.451448479971
-0.178582639216
-0.508173322142
0.417712823004
0.44388154581
-0.234173502741
0.607688446219
0.117964643254
-0.983887148804
0.841287047882
-0.52980628501
-0.198774545637
0.737478568758
-0.86328528194
0.128885135265
0.0808843117435
0.985156261581
0.151527263433
-0.657817859552
0.484531465554
-0.767431722549
-0.483587214466
-0.555879085184
-0.204357634997
0.0864155435081
0.00512046889253
0.741038964509
0.188256763371
1.5614068847
0.111252005763
1.91124514477
-0.604135679346
-0.973883462789
-0.0910613820951
-0.855749218241
-0.512925503052
-0.0907123423673
0.351257764464
1.28680411099
1.08508132206
-0.160436558204
0.0925802353138
-0.800580956001
-0.81102312253
-0.844100851865
0.826597719642
0.656080137576
0.0675337533951
-0.642159043257
0.444145703351
-0.623599878319
