4
0
3
2
1
136
-0.542817614933
0.581882914342
0.849629314732
0.674008289822
-0.668900041887
0.455956134929
0.0841039038765
0.457795495226
1.19270674495
0.816808975667
-0.440645668846
-0.495826742225
-0.136346676898
0.467277580505
0.764845718983
-0.0409115081537
0.947214311541
2.34201291264
-0.740387705656
0.212221312962
-0.216102813604
-0.460179939791
0.909867784597
-0.156550966869
0.0523808434848
-0.249939035521
0.795501580722
0.523073246816
0.23781470542
-0.359229799651
-0.566347073663
0.803193724862
0.769903040948
3.35465259261
0.687976356388
-0.00187825834594
-0.822547815143
-0.102343231514
-0.131255042775
1.00380397724
0.906236691843
0.603704028453
0.430992429923
1.03409147147
1.40790243216
-0.277446214214
0.155964379216
0.0588113639579
-0.82962256953
0.0950369507956
0.540292809676
-0.747293380949
0.915711302965
0.85905564699
0.68402816393
0.372467031379
0.878360579484
0.365635327823
1.13685198814
-0.824041870556
-0.782807041318
-0.89900936269
-0.788586556821
0.0578504168152
-0.981171789622
0.0535372939462
-0.671206903741
0.107554994178
0.507509613591
-0.45398576364
-0.949741345872
0.0973537935237
0.342420946329
0.287546648641
-0.154451126893
-0.188884053604
-0.772479698877
0.863059326195
0.734707963193
-0.125149629685
0.25145798629
0.912787949267
1.25005838895
0.0659939853681
0.381760931468
0.451448479971
-0.178582639216
-0.508173322142
0.434411757229
0.44388154581
-0.234173502741
0.668022502581
0.117964643254
-0.983887148804
0.841287047882
-0.52980628501
-0.198774545637
0.737478568758
-0.862063694025
0.129625318511
0.0808843117435
0.985156261581
0.151527263433
-0.657817859552
0.484531465554
-0.767431722549
-0.483587214466
-0.554026092924
-0.192516464536
0.0869135301788
0.0210937357151
0.741038964509
0.190109143602
1.57324475551
0.111749819489
1.92721414473
-0.604135679346
-0.973883462789
-0.0910613820951
-0.855749218241
-0.512925503052
-0.0757466803423
0.355300068008
1.2908462116
1.13082532568
-0.160436558204
0.0925802353138
-0.800580956001
-0.81102312253
-0.844100851865
0.826597719642
0.658100209425
0.0675337533951
-0.64193205821
0.444145703351
-0.623599878319
