4
0
3
2
1
136
-0.543195495968
0.564922102595
0.848790925944
0.658515918885
-0.668900041887
0.455578284122
0.067144055601
0.456957126372
1.17721522989
0.816808975667
-0.440645668846
-0.495826742225
-0.136346676898
0.467277580505
0.698673079731
-0.0443265050435
0.943799346201
2.10167099485
-0.740387705656
0.212221312962
-0.216102813604
-0.460179939791
0.909867784597
-0.156550966869
0.0423140009435
-0.271852016358
0.795476393277
0.488864019576
0.203608495822
-0.393432992135
-0.566347073663
0.803193724862
0.769903040948
3.14867477389
0.687976356388
-0.0154567881933
-0.822547815143
-0.102343231514
-0.165455218672
0.969606817404
0.872042547534
0.603704028453
0.362825515589
1.00368921021
1.26576060635
-0.277446214214
0.155964379216
-0.0093271564708
-0.860021923146
-0.0470517612153
0.540292809676
-0.747293380949
0.915711302965
0.85905564699
0.68402816393
0.321114007015
0.878360579484
0.365635327823
0.676108689686
-0.824041870556
-0.782807041318
-0.89900936269
-0.788586556821
0.0578504168152
-0.981171789622
0.0371722952752
-0.71384298427
0.107554994178
0.507509613591
-0.45398576364
-0.949741345872
0.0973537935237
0.342420946329
0.287546648641
-0.154451126893
-0.280048062148
-0.801368820313
0.742007697543
0.734707963193
-0.125149629685
0.160332285378
0.883906860818
1.1290557958
0.0659939853681
0.381760931468
0.451448479971
-0.178582639216
-0.508173322142
0.335199157365
0.44388154581
-0.234173502741
0.342050165558
0.117964643254
-0.983887148804
0.841287047882
-0.52980628501
-0.198774545637
0.737478568758
-0.86916150772
0.125079137614
0.0808843117435
0.985156261581
0.151527263433
-0.657817859552
0.484531465554
-0.767431722549
-0.483587214466
-0.565573633323
-0.263601233964
0.0838223721121
-0.0741830730819
0.741038964509
0.178566497995
1.50218554214
0.108660026692
1.83196988921
-0.604135679346
-0.973883462789
-0.0910613820951
-0.855749218241
-0.512925503052
-0.164660773979
0.330211850868
1.265759673
0.884422777587
-0.160436558204
0.0925802353138
-0.800580956001
-0.81102312253
-0.844100851865
0.826597719642
0.646441126409
0.0675337533951
-0.643376033191
0.444145703351
-0.623599878319
