4
0
3
2
1
136
-0.543852371477
0.537131427485
0.84747760236
0.632481773062
-0.668900041887
0.454921514781
0.0393565576514
0.455643871588
1.15118401838
0.816808975667
-0.440645668846
-0.495826742225
-0.136346676898
0.467277580505
0.590393076088
-0.0499994354185
0.938126521275
1.73824702263
-0.740387705656
0.212221312962
-0.216102813604
-0.460179939791
0.909867784597
-0.156550966869
0.0256549105024
-0.305816629673
0.79543094312
0.440274462865
0.155025981324
-0.442008466435
-0.566347073663
0.803193724862
0.769903040948
2.83426146255
0.687976356388
-0.0383663586343
-0.822547815143
-0.102343231514
-0.21402365479
0.921045417455
0.823488181739
0.603704028453
0.237606145975
0.967604055932
1.01644873458
-0.277446214214
0.155964379216
-0.1344618667
-0.896101484095
-0.296217600422
0.540292809676
-0.747293380949
0.915711302965
0.85905564699
0.68402816393
0.221957047431
0.878360579484
0.365635327823
0.0948241224577
-0.824041870556
-0.782807041318
-0.89900936269
-0.788586556821
0.0578504168152
-0.981171789622
0.00337333209732
-0.760046602594
0.107554994178
0.507509613591
-0.45398576364
-0.949741345872
0.0973537935237
0.342420946329
0.287546648641
-0.154451126893
-0.433654480224
-0.843699683071
0.536951133587
0.734707963193
-0.125149629685
0.00683060698365
0.84159953899
0.924131425427
0.0659939853681
0.381760931468
0.451448479971
-0.178582639216
-0.508173322142
0.177003765763
0.44388154581
-0.234173502741
-0.061816535584
0.117964643254
-0.983887148804
0.841287047882
-0.52980628501
-0.198774545637
0.737478568758
-0.879152323997
0.117483554106
0.0808843117435
0.985156261581
0.151527263433
-0.657817859552
0.484531465554
-0.767431722549
-0.483587214466
-0.587726269552
-0.385183704286
0.078059603841
-0.233328302395
0.741038964509
0.156432642929
1.38069219634
0.102902163123
1.67293326045
-0.604135679346
-0.973883462789
-0.0910613820951
-0.855749218241
-0.512925503052
-0.311341295329
0.282376606095
1.21793168555
0.573407330346
-0.160436558204
0.0925802353138
-0.800580956001
-0.81102312253
-0.844100851865
0.826597719642
0.629103355987
0.0675337533951
-0.646327652769
0.444145703351
-0.623599878319
