4
0
3
2
1
136
-0.542968369474
0.575026209607
0.849286766899
0.667779901967
-0.668900041887
0.455805390551
0.0772475280061
0.457452954127
1.18647864652
0.816808975667
-0.440645668846
-0.495826742225
-0.136346676898
0.467277580505
0.738098575242
-0.0422879653808
0.945837865048
2.24315644887
-0.740387705656
0.212221312962
-0.216102813604
-0.460179939791
0.909867784597
-0.156550966869
0.0483227497692
-0.258901459857
0.795491619643
0.508847237948
0.223589803202
-0.373453595388
-0.566347073663
0.803193724862
0.769903040948
3.27007736061
0.687976356388
-0.00733175599339
-0.822547815143
-0.102343231514
-0.1454777322
0.98958239396
0.892016214532
0.603704028453
0.404816605882
1.02106709201
1.35287057377
-0.277446214214
0.155964379216
0.0326445476229
-0.842645873135
0.0400223768149
0.540292809676
-0.747293380949
0.915711302965
0.85905564699
0.68402816393
0.353015221206
0.878360579484
0.365635327823
0.940915852779
-0.824041870556
-0.782807041318
-0.89900936269
-0.788586556821
0.0578504168152
-0.981171789622
0.04744293617
-0.689945535061
0.107554994178
0.507509613591
-0.45398576364
-0.949741345872
0.0973537935237
0.342420946329
0.287546648641
-0.154451126893
-0.224881034282
-0.784449846103
0.81550928243
0.734707963193
-0.125149629685
0.215473690514
0.900820413752
1.20252467607
0.0659939853681
0.381760931468
0.451448479971
-0.178582639216
-0.508173322142
0.394535770867
0.44388154581
-0.234173502741
0.527893934876
0.117964643254
-0.983887148804
0.841287047882
-0.52980628501
-0.198774545637
0.737478568758
-0.864967737932
0.127838555751
0.0808843117435
0.985156261581
0.151527263433
-0.657817859552
0.484531465554
-0.767431722549
-0.483587214466
-0.558510485672
-0.220874066387
0.0857093307817
-0.0170934450878
0.741038964509
0.185626338333
1.54489563937
0.110546067329
1.88903789311
-0.604135679346
-0.973883462789
-0.0910613820951
-0.855749218241
-0.512925503052
-0.11148578885
0.34552957967
1.28107625416
1.02470180215
-0.160436558204
0.0925802353138
-0.800580956001
-0.81102312253
-0.844100851865
0.826597719642
0.653314188178
0.0675337533951
-0.642484540182
0.444145703351
-0.623599878319
