4
0
3
2
1
136
-0.544057836837
0.528847588393
0.847099072559
0.624555154508
-0.668900041887
0.454716103902
0.0310742778763
0.45526537673
1.14325888069
0.816808975667
-0.440645668846
-0.495826742225
-0.136346676898
0.467277580505
0.558235814551
-0.051710421363
0.936415587614
1.63718635421
-0.740387705656
0.212221312962
-0.216102813604
-0.460179939791
0.909867784597
-0.156550966869
0.0206670783912
-0.31544566173
0.795416316983
0.427667868528
0.1424219551
-0.454609925538
-0.566347073663
0.803193724862
0.769903040948
2.74598580753
0.687976356388
-0.0453599966214
-0.822547815143
-0.102343231514
-0.226622547763
0.908449089622
0.810894418056
0.603704028453
0.202982465895
0.959947891221
0.949779825978
-0.277446214214
0.155964379216
-0.169060643673
-0.9037562504
-0.362844725157
0.540292809676
-0.747293380949
0.915711302965
0.85905564699
0.68402816393
0.193669144046
0.878360579484
0.365635327823
-0.0364075648584
-0.824041870556
-0.782807041318
-0.89900936269
-0.788586556821
0.0578504168152
-0.981171789622
-0.00664690396242
-0.769283154998
0.107554994178
0.507509613591
-0.45398576364
-0.949741345872
0.0973537935237
0.342420946329
0.287546648641
-0.154451126893
-0.474895417228
-0.854507078439
0.481966552385
0.734707963193
-0.125149629685
-0.0343790568924
0.830799354893
0.869186679221
0.0659939853681
0.381760931468
0.451448479971
-0.178582639216
-0.508173322142
0.135400229926
0.44388154581
-0.234173502741
-0.154128469969
0.117964643254
-0.983887148804
0.841287047882
-0.52980628501
-0.198774545637
0.737478568758
-0.881492589023
0.115480948214
0.0808843117435
0.985156261581
0.151527263433
-0.657817859552
0.484531465554
-0.767431722549
-0.483587214466
-0.595054371208
-0.422083088706
0.0762311419883
-0.28059293384
0.741038964509
0.149114234392
1.34383589096
0.101076054513
1.62571964812
-0.604135679346
-0.973883462789
-0.0910613820951
-0.855749218241
-0.512925503052
-0.354523632659
0.266495583418
1.20205479028
0.496371882764
-0.160436558204
0.0925802353138
-0.800580956001
-0.81102312253
-0.844100851865
0.826597719642
0.624463897026
0.0675337533951
-0.647351013821
0.444145703351
-0.623599878319
