4
0
3
2
1
136
-0.543300977053
0.560319113635
0.848568437681
0.65426098165
-0.668900041887
0.455472814695
0.0625414285122
0.456734645737
1.17296061944
0.816808975667
-0.440645668846
-0.495826742225
-0.136346676898
0.467277580505
0.680714847965
-0.0452592947452
0.942866568413
2.03887146492
-0.740387705656
0.212221312962
-0.216102813604
-0.460179939791
0.909867784597
-0.156550966869
0.0395665896638
-0.277648068096
0.795469234311
0.480159788289
0.194905250159
-0.402135252392
-0.566347073663
0.803193724862
0.769903040948
3.09463310987
0.687976356388
-0.0191937588985
-0.822547815143
-0.102343231514
-0.17415649374
0.960906527308
0.863343242192
0.603704028453
0.342557770329
0.996528803455
1.22434425222
-0.277446214214
0.155964379216
-0.0295834411366
-0.867181415048
-0.0884475701285
0.540292809676
-0.747293380949
0.915711302965
0.85905564699
0.68402816393
0.305445209865
0.878360579484
0.365635327823
0.564903103654
-0.824041870556
-0.782807041318
-0.89900936269
-0.788586556821
0.0578504168152
-0.981171789622
0.0320076056036
-0.723362469493
0.107554994178
0.507509613591
-0.45398576364
-0.949741345872
0.0973537935237
0.342420946329
0.287546648641
-0.154451126893
-0.305787932904
-0.808834571469
0.707614182959
0.734707963193
-0.125149629685
0.134606959073
0.876444266534
1.09468071287
0.0659939853681
0.381760931468
0.451448479971
-0.178582639216
-0.508173322142
0.308106542669
0.44388154581
-0.234173502741
0.264759225263
0.117964643254
-0.983887148804
0.841287047882
-0.52980628501
-0.198774545637
0.737478568758
-0.871003662589
0.123792350776
0.0808843117435
0.985156261581
0.151527263433
-0.657817859552
0.484531465554
-0.767431722549
-0.483587214466
-0.568969588625
-0.283380773353
0.0829213300125
-0.100417202842
0.741038964509
0.175172533325
1.48241598526
0.107759528577
1.80574823211
-0.604135679346
-0.973883462789
-0.0910613820951
-0.855749218241
-0.512925503052
-0.188993331618
0.322869343366
1.25841787923
0.826066724169
-0.160436558204
0.0925802353138
-0.800580956001
-0.81102312253
-0.844100851865
0.826597719642
0.64339803935
0.0675337533951
-0.643813601238
0.444145703351
-0.623599878319
