4
0
3
2
1
136
-0.542983883994
0.574327465462
0.849252139018
0.667142571327
-0.668900041887
0.455789877207
0.0765488215778
0.457418327023
1.18584134928
0.816808975667
-0.440645668846
-0.495826742225
-0.136346676898
0.467277580505
0.735372320466
-0.0424285459496
0.94569728571
2.233211407
-0.740387705656
0.212221312962
-0.216102813604
-0.460179939791
0.909867784597
-0.156550966869
0.047908278199
-0.259806963411
0.795490587879
0.50742729047
0.222169976943
-0.374873300448
-0.566347073663
0.803193724862
0.769903040948
3.26155842333
0.687976356388
-0.00789021898325
-0.822547815143
-0.102343231514
-0.146897316082
0.988162931236
0.890596872947
0.603704028453
0.402039255165
1.01979381385
1.34706008484
-0.277446214214
0.155964379216
0.0298682903012
-0.843919033761
0.0342139538441
0.540292809676
-0.747293380949
0.915711302965
0.85905564699
0.68402816393
0.350930590804
0.878360579484
0.365635327823
0.921685163106
-0.824041870556
-0.782807041318
-0.89900936269
-0.788586556821
0.0578504168152
-0.981171789622
0.0467821481775
-0.691737412817
0.107554994178
0.507509613591
-0.45398576364
-0.949741345872
0.0973537935237
0.342420946329
0.287546648641
-0.154451126893
-0.228620307194
-0.785645491588
0.810545207089
0.734707963193
-0.125149629685
0.211735913492
0.899625079396
1.19756252015
0.0659939853681
0.381760931468
0.451448479971
-0.178582639216
-0.508173322142
0.390450534589
0.44388154581
-0.234173502741
0.514279582544
0.117964643254
-0.983887148804
0.841287047882
-0.52980628501
-0.198774545637
0.737478568758
-0.86526223519
0.127651982546
0.0808843117435
0.985156261581
0.151527263433
-0.657817859552
0.484531465554
-0.767431722549
-0.483587214466
-0.558981529163
-0.223794851141
0.0855830606207
-0.0210135753708
0.741038964509
0.185155483276
1.5419758472
0.110419849966
1.88511903238
-0.604135679346
-0.973883462789
-0.0910613820951
-0.855749218241
-0.512925503052
-0.115146933615
0.344505577292
1.28005231574
1.01441195768
-0.160436558204
0.0925802353138
-0.800580956001
-0.81102312253
-0.844100851865
0.826597719642
0.65283135641
0.0675337533951
-0.642543193216
0.444145703351
-0.623599878319
