4
0
3
2
1
136
-0.543743500288
0.541597305961
0.84768400122
0.636722415098
-0.668900041887
0.455030361945
0.043821735983
0.455850254979
1.15542400294
0.816808975667
-0.440645668846
-0.495826742225
-0.136346676898
0.467277580505
0.607759662841
-0.0490809771824
0.939044956136
1.79410960083
-0.740387705656
0.212221312962
-0.216102813604
-0.460179939791
0.909867784597
-0.156550966869
0.0283413417653
-0.30052860973
0.795438616123
0.447432386765
0.162182602711
-0.43485314711
-0.566347073663
0.803193724862
0.769903040948
2.88288112863
0.687976356388
-0.0346279475431
-0.822547815143
-0.102343231514
-0.206869637075
0.928198134013
0.830639597591
0.603704028453
0.257349694892
0.972283090775
1.05481316537
-0.277446214214
0.155964379216
-0.114732898586
-0.891423291608
-0.257877704281
0.540292809676
-0.747293380949
0.915711302965
0.85905564699
0.68402816393
0.237934982357
0.878360579484
0.365635327823
0.173563905203
-0.824041870556
-0.782807041318
-0.89900936269
-0.788586556821
0.0578504168152
-0.981171789622
0.00897555959605
-0.754303029663
0.107554994178
0.507509613591
-0.45398576364
-0.949741345872
0.0973537935237
0.342420946329
0.287546648641
-0.154451126893
-0.410036374123
-0.837443188384
0.568435835009
0.734707963193
-0.125149629685
0.0304307081969
0.847851894292
0.955593359188
0.0659939853681
0.381760931468
0.451448479971
-0.178582639216
-0.508173322142
0.200923001835
0.44388154581
-0.234173502741
-0.00679978276172
0.117964643254
-0.983887148804
0.841287047882
-0.52980628501
-0.198774545637
0.737478568758
-0.877758214179
0.11863670052
0.0808843117435
0.985156261581
0.151527263433
-0.657817859552
0.484531465554
-0.767431722549
-0.483587214466
-0.583906242407
-0.365363547215
0.0790305073028
-0.207738559752
0.741038964509
0.160248363385
1.40049270385
0.103871984355
1.69849948203
-0.604135679346
-0.973883462789
-0.0910613820951
-0.855749218241
-0.512925503052
-0.287897030736
0.290631762113
1.22618508433
0.617486667822
-0.160436558204
0.0925802353138
-0.800580956001
-0.81102312253
-0.844100851865
0.826597719642
0.631710846365
0.0675337533951
-0.645802922575
0.444145703351
-0.623599878319
