4
0
3
2
1
136
-0.54309811395
0.569221636788
0.849000645243
0.662470618811
-0.668900041887
0.455675656757
0.0714432951599
0.457166839512
1.18116966572
0.816808975667
-0.440645668846
-0.495826742225
-0.136346676898
0.467277580505
0.715449724232
-0.0434575555262
0.944668286038
2.1612661629
-0.740387705656
0.212221312962
-0.216102813604
-0.460179939791
0.909867784597
-0.156550966869
0.0448747821684
-0.266379103206
0.795482953524
0.49722191666
0.211965537813
-0.385076805065
-0.566347073663
0.803193724862
0.769903040948
3.19986676519
0.687976356388
-0.0119863665071
-0.822547815143
-0.102343231514
-0.157099886354
0.977961295143
0.880396170863
0.603704028453
0.381156763174
1.01080881677
1.30358415246
-0.277446214214
0.155964379216
0.00899488030853
-0.852903129416
-0.00924504242905
0.540292809676
-0.747293380949
0.915711302965
0.85905564699
0.68402816393
0.335138522789
0.878360579484
0.365635327823
0.785307189627
-0.824041870556
-0.782807041318
-0.89900936269
-0.788586556821
0.0578504168152
-0.981171789622
0.0417288975444
-0.704193982173
0.107554994178
0.507509613591
-0.45398576364
-0.949741345872
0.0973537935237
0.342420946329
0.287546648641
-0.154451126893
-0.256304590088
-0.794262643017
0.773697752395
0.734707963193
-0.125149629685
0.184063790858
0.891010482383
1.16073061984
0.0659939853681
0.381760931468
0.451448479971
-0.178582639216
-0.508173322142
0.360503607101
0.44388154581
-0.234173502741
0.418306093307
0.117964643254
-0.983887148804
0.841287047882
-0.52980628501
-0.198774545637
0.737478568758
-0.867397009239
0.126267743793
0.0808843117435
0.985156261581
0.151527263433
-0.657817859552
0.484531465554
-0.767431722549
-0.483587214466
-0.562502122398
-0.245295651864
0.0846410910426
-0.0497926622894
0.741038964509
0.181636439831
1.52048311192
0.109478312346
1.85635020239
-0.604135679346
-0.973883462789
-0.0910613820951
-0.855749218241
-0.512925503052
-0.141980423244
0.336863994358
1.27241126563
0.941949835515
-0.160436558204
0.0925802353138
-0.800580956001
-0.81102312253
-0.844100851865
0.826597719642
0.649335686045
0.0675337533951
-0.642985220041
0.444145703351
-0.623599878319
