4
0
3
2
1
136
-0.543046602848
0.571515642047
0.84911330676
0.6645729381
-0.668900041887
0.455727163384
0.0737371586195
0.457279498084
1.18327185857
0.816808975667
-0.440645668846
-0.495826742225
-0.136346676898
0.467277580505
0.72440099172
-0.0429948444093
0.945130992506
2.19343282866
-0.740387705656
0.212221312962
-0.216102813604
-0.460179939791
0.909867784597
-0.156550966869
0.046238751472
-0.263436019564
0.795486404367
0.501769827614
0.216513018098
-0.380529755369
-0.566347073663
0.803193724862
0.769903040948
3.22746314197
0.687976356388
-0.0101426481872
-0.822547815143
-0.102343231514
-0.152553267167
0.982507483899
0.884941929269
0.603704028453
0.390664542982
1.01477551741
1.32333035012
-0.277446214214
0.155964379216
0.0184983366584
-0.848936842868
0.0104931402597
0.540292809676
-0.747293380949
0.915711302965
0.85905564699
0.68402816393
0.34235393969
0.878360579484
0.365635327823
0.845679169859
-0.824041870556
-0.782807041318
-0.89900936269
-0.788586556821
0.0578504168152
-0.981171789622
0.0440480816551
-0.698734427145
0.107554994178
0.507509613591
-0.45398576364
-0.949741345872
0.0973537935237
0.342420946329
0.287546648641
-0.154451126893
-0.243790651018
-0.790416219149
0.790371747331
0.734707963193
-0.125149629685
0.196571994849
0.894855695975
1.17739728947
0.0659939853681
0.381760931468
0.451448479971
-0.178582639216
-0.508173322142
0.373977254478
0.44388154581
-0.234173502741
0.460675661731
0.117964643254
-0.983887148804
0.841287047882
-0.52980628501
-0.198774545637
0.737478568758
-0.866442153289
0.12689393435
0.0808843117435
0.985156261581
0.151527263433
-0.657817859552
0.484531465554
-0.767431722549
-0.483587214466
-0.560903260909
-0.235601994197
0.0850684659792
-0.0368348101303
0.741038964509
0.183234565892
1.53017296301
0.109905482808
1.86930322624
-0.604135679346
-0.973883462789
-0.0910613820951
-0.855749218241
-0.512925503052
-0.129908246193
0.340331917668
1.27587893463
0.973925800165
-0.160436558204
0.0925802353138
-0.800580956001
-0.81102312253
-0.844100851865
0.826597719642
0.650898918191
0.0675337533951
-0.642783681805
0.444145703351
-0.623599878319
