4
0
3
2
1
136
-0.543206308936
0.564447674572
0.848767897906
0.658078379269
-0.668900041887
0.455567472274
0.0666696625544
0.456934099069
1.17677772175
0.816808975667
-0.440645668846
-0.495826742225
-0.136346676898
0.467277580505
0.696821970016
-0.0444225265474
0.943703325847
2.09515039526
-0.740387705656
0.212221312962
-0.216102813604
-0.460179939791
0.909867784597
-0.156550966869
0.0420310995276
-0.272452446007
0.795475661933
0.487955165825
0.20269974029
-0.394341649468
-0.566347073663
0.803193724862
0.769903040948
3.14306830262
0.687976356388
-0.0158409196964
-0.822547815143
-0.102343231514
-0.166363777828
0.968698356405
0.871134184671
0.603704028453
0.360764987953
1.00292903736
1.26153033882
-0.277446214214
0.155964379216
-0.0113865784824
-0.860782003634
-0.0512800291596
0.540292809676
-0.747293380949
0.915711302965
0.85905564699
0.68402816393
0.319528639267
0.878360579484
0.365635327823
0.664374569767
-0.824041870556
-0.782807041318
-0.89900936269
-0.788586556821
0.0578504168152
-0.981171789622
0.0366532222052
-0.714862223
0.107554994178
0.507509613591
-0.45398576364
-0.949741345872
0.0973537935237
0.342420946329
0.287546648641
-0.154451126893
-0.282687971409
-0.80214503089
0.738481412402
0.734707963193
-0.125149629685
0.157693793696
0.883130955587
1.12553131062
0.0659939853681
0.381760931468
0.451448479971
-0.178582639216
-0.508173322142
0.332405157439
0.44388154581
-0.234173502741
0.333880023928
0.117964643254
-0.983887148804
0.841287047882
-0.52980628501
-0.198774545637
0.737478568758
-0.869353828838
0.124947033716
0.0808843117435
0.985156261581
0.151527263433
-0.657817859552
0.484531465554
-0.767431722549
-0.483587214466
-0.56591851871
-0.265631530555
0.083730652158
-0.0768817307231
0.741038964509
0.178221802181
1.50015620446
0.108568358814
1.82927243459
-0.604135679346
-0.973883462789
-0.0910613820951
-0.855749218241
-0.512925503052
-0.167166784807
0.329465632658
1.26501352207
0.878258436606
-0.160436558204
0.0925802353138
-0.800580956001
-0.81102312253
-0.844100851865
0.826597719642
0.646124720867
0.0675337533951
-0.643420211545
0.444145703351
-0.623599878319
