4
0
3
2
1
136
-0.543105131658
0.568910171656
0.848985390213
0.662184768198
-0.668900041887
0.455668639684
0.0711318500809
0.4571515849
1.18088383301
0.816808975667
-0.440645668846
-0.495826742225
-0.136346676898
0.467277580505
0.714234371729
-0.0435204282799
0.944605413942
2.15691862403
-0.740387705656
0.212221312962
-0.216102813604
-0.460179939791
0.909867784597
-0.156550966869
0.0446894634914
-0.26677746585
0.795482482357
0.496609157055
0.211352838045
-0.385689445008
-0.566347073663
0.803193724862
0.769903040948
3.19613511749
0.687976356388
-0.0122371181465
-0.822547815143
-0.102343231514
-0.157712466483
0.977348774816
0.879783710327
0.603704028453
0.379850664424
1.01027919509
1.30087823887
-0.277446214214
0.155964379216
0.00768939995717
-0.853432693771
-0.0119498161067
0.540292809676
-0.747293380949
0.915711302965
0.85905564699
0.68402816393
0.334144128984
0.878360579484
0.365635327823
0.777223565955
-0.824041870556
-0.782807041318
-0.89900936269
-0.788586556821
0.0578504168152
-0.981171789622
0.0414079276079
-0.704918308513
0.107554994178
0.507509613591
-0.45398576364
-0.949741345872
0.0973537935237
0.342420946329
0.287546648641
-0.154451126893
-0.258012515385
-0.794781859714
0.771420229834
0.734707963193
-0.125149629685
0.182356678961
0.890491438123
1.15845413478
0.0659939853681
0.381760931468
0.451448479971
-0.178582639216
-0.508173322142
0.358672345248
0.44388154581
-0.234173502741
0.412645404759
0.117964643254
-0.983887148804
0.841287047882
-0.52980628501
-0.198774545637
0.737478568758
-0.86752600988
0.126182247048
0.0808843117435
0.985156261581
0.151527263433
-0.657817859552
0.484531465554
-0.767431722549
-0.483587214466
-0.562721351335
-0.246615842842
0.0845825508131
-0.0515551838302
0.741038964509
0.181417315969
1.51916346198
0.109419801258
1.8545883654
-0.604135679346
-0.973883462789
-0.0910613820951
-0.855749218241
-0.512925503052
-0.143621251002
0.336388783079
1.2719360909
0.937678926653
-0.160436558204
0.0925802353138
-0.800580956001
-0.81102312253
-0.844100851865
0.826597719642
0.649124416193
0.0675337533951
-0.643012956099
0.444145703351
-0.623599878319
