4
0
3
2
1
136
-0.5430369701
0.57194615969
0.84913451023
0.664966889258
-0.668900041887
0.45573679533
0.0741676507655
0.457300701025
1.18366578704
0.816808975667
-0.440645668846
-0.495826742225
-0.136346676898
0.467277580505
0.726080855841
-0.0429080774346
0.945217758644
2.19949825024
-0.740387705656
0.212221312962
-0.216102813604
-0.460179939791
0.909867784597
-0.156550966869
0.0464945408325
-0.262881916525
0.795487048196
0.502630139239
0.217373250859
-0.379669601459
-0.566347073663
0.803193724862
0.769903040948
3.23266418448
0.687976356388
-0.00979724716697
-0.822547815143
-0.102343231514
-0.151693192093
0.983367480151
0.885801846713
0.603704028453
0.392426403439
1.01553279758
1.32699856207
-0.277446214214
0.155964379216
0.020259430503
-0.848179638785
0.0141599223443
0.540292809676
-0.747293380949
0.915711302965
0.85905564699
0.68402816393
0.34368642827
0.878360579484
0.365635327823
0.857173088599
-0.824041870556
-0.782807041318
-0.89900936269
-0.788586556821
0.0578504168152
-0.981171789622
0.0444744743518
-0.697685096402
0.107554994178
0.507509613591
-0.45398576364
-0.949741345872
0.0973537935237
0.342420946329
0.287546648641
-0.154451126893
-0.241455517612
-0.789689875408
0.793480172311
0.734707963193
-0.125149629685
0.19890610176
0.895581824133
1.18050440138
0.0659939853681
0.381760931468
0.451448479971
-0.178582639216
-0.508173322142
0.376502725765
0.44388154581
-0.234173502741
0.46876207576
0.117964643254
-0.983887148804
0.841287047882
-0.52980628501
-0.198774545637
0.737478568758
-0.866262109514
0.127010713459
0.0808843117435
0.985156261581
0.151527263433
-0.657817859552
0.484531465554
-0.767431722549
-0.483587214466
-0.560606306454
-0.233788766748
0.085147921469
-0.0344078424345
0.741038964509
0.183531389631
1.53198551008
0.10998490186
1.87172932863
-0.604135679346
-0.973883462789
-0.0910613820951
-0.855749218241
-0.512925503052
-0.127645401036
0.340976447362
1.27652341939
0.980030757058
-0.160436558204
0.0925802353138
-0.800580956001
-0.81102312253
-0.844100851865
0.826597719642
0.651193660037
0.0675337533951
-0.642746395216
0.444145703351
-0.623599878319
