4
0
3
2
1
136
-0.544602188348
0.507772348484
0.84615909788
0.604016153741
-0.668900041887
0.454171971757
0.0100050447508
0.454325541596
1.12272574657
0.816808975667
-0.440645668846
-0.495826742225
-0.136346676898
0.467277580505
0.476892397283
-0.0561089459261
0.932017266645
1.39491538294
-0.740387705656
0.212221312962
-0.216102813604
-0.460179939791
0.909867784597
-0.156550966869
0.00798118488167
-0.338846128652
0.795376686686
0.399498019275
0.114259322341
-0.482765345253
-0.566347073663
0.803193724862
0.769903040948
2.53247818091
0.687976356388
-0.063508253774
-0.822547815143
-0.102343231514
-0.254770757885
0.880308085647
0.782760616784
0.603704028453
0.131140214366
0.94556690267
0.81303440012
-0.277446214214
0.155964379216
-0.24085831568
-0.918134734222
-0.499514577581
0.540292809676
-0.747293380949
0.915711302965
0.85905564699
0.68402816393
0.134013320481
0.878360579484
0.365635327823
-0.290119278394
-0.824041870556
-0.782807041318
-0.89900936269
-0.788586556821
0.0578504168152
-0.981171789622
-0.0280592322149
-0.786095615524
0.107554994178
0.507509613591
-0.45398576364
-0.949741345872
0.0973537935237
0.342420946329
0.287546648641
-0.154451126893
-0.560526984765
-0.876607895334
0.367451006645
0.734707963193
-0.125149629685
-0.119951788678
0.808711989268
0.754747974728
0.0659939853681
0.381760931468
0.451448479971
-0.178582639216
-0.508173322142
0.0492724438405
0.44388154581
-0.234173502741
-0.335470696049
0.117964643254
-0.983887148804
0.841287047882
-0.52980628501
-0.198774545637
0.737478568758
-0.886066517964
0.11134887325
0.0808843117435
0.985156261581
0.151527263433
-0.657817859552
0.484531465554
-0.767431722549
-0.483587214466
-0.614847361399
-0.515509687414
0.071556605289
-0.398134592801
0.741038964509
0.129357511009
1.25056117859
0.0964094583844
1.50835400388
-0.604135679346
-0.973883462789
-0.0910613820951
-0.855749218241
-0.512925503052
-0.461391498281
0.223071798985
1.15864829239
0.323714766591
-0.160436558204
0.0925802353138
-0.800580956001
-0.81102312253
-0.844100851865
0.826597719642
0.613867300673
0.0675337533951
-0.650211037925
0.444145703351
-0.623599878319
