4
0
3
2
1
136
-0.542869807295
0.579495210182
0.849509458522
0.671844643774
-0.668900041887
0.455903945836
0.0817163061541
0.457675641187
1.19054319221
0.816808975667
-0.440645668846
-0.495826742225
-0.136346676898
0.467277580505
0.755532909036
-0.0413902067064
0.946735616462
2.30732728076
-0.740387705656
0.212221312962
-0.216102813604
-0.460179939791
0.909867784597
-0.156550966869
0.050969608661
-0.253075752037
0.795498145439
0.518059630931
0.232801458084
-0.364242678491
-0.566347073663
0.803193724862
0.769903040948
3.32499877233
0.687976356388
-0.00377185662105
-0.822547815143
-0.102343231514
-0.136267553171
0.998791835237
0.901224918174
0.603704028453
0.422101797533
1.02944975127
1.38916154929
-0.277446214214
0.155964379216
0.0499235317605
-0.834263931144
0.0763014954628
0.540292809676
-0.747293380949
0.915711302965
0.85905564699
0.68402816393
0.365901059485
0.878360579484
0.365635327823
1.06713667773
-0.824041870556
-0.782807041318
-0.89900936269
-0.788586556821
0.0578504168152
-0.981171789622
0.051494638861
-0.677973321626
0.107554994178
0.507509613591
-0.45398576364
-0.949741345872
0.0973537935237
0.342420946329
0.287546648641
-0.154451126893
-0.201271805391
-0.776699586363
0.846751907961
0.734707963193
-0.125149629685
0.23907425678
0.90856888499
1.23375615944
0.0659939853681
0.381760931468
0.451448479971
-0.178582639216
-0.508173322142
0.420572240828
0.44388154581
-0.234173502741
0.617845445953
0.117964643254
-0.983887148804
0.841287047882
-0.52980628501
-0.198774545637
0.737478568758
-0.863076557493
0.129012749212
0.0808843117435
0.985156261581
0.151527263433
-0.657817859552
0.484531465554
-0.767431722549
-0.483587214466
-0.555559245571
-0.202326440643
0.0865014649139
0.00785769716068
0.741038964509
0.188576493055
1.56343748918
0.111337896154
1.91398161194
-0.604135679346
-0.973883462789
-0.0910613820951
-0.855749218241
-0.512925503052
-0.0881494424045
0.351954962947
1.28750127286
1.09277639998
-0.160436558204
0.0925802353138
-0.800580956001
-0.81102312253
-0.844100851865
0.826597719642
0.6564244617
0.0675337533951
-0.642119731705
0.444145703351
-0.623599878319
