4
0
3
2
1
136
-0.542795232163
0.582911437002
0.849681134335
0.674938579471
-0.668900041887
0.455978516372
0.0851323831415
0.457847313947
1.19363699663
0.816808975667
-0.440645668846
-0.495826742225
-0.136346676898
0.467277580505
0.768856737536
-0.0407055087213
0.94742030956
2.35703995221
-0.740387705656
0.212221312962
-0.216102813604
-0.460179939791
0.909867784597
-0.156550966869
0.0529880939516
-0.248582727233
0.795503049594
0.525252317163
0.239993622414
-0.357051035989
-0.566347073663
0.803193724862
0.769903040948
3.36749304719
0.687976356388
-0.00106436664742
-0.822547815143
-0.102343231514
-0.129076432423
1.00598243431
0.908414995637
0.603704028453
0.434747554524
1.03612423443
1.41583048093
-0.277446214214
0.155964379216
0.0625653835976
-0.827589955747
0.102962842786
0.540292809676
-0.747293380949
0.915711302965
0.85905564699
0.68402816393
0.375227072283
0.878360579484
0.365635327823
1.16736773258
-0.824041870556
-0.782807041318
-0.89900936269
-0.788586556821
0.0578504168152
-0.981171789622
0.0543915051321
-0.668211459925
0.107554994178
0.507509613591
-0.45398576364
-0.949741345872
0.0973537935237
0.342420946329
0.287546648641
-0.154451126893
-0.183598025796
-0.770643599955
0.869996105607
0.734707963193
-0.125149629685
0.256742402884
0.914623719563
1.25699308749
0.0659939853681
0.381760931468
0.451448479971
-0.178582639216
-0.508173322142
0.440356846834
0.44388154581
-0.234173502741
0.690108740314
0.117964643254
-0.983887148804
0.841287047882
-0.52980628501
-0.198774545637
0.737478568758
-0.861627533231
0.129885763661
0.0808843117435
0.985156261581
0.151527263433
-0.657817859552
0.484531465554
-0.767431722549
-0.483587214466
-0.553375058055
-0.188313382739
0.0870885951209
0.0267728054788
0.741038964509
0.190759977379
1.57744674446
0.111924827464
1.93289179601
-0.604135679346
-0.973883462789
-0.0910613820951
-0.855749218241
-0.512925503052
-0.0704202472083
0.356722128284
1.29226820572
1.14759194775
-0.160436558204
0.0925802353138
-0.800580956001
-0.81102312253
-0.844100851865
0.826597719642
0.658824640707
0.0675337533951
-0.641852751216
0.444145703351
-0.623599878319
