4
0
3
2
1
136
-0.544908376596
0.496445759729
0.845665893432
0.592742438177
-0.668900041887
0.453865970735
-0.00131664459284
0.453832455438
1.11145695704
0.816808975667
-0.440645668846
-0.495826742225
-0.136346676898
0.467277580505
0.433562985512
-0.0585021033822
0.929624277248
1.27335054586
-0.740387705656
0.212221312962
-0.216102813604
-0.460179939791
0.909867784597
-0.156550966869
0.00119128928446
-0.350739963873
0.795353863054
0.386600506612
0.101365911777
-0.495654656076
-0.566347073663
0.803193724862
0.769903040948
2.42422478804
0.687976356388
-0.073479176973
-0.822547815143
-0.102343231514
-0.267655971321
0.867426967244
0.769883591061
0.603704028453
0.102550480951
0.940195922015
0.75890204055
-0.277446214214
0.155964379216
-0.269433953119
-0.923504881364
-0.55362242321
0.540292809676
-0.747293380949
0.915711302965
0.85905564699
0.68402816393
0.109964398772
0.878360579484
0.365635327823
-0.38678118471
-0.824041870556
-0.782807041318
-0.89900936269
-0.788586556821
0.0578504168152
-0.981171789622
-0.0367487685538
-0.792203595309
0.107554994178
0.507509613591
-0.45398576364
-0.949741345872
0.0973537935237
0.342420946329
0.287546648641
-0.154451126893
-0.594829608174
-0.885364741244
0.321318331705
0.734707963193
-0.125149629685
-0.1542346819
0.799959557566
0.708642027557
0.0659939853681
0.381760931468
0.451448479971
-0.178582639216
-0.508173322142
0.014745336552
0.44388154581
-0.234173502741
-0.405697407446
0.117964643254
-0.983887148804
0.841287047882
-0.52980628501
-0.198774545637
0.737478568758
-0.887825306585
0.109695868874
0.0808843117435
0.985156261581
0.151527263433
-0.657817859552
0.484531465554
-0.767431722549
-0.483587214466
-0.625842528898
-0.56424374255
0.069146513658
-0.458327566201
0.741038964509
0.118388718428
1.20193204764
0.0940044517537
1.44828048964
-0.604135679346
-0.973883462789
-0.0910613820951
-0.855749218241
-0.512925503052
-0.51593302235
0.198448676705
1.13403938915
0.242881719771
-0.160436558204
0.0925802353138
-0.800580956001
-0.81102312253
-0.844100851865
0.826597719642
0.608915992202
0.0675337533951
-0.65184752114
0.444145703351
-0.623599878319
