4
0
3
2
1
136
-0.545043988653
0.49154518744
0.845454739272
0.587810538914
-0.668900041887
0.453730460259
-0.00621462138754
0.453621365271
1.10652770784
0.816808975667
-0.440645668846
-0.495826742225
-0.136346676898
0.467277580505
0.414923602653
-0.0595443788114
0.928582091447
1.22258343919
-0.740387705656
0.212221312962
-0.216102813604
-0.460179939791
0.909867784597
-0.156550966869
-0.00173463162847
-0.355731929328
0.795343638046
0.381481283304
0.0962484730499
-0.500770311328
-0.566347073663
0.803193724862
0.769903040948
2.37877876382
0.687976356388
-0.0778416911708
-0.822547815143
-0.102343231514
-0.272769844202
0.862314875632
0.764773279616
0.603704028453
0.092082611129
0.938261361413
0.739093734947
-0.277446214214
0.155964379216
-0.279897211037
-0.925439160142
-0.57342259469
0.540292809676
-0.747293380949
0.915711302965
0.85905564699
0.68402816393
0.101121086039
0.878360579484
0.365635327823
-0.421785356919
-0.824041870556
-0.782807041318
-0.89900936269
-0.788586556821
0.0578504168152
-0.981171789622
-0.03994782922
-0.794382455956
0.107554994178
0.507509613591
-0.45398576364
-0.949741345872
0.0973537935237
0.342420946329
0.287546648641
-0.154451126893
-0.607433864302
-0.888570900373
0.304316842513
0.734707963193
-0.125149629685
-0.166832330532
0.796754859345
0.691649653682
0.0659939853681
0.381760931468
0.451448479971
-0.178582639216
-0.508173322142
0.00204442382323
0.44388154581
-0.234173502741
-0.431286388932
0.117964643254
-0.983887148804
0.841287047882
-0.52980628501
-0.198774545637
0.737478568758
-0.888464413532
0.109088032613
0.0808843117435
0.985156261581
0.151527263433
-0.657817859552
0.484531465554
-0.767431722549
-0.483587214466
-0.630584098229
-0.58470907879
0.0681495841397
-0.483400760745
0.741038964509
0.113659693191
1.18151569164
0.0930097781685
1.42326267905
-0.604135679346
-0.973883462789
-0.0910613820951
-0.855749218241
-0.512925503052
-0.538632635004
0.187687805754
1.12328574916
0.210329421886
-0.160436558204
0.0925802353138
-0.800580956001
-0.81102312253
-0.844100851865
0.826597719642
0.606938976166
0.0675337533951
-0.652560968367
0.444145703351
-0.623599878319
