4
0
3
2
1
136
-0.543367936126
0.557425853652
0.848429641598
0.651575166029
-0.668900041887
0.455405863916
0.0596484234001
0.456595855066
1.17027503534
0.816808975667
-0.440645668846
-0.495826742225
-0.136346676898
0.467277580505
0.66942954168
-0.045846958551
0.942278913018
1.99992819696
-0.740387705656
0.212221312962
-0.216102813604
-0.460179939791
0.909867784597
-0.156550966869
0.0378367975953
-0.281257394845
0.795464661512
0.47481942896
0.189565547762
-0.407474298014
-0.566347073663
0.803193724862
0.769903040948
3.06106683685
0.687976356388
-0.0215542050758
-0.822547815143
-0.102343231514
-0.179494882744
0.955568794765
0.858006165954
0.603704028453
0.329548199085
0.992273620432
1.19798887391
-0.277446214214
0.155964379216
-0.0425850110038
-0.871436005724
-0.114788815658
0.540292809676
-0.747293380949
0.915711302965
0.85905564699
0.68402816393
0.295302963237
0.878360579484
0.365635327823
0.498017148442
-0.824041870556
-0.782807041318
-0.89900936269
-0.788586556821
0.0578504168152
-0.981171789622
0.0286247955559
-0.728935376311
0.107554994178
0.507509613591
-0.45398576364
-0.949741345872
0.0973537935237
0.342420946329
0.287546648641
-0.154451126893
-0.322068532479
-0.813451768442
0.685856232003
0.734707963193
-0.125149629685
0.118336358128
0.871829268258
1.07293539444
0.0659939853681
0.381760931468
0.451448479971
-0.178582639216
-0.508173322142
0.29112803444
0.44388154581
-0.234173502741
0.218379808413
0.117964643254
-0.983887148804
0.841287047882
-0.52980628501
-0.198774545637
0.737478568758
-0.872131171367
0.122980514073
0.0808843117435
0.985156261581
0.151527263433
-0.657817859552
0.484531465554
-0.767431722549
-0.483587214466
-0.571160774549
-0.295900982291
0.0823426436552
-0.116956638986
0.741038964509
0.172982784294
1.46990287421
0.107181231047
1.78921760135
-0.604135679346
-0.973883462789
-0.0910613820951
-0.855749218241
-0.512925503052
-0.204301210334
0.318136818159
1.25368587873
0.790967826089
-0.160436558204
0.0925802353138
-0.800580956001
-0.81102312253
-0.844100851865
0.826597719642
0.641517116032
0.0675337533951
-0.644098922276
0.444145703351
-0.623599878319
