4
0
3
2
1
136
-0.543543187964
0.549956569704
0.848074963246
0.644600290201
-0.668900041887
0.455230637505
0.0521799097751
0.45624119324
1.16330086556
0.816808975667
-0.440645668846
-0.495826742225
-0.136346676898
0.467277580505
0.640310108778
-0.0473689871426
0.940756909926
1.90128219473
-0.740387705656
0.212221312962
-0.216102813604
-0.460179939791
0.909867784597
-0.156550966869
0.0333620550151
-0.290452461577
0.795452590731
0.461506976524
0.176254924241
-0.420783093104
-0.566347073663
0.803193724862
0.769903040948
2.97583920348
0.687976356388
-0.0276895498042
-0.822547815143
-0.102343231514
-0.192801849891
0.942263655076
0.844702853236
0.603704028453
0.295414146702
0.982157982017
1.12967687152
-0.277446214214
0.155964379216
-0.0766961164765
-0.881550090538
-0.183061017705
0.540292809676
-0.747293380949
0.915711302965
0.85905564699
0.68402816393
0.268398950001
0.878360579484
0.365635327823
0.336132303536
-0.824041870556
-0.782807041318
-0.89900936269
-0.788586556821
0.0578504168152
-0.981171789622
0.0195111215402
-0.741938870509
0.107554994178
0.507509613591
-0.45398576364
-0.949741345872
0.0973537935237
0.342420946329
0.287546648641
-0.154451126893
-0.364070151184
-0.825073019528
0.629754893436
0.734707963193
-0.125149629685
0.0763630205179
0.860214338952
1.01686969229
0.0659939853681
0.381760931468
0.451448479971
-0.178582639216
-0.508173322142
0.24778601801
0.44388154581
-0.234173502741
0.106198089588
0.117964643254
-0.983887148804
0.841287047882
-0.52980628501
-0.198774545637
0.737478568758
-0.874910799966
0.120896758061
0.0808843117435
0.985156261581
0.151527263433
-0.657817859552
0.484531465554
-0.767431722549
-0.483587214466
-0.577017398477
-0.328497524374
0.0808081830219
-0.159767791924
0.741038964509
0.167130637708
1.43732797677
0.105647962244
1.74643303155
-0.604135679346
-0.973883462789
-0.0910613820951
-0.855749218241
-0.512925503052
-0.243810582878
0.305498520866
1.24104926278
0.705464060971
-0.160436558204
0.0925802353138
-0.800580956001
-0.81102312253
-0.844100851865
0.826597719642
0.636783771391
0.0675337533951
-0.644872712894
0.444145703351
-0.623599878319
