4
0
3
2
1
136
-0.543376546813
0.557055390264
0.848411927345
0.651230627376
-0.668900041887
0.455397254349
0.0592779942894
0.456578141542
1.1699305279
0.816808975667
-0.440645668846
-0.495826742225
-0.136346676898
0.467277580505
0.667984719152
-0.0459222810611
0.942203591641
1.99497130416
-0.740387705656
0.212221312962
-0.216102813604
-0.460179939791
0.909867784597
-0.156550966869
0.0376151579179
-0.281717642648
0.795464071885
0.474142986272
0.188889191276
-0.408150568318
-0.566347073663
0.803193724862
0.769903040948
3.056791248
0.687976356388
-0.0218570914259
-0.822547815143
-0.102343231514
-0.180171066889
0.954892696759
0.857330154065
0.603704028453
0.327870485807
0.991742439514
1.19460314149
-0.277446214214
0.155964379216
-0.0442616588363
-0.871967110117
-0.118172677578
0.540292809676
-0.747293380949
0.915711302965
0.85905564699
0.68402816393
0.293990383568
0.878360579484
0.365635327823
0.4896209566
-0.824041870556
-0.782807041318
-0.89900936269
-0.788586556821
0.0578504168152
-0.981171789622
0.0281847994494
-0.729626732263
0.107554994178
0.507509613591
-0.45398576364
-0.949741345872
0.0973537935237
0.342420946329
0.287546648641
-0.154451126893
-0.32415584019
-0.814038606408
0.683066926593
0.734707963193
-0.125149629685
0.116250374549
0.87124272305
1.07014776016
0.0659939853681
0.381760931468
0.451448479971
-0.178582639216
-0.508173322142
0.288959202778
0.44388154581
-0.234173502741
0.212561079008
0.117964643254
-0.983887148804
0.841287047882
-0.52980628501
-0.198774545637
0.737478568758
-0.872273651475
0.12287657781
0.0808843117435
0.985156261581
0.151527263433
-0.657817859552
0.484531465554
-0.767431722549
-0.483587214466
-0.571444482133
-0.297508679709
0.082267886391
-0.119076638612
0.741038964509
0.172699271882
1.46829613461
0.107106526354
1.78709878631
-0.604135679346
-0.973883462789
-0.0910613820951
-0.855749218241
-0.512925503052
-0.20626154654
0.317524291677
1.2530734241
0.786557253945
-0.160436558204
0.0925802353138
-0.800580956001
-0.81102312253
-0.844100851865
0.826597719642
0.641278128487
0.0675337533951
-0.644136033598
0.444145703351
-0.623599878319
