4
0
3
2
1
136
-0.543726734801
0.542289818039
0.847716158192
0.637377988359
-0.668900041887
0.455047124
0.044514147336
0.455882409738
1.15607948204
0.816808975667
-0.440645668846
-0.495826742225
-0.136346676898
0.467277580505
0.610454264686
-0.048938796549
0.939187133411
1.80285888408
-0.740387705656
0.212221312962
-0.216102813604
-0.460179939791
0.909867784597
-0.156550966869
0.0287576952028
-0.299702625679
0.795439792899
0.448564964765
0.163314984236
-0.433720961995
-0.566347073663
0.803193724862
0.769903040948
2.8904853164
0.687976356388
-0.0340502247594
-0.822547815143
-0.102343231514
-0.205737648304
0.929329926504
0.831771193867
0.603704028453
0.260460510567
0.973045025444
1.06088478989
-0.277446214214
0.155964379216
-0.111624381498
-0.890661492157
-0.251809958707
0.540292809676
-0.747293380949
0.915711302965
0.85905564699
0.68402816393
0.240441820578
0.878360579484
0.365635327823
0.186280074306
-0.824041870556
-0.782807041318
-0.89900936269
-0.788586556821
0.0578504168152
-0.981171789622
0.00985011521372
-0.753360704162
0.107554994178
0.507509613591
-0.45398576364
-0.949741345872
0.0973537935237
0.342420946329
0.287546648641
-0.154451126893
-0.406304112384
-0.836449103504
0.573412091025
0.734707963193
-0.125149629685
0.0341601448399
0.848845331478
0.96056605007
0.0659939853681
0.381760931468
0.451448479971
-0.178582639216
-0.508173322142
0.204711234734
0.44388154581
-0.234173502741
0.00206406424702
0.117964643254
-0.983887148804
0.841287047882
-0.52980628501
-0.198774545637
0.737478568758
-0.877533886361
0.11881940808
0.0808843117435
0.985156261581
0.151527263433
-0.657817859552
0.484531465554
-0.767431722549
-0.483587214466
-0.583322444089
-0.362296799652
0.0791798704556
-0.203766496108
0.741038964509
0.160831546516
1.40355661444
0.104021190975
1.70246813434
-0.604135679346
-0.973883462789
-0.0910613820951
-0.855749218241
-0.512925503052
-0.284253580431
0.29189240654
1.22744548185
0.62449526743
-0.160436558204
0.0925802353138
-0.800580956001
-0.81102312253
-0.844100851865
0.826597719642
0.632121697877
0.0675337533951
-0.645723279326
0.444145703351
-0.623599878319
