4
0
3
2
1
136
-0.542969328516
0.574982979256
0.849284623034
0.667740485329
-0.668900041887
0.455804431581
0.0772042999657
0.45745081031
1.18643923193
0.816808975667
-0.440645668846
-0.495826742225
-0.136346676898
0.467277580505
0.737929907652
-0.0422966612315
0.945829169273
2.24254046973
-0.740387705656
0.212221312962
-0.216102813604
-0.460179939791
0.909867784597
-0.156550966869
0.0482971117865
-0.258957524439
0.795491555899
0.508759226189
0.223501798896
-0.373541592242
-0.566347073663
0.803193724862
0.769903040948
3.2695497712
0.687976356388
-0.00736629269545
-0.822547815143
-0.102343231514
-0.145565721604
0.989494412007
0.891928240028
0.603704028453
0.404645353284
1.02098801685
1.35251211872
-0.277446214214
0.155964379216
0.032473361669
-0.84272494107
0.0396640478713
0.540292809676
-0.747293380949
0.915711302965
0.85905564699
0.68402816393
0.352886792422
0.878360579484
0.365635327823
0.939722113375
-0.824041870556
-0.782807041318
-0.89900936269
-0.788586556821
0.0578504168152
-0.981171789622
0.0474022693012
-0.690057016127
0.107554994178
0.507509613591
-0.45398576364
-0.949741345872
0.0973537935237
0.342420946329
0.287546648641
-0.154451126893
-0.225112013692
-0.784523939895
0.815202753833
0.734707963193
-0.125149629685
0.21524280251
0.900746338951
1.2022182648
0.0659939853681
0.381760931468
0.451448479971
-0.178582639216
-0.508173322142
0.394283127548
0.44388154581
-0.234173502741
0.527048181973
0.117964643254
-0.983887148804
0.841287047882
-0.52980628501
-0.198774545637
0.737478568758
-0.86498597055
0.127827034734
0.0808843117435
0.985156261581
0.151527263433
-0.657817859552
0.484531465554
-0.767431722549
-0.483587214466
-0.558539553195
-0.221054613543
0.0857015373707
-0.017335838784
0.741038964509
0.185597282313
1.54471515289
0.110538277143
1.88879557707
-0.604135679346
-0.973883462789
-0.0910613820951
-0.855749218241
-0.512925503052
-0.111712210479
0.345466378053
1.28101305644
1.02406248165
-0.160436558204
0.0925802353138
-0.800580956001
-0.81102312253
-0.844100851865
0.826597719642
0.653284287066
0.0675337533951
-0.642488156217
0.444145703351
-0.623599878319
