4
0
3
2
1
136
-0.543432348242
0.554663368094
0.848297860955
0.64900249155
-0.668900041887
0.455341460491
0.0568862028858
0.45646408008
1.16770260277
0.816808975667
-0.440645668846
-0.495826742225
-0.136346676898
0.467277580505
0.658656953557
-0.0464090443756
0.941716835955
1.96312686697
-0.740387705656
0.212221312962
-0.216102813604
-0.460179939791
0.909867784597
-0.156550966869
0.0361832801395
-0.28467891992
0.795460242131
0.469815747348
0.184562520323
-0.412476671444
-0.566347073663
0.803193724862
0.769903040948
3.02930639809
0.687976356388
-0.0238163258917
-0.822547815143
-0.102343231514
-0.184496602332
0.950567728855
0.853005753555
0.603704028453
0.316986574053
0.988387105133
1.17271048075
-0.277446214214
0.155964379216
-0.0551384874061
-0.875321947927
-0.140052964316
0.540292809676
-0.747293380949
0.915711302965
0.85905564699
0.68402816393
0.285450168021
0.878360579484
0.365635327823
0.436328371745
-0.824041870556
-0.782807041318
-0.89900936269
-0.788586556821
0.0578504168152
-0.981171789622
0.0253100340645
-0.733971910458
0.107554994178
0.507509613591
-0.45398576364
-0.949741345872
0.0973537935237
0.342420946329
0.287546648641
-0.154451126893
-0.337634820287
-0.817802774702
0.665057348076
0.734707963193
-0.125149629685
0.102780163167
0.867480502095
1.05214923977
0.0659939853681
0.381760931468
0.451448479971
-0.178582639216
-0.508173322142
0.274993961542
0.44388154581
-0.234173502741
0.175636331888
0.117964643254
-0.983887148804
0.841287047882
-0.52980628501
-0.198774545637
0.737478568758
-0.873182573795
0.122206306253
0.0808843117435
0.985156261581
0.151527263433
-0.657817859552
0.484531465554
-0.767431722549
-0.483587214466
-0.573293423301
-0.307913043335
0.0817816973328
-0.13277526104
0.741038964509
0.170851655494
1.45789823565
0.106620692623
1.77340813788
-0.604135679346
-0.973883462789
-0.0910613820951
-0.855749218241
-0.512925503052
-0.218918721045
0.313533402806
1.24908302654
0.758518852726
-0.160436558204
0.0925802353138
-0.800580956001
-0.81102312253
-0.844100851865
0.826597719642
0.639745425468
0.0675337533951
-0.64437882894
0.444145703351
-0.623599878319
