4
0
3
2
1
136
-0.545318860656
0.48182407257
0.845039403793
0.577925910569
-0.668900041887
0.453455835481
-0.0159295641221
0.453206185174
1.09664947665
0.816808975667
-0.440645668846
-0.495826742225
-0.136346676898
0.467277580505
0.378172987126
-0.061624896965
0.926501787884
1.12508170539
-0.740387705656
0.212221312962
-0.216102813604
-0.460179939791
0.909867784597
-0.156550966869
-0.00750968037584
-0.365351891046
0.795322701934
0.372108589839
0.0868792911645
-0.510135983934
-0.566347073663
0.803193724862
0.769903040948
2.29109309674
0.687976356388
-0.0865839538412
-0.822547815143
-0.102343231514
-0.282132009827
0.852956214691
0.755418121064
0.603704028453
0.0742334870893
0.934993657291
0.705318725144
-0.277446214214
0.155964379216
-0.297739131447
-0.928706411975
-0.607184755668
0.540292809676
-0.747293380949
0.915711302965
0.85905564699
0.68402816393
0.0859987104356
0.878360579484
0.365635327823
-0.481097868312
-0.824041870556
-0.782807041318
-0.89900936269
-0.788586556821
0.0578504168152
-0.981171789622
-0.0454208139306
-0.798038620793
0.107554994178
0.507509613591
-0.45398576364
-0.949741345872
0.0973537935237
0.342420946329
0.287546648641
-0.154451126893
-0.628983749942
-0.894039433203
0.275179684186
0.734707963193
-0.125149629685
-0.18837172826
0.791288623838
0.66252717407
0.0659939853681
0.381760931468
0.451448479971
-0.178582639216
-0.508173322142
-0.019693109218
0.44388154581
-0.234173502741
-0.474832753383
0.117964643254
-0.983887148804
0.841287047882
-0.52980628501
-0.198774545637
0.737478568758
-0.889549990767
0.108047857046
0.0808843117435
0.985156261581
0.151527263433
-0.657817859552
0.484531465554
-0.767431722549
-0.483587214466
-0.63981847097
-0.623788684161
0.066279027171
-0.530977530721
0.741038964509
0.104451282504
1.14253648053
0.0911436160464
1.37579888023
-0.604135679346
-0.973883462789
-0.0910613820951
-0.855749218241
-0.512925503052
-0.581689802009
0.166446738587
1.10206062117
0.150042897334
-0.160436558204
0.0925802353138
-0.800580956001
-0.81102312253
-0.844100851865
0.826597719642
0.603314314341
0.0675337533951
-0.653960662102
0.444145703351
-0.623599878319
