4
0
3
2
1
136
-0.543937782605
0.533665201657
0.847318543695
0.629174701237
-0.668900041887
0.454836124761
0.035890940275
0.455484826481
1.14787752182
0.816808975667
-0.440645668846
-0.495826742225
-0.136346676898
0.467277580505
0.576927702596
-0.0507141944693
0.937411782591
1.69555597376
-0.740387705656
0.212221312962
-0.216102813604
-0.460179939791
0.909867784597
-0.156550966869
0.023568403471
-0.309874428289
0.795424885956
0.434893296193
0.149645866275
-0.447387530251
-0.566347073663
0.803193724862
0.769903040948
2.7970228383
0.687976356388
-0.0412833105703
-0.822547815143
-0.102343231514
-0.219401667763
0.915668454935
0.818112269283
0.603704028453
0.222756658858
0.964243875749
0.987770198221
-0.277446214214
0.155964379216
-0.149300512537
-0.899461051151
-0.324877943626
0.540292809676
-0.747293380949
0.915711302965
0.85905564699
0.68402816393
0.20986529738
0.878360579484
0.365635327823
0.0375892433749
-0.824041870556
-0.782807041318
-0.89900936269
-0.788586556821
0.0578504168152
-0.981171789622
-0.000895497707638
-0.764125141949
0.107554994178
0.507509613591
-0.45398576364
-0.949741345872
0.0973537935237
0.342420946329
0.287546648641
-0.154451126893
-0.451359748161
-0.848355768339
0.513349769758
0.734707963193
-0.125149629685
-0.0108611448168
0.83694656949
0.900547223297
0.0659939853681
0.381760931468
0.451448479971
-0.178582639216
-0.508173322142
0.159122385797
0.44388154581
-0.234173502741
-0.101971614277
0.117964643254
-0.983887148804
0.841287047882
-0.52980628501
-0.198774545637
0.737478568758
-0.880170620947
0.116622273678
0.0808843117435
0.985156261581
0.151527263433
-0.657817859552
0.484531465554
-0.767431722549
-0.483587214466
-0.590755437401
-0.400608659791
0.0772981047219
-0.253145667323
0.741038964509
0.153407248033
1.3652841816
0.102141593181
1.65313604013
-0.604135679346
-0.973883462789
-0.0910613820951
-0.855749218241
-0.512925503052
-0.32946495514
0.275820452398
1.21137711095
0.540460212917
-0.160436558204
0.0925802353138
-0.800580956001
-0.81102312253
-0.844100851865
0.826597719642
0.627130479529
0.0675337533951
-0.646748069511
0.444145703351
-0.623599878319
