4
0
3
2
1
136
-0.544446456839
0.513676306787
0.846419316827
0.609825747219
-0.668900041887
0.454327627424
0.0159069657028
0.45458571245
1.12853332571
0.816808975667
-0.440645668846
-0.495826742225
-0.136346676898
0.467277580505
0.499596965906
-0.0548698698011
0.933256273377
1.46065606593
-0.740387705656
0.212221312962
-0.216102813604
-0.460179939791
0.909867784597
-0.156550966869
0.0115309794927
-0.332454069224
0.795388151021
0.406831845061
0.121591051973
-0.475435710678
-0.566347073663
0.803193724862
0.769903040948
2.59069681218
0.687976356388
-0.0583718913785
-0.822547815143
-0.102343231514
-0.247443217267
0.887633533403
0.790083972774
0.603704028453
0.148738007696
0.948952656028
0.846404073291
-0.277446214214
0.155964379216
-0.223270289381
-0.914749540761
-0.466161654854
0.540292809676
-0.747293380949
0.915711302965
0.85905564699
0.68402816393
0.148734542314
0.878360579484
0.365635327823
-0.229650409691
-0.824041870556
-0.782807041318
-0.89900936269
-0.788586556821
0.0578504168152
-0.981171789622
-0.0227514698128
-0.782198931707
0.107554994178
0.507509613591
-0.45398576364
-0.949741345872
0.0973537935237
0.342420946329
0.287546648641
-0.154451126893
-0.539492706519
-0.871213568108
0.395652366948
0.734707963193
-0.125149629685
-0.0989308161758
0.814103304096
0.782931644776
0.0659939853681
0.381760931468
0.451448479971
-0.178582639216
-0.508173322142
0.0704256478101
0.44388154581
-0.234173502741
-0.291865796517
0.117964643254
-0.983887148804
0.841287047882
-0.52980628501
-0.198774545637
0.737478568758
-0.884970795499
0.112362312384
0.0808843117435
0.985156261581
0.151527263433
-0.657817859552
0.484531465554
-0.767431722549
-0.483587214466
-0.609174028879
-0.489554970748
0.0728537188588
-0.365775842117
0.741038964509
0.135018920049
1.27646719809
0.0977040965405
1.5406568153
-0.604135679346
-0.973883462789
-0.0910613820951
-0.855749218241
-0.512925503052
-0.432029779501
0.235620488876
1.17119099865
0.369030080476
-0.160436558204
0.0925802353138
-0.800580956001
-0.81102312253
-0.844100851865
0.826597719642
0.616656830777
0.0675337533951
-0.649378569851
0.444145703351
-0.623599878319
