4
0
3
2
1
136
-0.542818374766
0.581848046993
0.849627560045
0.673976734522
-0.668900041887
0.455955375142
0.0840690380245
0.457793740569
1.19267519097
0.816808975667
-0.440645668846
-0.495826742225
-0.136346676898
0.467277580505
0.76470973763
-0.0409184937658
0.947207325977
2.34150439647
-0.740387705656
0.212221312962
-0.216102813604
-0.460179939791
0.909867784597
-0.156550966869
0.0523602505142
-0.249984960798
0.795501530812
0.522999579519
0.237741043378
-0.359303456438
-0.566347073663
0.803193724862
0.769903040948
3.35421800183
0.687976356388
-0.00190586848298
-0.822547815143
-0.102343231514
-0.131328694308
1.00373033096
0.906163050815
0.603704028453
0.430864341914
1.03402290551
1.40763212667
-0.277446214214
0.155964379216
0.058683314445
-0.829691130377
0.0947667202939
0.540292809676
-0.747293380949
0.915711302965
0.85905564699
0.68402816393
0.372372745504
0.878360579484
0.365635327823
1.13582259732
-0.824041870556
-0.782807041318
-0.89900936269
-0.788586556821
0.0578504168152
-0.981171789622
0.0535080668522
-0.671307594698
0.107554994178
0.507509613591
-0.45398576364
-0.949741345872
0.0973537935237
0.342420946329
0.287546648641
-0.154451126893
-0.189063784554
-0.772541745367
0.862823225563
0.734707963193
-0.125149629685
0.251278311214
0.912725914184
1.24982236046
0.0659939853681
0.381760931468
0.451448479971
-0.178582639216
-0.508173322142
0.4342100404
0.44388154581
-0.234173502741
0.667278806584
0.117964643254
-0.983887148804
0.841287047882
-0.52980628501
-0.198774545637
0.737478568758
-0.862078483583
0.129616452456
0.0808843117435
0.985156261581
0.151527263433
-0.657817859552
0.484531465554
-0.767431722549
-0.483587214466
-0.55404826234
-0.192659193773
0.0869075695835
0.0209009691189
0.741038964509
0.190086981159
1.57310206409
0.111743860868
1.92702142716
-0.604135679346
-0.973883462789
-0.0910613820951
-0.855749218241
-0.512925503052
-0.0759274260042
0.355251660377
1.29079780627
1.13026095833
-0.160436558204
0.0925802353138
-0.800580956001
-0.81102312253
-0.844100851865
0.826597719642
0.658075676879
0.0675337533951
-0.641934762889
0.444145703351
-0.623599878319
