4
0
3
2
1
136
-0.544169044361
0.524440872249
0.846899894767
0.620305619859
-0.668900041887
0.45460493154
0.0266685506637
0.455066221411
1.13901029561
0.816808975667
-0.440645668846
-0.495826742225
-0.136346676898
0.467277580505
0.541165230881
-0.0526245972163
0.935501445056
1.58477507131
-0.740387705656
0.212221312962
-0.216102813604
-0.460179939791
0.909867784597
-0.156550966869
0.0180125936177
-0.320470784492
0.795408323007
0.421316836871
0.136072361591
-0.46095808151
-0.566347073663
0.803193724862
0.769903040948
2.70003229404
0.687976356388
-0.0491121028739
-0.822547815143
-0.102343231514
-0.23296926681
0.902103806889
0.804550571028
0.603704028453
0.185909511619
0.956377610535
0.917131398213
-0.277446214214
0.155964379216
-0.186121959551
-0.907325884499
-0.395473587594
0.540292809676
-0.747293380949
0.915711302965
0.85905564699
0.68402816393
0.179603150295
0.878360579484
0.365635327823
-0.0985779172311
-0.824041870556
-0.782807041318
-0.89900936269
-0.788586556821
0.0578504168152
-0.981171789622
-0.0116680972471
-0.773521774601
0.107554994178
0.507509613591
-0.45398576364
-0.949741345872
0.0973537935237
0.342420946329
0.287546648641
-0.154451126893
-0.495205498212
-0.859785226535
0.454864602832
0.734707963193
-0.125149629685
-0.0546741986987
0.82552464693
0.842103949869
0.0659939853681
0.381760931468
0.451448479971
-0.178582639216
-0.508173322142
0.114958866969
0.44388154581
-0.234173502741
-0.198186366754
0.117964643254
-0.983887148804
0.841287047882
-0.52980628501
-0.198774545637
0.737478568758
-0.882607648063
0.114498695511
0.0808843117435
0.985156261581
0.151527263433
-0.657817859552
0.484531465554
-0.767431722549
-0.483587214466
-0.599071303831
-0.441734084549
0.0752497268118
-0.305565643124
0.741038964509
0.145103452835
1.32421155752
0.100096077324
1.60077821206
-0.604135679346
-0.973883462789
-0.0910613820951
-0.855749218241
-0.512925503052
-0.377283761249
0.257755192475
1.19331713374
0.457663315632
-0.160436558204
0.0925802353138
-0.800580956001
-0.81102312253
-0.844100851865
0.826597719642
0.622102931829
0.0675337533951
-0.647920775139
0.444145703351
-0.623599878319
