4
0
3
2
1
136
-0.544770409222
0.501503992736
0.845885217901
0.59779830431
-0.668900041887
0.45400384698
0.00373922437898
0.454051722396
1.11651043292
0.816808975667
-0.440645668846
-0.495826742225
-0.136346676898
0.467277580505
0.452872794839
-0.0574306948856
0.930695604458
1.32690444364
-0.740387705656
0.212221312962
-0.216102813604
-0.460179939791
0.909867784597
-0.156550966869
0.00421946985895
-0.345489187854
0.79536419301
0.39217322944
0.106936794692
-0.490085611985
-0.566347073663
0.803193724862
0.769903040948
2.47201224456
0.687976356388
-0.0690071775741
-0.822547815143
-0.102343231514
-0.262088764965
0.872992336954
0.775447125212
0.603704028453
0.11451975642
0.942427508325
0.781556822753
-0.277446214214
0.155964379216
-0.257470310382
-0.921273632576
-0.530977493553
0.540292809676
-0.747293380949
0.915711302965
0.85905564699
0.68402816393
0.120051709181
0.878360579484
0.365635327823
-0.346519573819
-0.824041870556
-0.782807041318
-0.89900936269
-0.788586556821
0.0578504168152
-0.981171789622
-0.0331017713054
-0.789676474306
0.107554994178
0.507509613591
-0.45398576364
-0.949741345872
0.0973537935237
0.342420946329
0.287546648641
-0.154451126893
-0.580447504684
-0.881698998886
0.340683741679
0.734707963193
-0.125149629685
-0.139860543088
0.803623526656
0.727996566759
0.0659939853681
0.381760931468
0.451448479971
-0.178582639216
-0.508173322142
0.029227610151
0.44388154581
-0.234173502741
-0.376368438334
0.117964643254
-0.983887148804
0.841287047882
-0.52980628501
-0.198774545637
0.737478568758
-0.88709165298
0.110389080586
0.0808843117435
0.985156261581
0.151527263433
-0.657817859552
0.484531465554
-0.767431722549
-0.483587214466
-0.620926905828
-0.542692464912
0.0702069479026
-0.431796442284
0.741038964509
0.123292046547
1.22343480869
0.095062577498
1.47475653246
-0.604135679346
-0.973883462789
-0.0910613820951
-0.855749218241
-0.512925503052
-0.491902748491
0.209510596166
1.14509451383
0.278007131637
-0.160436558204
0.0925802353138
-0.800580956001
-0.81102312253
-0.844100851865
0.826597719642
0.611061585446
0.0675337533951
-0.651112501709
0.444145703351
-0.623599878319
