4
0
3
2
1
136
-0.543084292751
0.569835802888
0.849030754974
0.663033987948
-0.668900041887
0.455689476724
0.0720574222888
0.457196948432
1.18173300007
0.816808975667
-0.440645668846
-0.495826742225
-0.136346676898
0.467277580505
0.717846230051
-0.0433336134445
0.944792226841
2.16985280731
-0.740387705656
0.212221312962
-0.216102813604
-0.460179939791
0.909867784597
-0.156550966869
0.0452401162414
-0.265592723973
0.795483880752
0.49843351242
0.213177016542
-0.383865443346
-0.566347073663
0.803193724862
0.769903040948
3.20723570483
0.687976356388
-0.011492216038
-0.822547815143
-0.102343231514
-0.155888641622
0.979172422908
0.881607181685
0.603704028453
0.383721709837
1.01185945081
1.30890283086
-0.277446214214
0.155964379216
0.0115586297042
-0.851852607643
-0.00392857550062
0.540292809676
-0.747293380949
0.915711302965
0.85905564699
0.68402816393
0.337089108112
0.878360579484
0.365635327823
0.801326307404
-0.824041870556
-0.782807041318
-0.89900936269
-0.788586556821
0.0578504168152
-0.981171789622
0.0423575590514
-0.702753914266
0.107554994178
0.507509613591
-0.45398576364
-0.949741345872
0.0973537935237
0.342420946329
0.287546648641
-0.154451126893
-0.252942851796
-0.793236727486
0.778179457967
0.734707963193
-0.125149629685
0.187423949652
0.892036063619
1.16521030974
0.0659939853681
0.381760931468
0.451448479971
-0.178582639216
-0.508173322142
0.364113383996
0.44388154581
-0.234173502741
0.429532107073
0.117964643254
-0.983887148804
0.841287047882
-0.52980628501
-0.198774545637
0.737478568758
-0.867142164372
0.126436011186
0.0808843117435
0.985156261581
0.151527263433
-0.657817859552
0.484531465554
-0.767431722549
-0.483587214466
-0.562071335651
-0.242695218543
0.0847561661568
-0.0463193855781
0.741038964509
0.18206702311
1.52308249561
0.10959333098
1.85982214986
-0.604135679346
-0.973883462789
-0.0910613820951
-0.855749218241
-0.512925503052
-0.138746101475
0.33779799064
1.2733451913
0.950420389795
-0.160436558204
0.0925802353138
-0.800580956001
-0.81102312253
-0.844100851865
0.826597719642
0.649752975303
0.0675337533951
-0.642930789909
0.444145703351
-0.623599878319
