4
0
3
2
1
136
-0.545228673716
0.484982764298
0.845173876518
0.58115282081
-0.668900041887
0.45354593477
-0.0127730394414
0.453340602859
1.09987412661
0.816808975667
-0.440645668846
-0.495826742225
-0.136346676898
0.467277580505
0.390079686104
-0.0609469264991
0.927179682786
1.15630050382
-0.740387705656
0.212221312962
-0.216102813604
-0.460179939791
0.909867784597
-0.156550966869
-0.0056379503804
-0.362267689334
0.795329601822
0.375042979141
0.0898125463547
-0.507203862096
-0.566347073663
0.803193724862
0.769903040948
2.31922704978
0.687976356388
-0.0837302987874
-0.822547815143
-0.102343231514
-0.279201020581
0.855886072103
0.758346847402
0.603704028453
0.0796391387461
0.935979572209
0.715548101942
-0.277446214214
0.155964379216
-0.292335575143
-0.927720630317
-0.596959136145
0.540292809676
-0.747293380949
0.915711302965
0.85905564699
0.68402816393
0.0905841347483
0.878360579484
0.365635327823
-0.463179774645
-0.824041870556
-0.782807041318
-0.89900936269
-0.788586556821
0.0578504168152
-0.981171789622
-0.0437610591394
-0.796938632164
0.107554994178
0.507509613591
-0.45398576364
-0.949741345872
0.0973537935237
0.342420946329
0.287546648641
-0.154451126893
-0.622449547487
-0.892382996115
0.284023969916
0.734707963193
-0.125149629685
-0.18184059838
0.792944390828
0.671367130326
0.0659939853681
0.381760931468
0.451448479971
-0.178582639216
-0.508173322142
-0.0130988075704
0.44388154581
-0.234173502741
-0.46165304414
0.117964643254
-0.983887148804
0.841287047882
-0.52980628501
-0.198774545637
0.737478568758
-0.889221692823
0.108363394244
0.0808843117435
0.985156261581
0.151527263433
-0.657817859552
0.484531465554
-0.767431722549
-0.483587214466
-0.636852452417
-0.611337448147
0.0668698703106
-0.515859753016
0.741038964509
0.107408779943
1.1549548552
0.0917330538872
1.39087974957
-0.604135679346
-0.973883462789
-0.0910613820951
-0.855749218241
-0.512925503052
-0.568009526084
0.173312505546
1.1089210095
0.169006775926
-0.160436558204
0.0925802353138
-0.800580956001
-0.81102312253
-0.844100851865
0.826597719642
0.604448808287
0.0675337533951
-0.653509795883
0.444145703351
-0.623599878319
