4
0
3
2
1
136
-0.542905368948
0.577876775703
0.849428566239
0.670374893757
-0.668900041887
0.455868386558
0.0800979485977
0.457594750478
1.18907350987
0.816808975667
-0.440645668846
-0.495826742225
-0.136346676898
0.467277580505
0.7492196162
-0.0417150563117
0.946410769365
2.28397520426
-0.740387705656
0.212221312962
-0.216102813604
-0.460179939791
0.909867784597
-0.156550966869
0.0500118693872
-0.255192345867
0.795495796682
0.514697415689
0.229439502785
-0.367604373886
-0.566347073663
0.803193724862
0.769903040948
3.30502186118
0.687976356388
-0.00505869225447
-0.822547815143
-0.102343231514
-0.139628988702
0.995430659531
0.897864002253
0.603704028453
0.415938445555
1.02636702993
1.37619747392
-0.277446214214
0.155964379216
0.0437622760686
-0.837346399656
0.0633414497679
0.540292809676
-0.747293380949
0.915711302965
0.85905564699
0.68402816393
0.361324172198
0.878360579484
0.365635327823
1.0207825891
-0.824041870556
-0.782807041318
-0.89900936269
-0.788586556821
0.0578504168152
-0.981171789622
0.0500620250063
-0.682412246785
0.107554994178
0.507509613591
-0.45398576364
-0.949741345872
0.0973537935237
0.342420946329
0.287546648641
-0.154451126893
-0.209759279078
-0.779527695388
0.835542273978
0.734707963193
-0.125149629685
0.230589743945
0.905741384776
1.22255033895
0.0659939853681
0.381760931468
0.451448479971
-0.178582639216
-0.508173322142
0.411162464052
0.44388154581
-0.234173502741
0.584684766925
0.117964643254
-0.983887148804
0.841287047882
-0.52980628501
-0.198774545637
0.737478568758
-0.863762574521
0.128591504813
0.0808843117435
0.985156261581
0.151527263433
-0.657817859552
0.484531465554
-0.767431722549
-0.483587214466
-0.556615742441
-0.209016133601
0.0862177114604
-0.0011529119811
0.741038964509
0.187520366289
1.55674977761
0.111054247037
1.90497355654
-0.604135679346
-0.973883462789
-0.0910613820951
-0.855749218241
-0.512925503052
-0.0965835734941
0.349652781537
1.28519921502
1.06766161142
-0.160436558204
0.0925802353138
-0.800580956001
-0.81102312253
-0.844100851865
0.826597719642
0.655293877695
0.0675337533951
-0.642249794525
0.444145703351
-0.623599878319
