4
0
3
2
1
136
-0.543560781216
0.549214860706
0.848040022992
0.643904396895
-0.668900041887
0.455213047132
0.0514382870395
0.456206254852
1.16260505184
0.816808975667
-0.440645668846
-0.495826742225
-0.136346676898
0.467277580505
0.63742003787
-0.0475205183718
0.940605381558
1.89163517711
-0.740387705656
0.212221312962
-0.216102813604
-0.460179939791
0.909867784597
-0.156550966869
0.0329170654528
-0.29135575578
0.795451370879
0.460222744297
0.174970883974
-0.422066941468
-0.566347073663
0.803193724862
0.769903040948
2.96748788214
0.687976356388
-0.0283020940608
-0.822547815143
-0.102343231514
-0.194085506407
0.940980190353
0.843419580251
0.603704028453
0.292009655652
0.981221014706
1.12292749686
-0.277446214214
0.155964379216
-0.0800981962679
-0.882486904107
-0.18980626039
0.540292809676
-0.747293380949
0.915711302965
0.85905564699
0.68402816393
0.26569341105
0.878360579484
0.365635327823
0.320910005916
-0.824041870556
-0.782807041318
-0.89900936269
-0.788586556821
0.0578504168152
-0.981171789622
0.0185841286421
-0.743126047869
0.107554994178
0.507509613591
-0.45398576364
-0.949741345872
0.0973537935237
0.342420946329
0.287546648641
-0.154451126893
-0.368212584332
-0.826200573988
0.624225555427
0.734707963193
-0.125149629685
0.0722235413692
0.859087452123
1.0113440731
0.0659939853681
0.381760931468
0.451448479971
-0.178582639216
-0.508173322142
0.243541715992
0.44388154581
-0.234173502741
0.0956405112043
0.117964643254
-0.983887148804
0.841287047882
-0.52980628501
-0.198774545637
0.737478568758
-0.875175335143
0.120692190335
0.0808843117435
0.985156261581
0.151527263433
-0.657817859552
0.484531465554
-0.767431722549
-0.483587214466
-0.577614521406
-0.331753741552
0.0806528496851
-0.164024189875
0.741038964509
0.166534026359
1.43407419328
0.105492763244
1.74217960051
-0.604135679346
-0.973883462789
-0.0910613820951
-0.855749218241
-0.512925503052
-0.247729987647
0.304210305295
1.2397612435
0.697346415083
-0.160436558204
0.0925802353138
-0.800580956001
-0.81102312253
-0.844100851865
0.826597719642
0.636323823209
0.0675337533951
-0.64495250057
0.444145703351
-0.623599878319
