4
0
3
2
1
136
-0.543225645946
0.563600718578
0.848726843267
0.657296699283
-0.668900041887
0.455548137309
0.0658227702935
0.456893045769
1.17599609916
0.816808975667
-0.440645668846
-0.495826742225
-0.136346676898
0.467277580505
0.693517416794
-0.0445940142658
0.943531840223
2.08353708276
-0.740387705656
0.212221312962
-0.216102813604
-0.460179939791
0.909867784597
-0.156550966869
0.0415259002129
-0.273522615087
0.795474352613
0.486339331607
0.201084083334
-0.395957129199
-0.566347073663
0.803193724862
0.769903040948
3.13308038271
0.687976356388
-0.0165272678422
-0.822547815143
-0.102343231514
-0.167979080372
0.96708323101
0.869519236387
0.603704028453
0.357069259363
1.00158460318
1.25395405146
-0.277446214214
0.155964379216
-0.0150802894761
-0.86212627174
-0.0588526777894
0.540292809676
-0.747293380949
0.915711302965
0.85905564699
0.68402816393
0.316680761173
0.878360579484
0.365635327823
0.643582240892
-0.824041870556
-0.782807041318
-0.89900936269
-0.788586556821
0.0578504168152
-0.981171789622
0.0357187871015
-0.716659767729
0.107554994178
0.507509613591
-0.45398576364
-0.949741345872
0.0973537935237
0.342420946329
0.287546648641
-0.154451126893
-0.287409213645
-0.803526892542
0.732174060766
0.734707963193
-0.125149629685
0.152975129507
0.881749650586
1.11922723034
0.0659939853681
0.381760931468
0.451448479971
-0.178582639216
-0.508173322142
0.327417438786
0.44388154581
-0.234173502741
0.319412452449
0.117964643254
-0.983887148804
0.841287047882
-0.52980628501
-0.198774545637
0.737478568758
-0.869695843792
0.12471083526
0.0808843117435
0.985156261581
0.151527263433
-0.657817859552
0.484531465554
-0.767431722549
-0.483587214466
-0.566537151852
-0.269260955626
0.0835662458333
-0.0817026494489
0.741038964509
0.17760351608
1.49652853009
0.108404047673
1.82445370944
-0.604135679346
-0.973883462789
-0.0910613820951
-0.855749218241
-0.512925503052
-0.171641858458
0.328127438794
1.26367545175
0.86734110486
-0.160436558204
0.0925802353138
-0.800580956001
-0.81102312253
-0.844100851865
0.826597719642
0.645561409837
0.0675337533951
-0.643499604
0.444145703351
-0.623599878319
