4
0
3
2
1
136
-0.543044450237
0.571611806944
0.84911804133
0.664660951329
-0.668900041887
0.455729315815
0.0738333177891
0.457284232535
1.18335986671
0.816808975667
-0.440645668846
-0.495826742225
-0.136346676898
0.467277580505
0.724776224705
-0.0429754613122
0.945150375415
2.19478687811
-0.740387705656
0.212221312962
-0.216102813604
-0.460179939791
0.909867784597
-0.156550966869
0.0462958924541
-0.263312297813
0.795486548283
0.501961809947
0.216704982762
-0.380337808372
-0.566347073663
0.803193724862
0.769903040948
3.22862429695
0.687976356388
-0.0100654791089
-0.822547815143
-0.102343231514
-0.152361337833
0.982699395573
0.885133823286
0.603704028453
0.391058716621
1.01494432137
1.32415078254
-0.277446214214
0.155964379216
0.0188923378461
-0.848768055945
0.011313251262
0.540292809676
-0.747293380949
0.915711302965
0.85905564699
0.68402816393
0.342652177904
0.878360579484
0.365635327823
0.848242076976
-0.824041870556
-0.782807041318
-0.89900936269
-0.788586556821
0.0578504168152
-0.981171789622
0.0441435686618
-0.698500721078
0.107554994178
0.507509613591
-0.45398576364
-0.949741345872
0.0973537935237
0.342420946329
0.287546648641
-0.154451126893
-0.243268673665
-0.790254100869
0.791066670189
0.734707963193
-0.125149629685
0.197093741558
0.895017765788
1.17809191734
0.0659939853681
0.381760931468
0.451448479971
-0.178582639216
-0.508173322142
0.374541463994
0.44388154581
-0.234173502741
0.462478186857
0.117964643254
-0.983887148804
0.841287047882
-0.52980628501
-0.198774545637
0.737478568758
-0.866401958173
0.126920040632
0.0808843117435
0.985156261581
0.151527263433
-0.657817859552
0.484531465554
-0.767431722549
-0.483587214466
-0.560836844889
-0.235196805749
0.0850862347038
-0.0362925595891
0.741038964509
0.183300952519
1.53057799858
0.109923243342
1.8698452824
-0.604135679346
-0.973883462789
-0.0910613820951
-0.855749218241
-0.512925503052
-0.129402713283
0.340476059109
1.27602306596
0.975286572584
-0.160436558204
0.0925802353138
-0.800580956001
-0.81102312253
-0.844100851865
0.826597719642
0.650964718177
0.0675337533951
-0.642775338433
0.444145703351
-0.623599878319
