4
0
3
2
1
136
-0.543554135277
0.549494872822
0.848053207901
0.644167182834
-0.668900041887
0.455219691976
0.051718266366
0.456219439051
1.16286780752
0.816808975667
-0.440645668846
-0.495826742225
-0.136346676898
0.467277580505
0.638511067905
-0.0474633034541
0.940662595389
1.89527399345
-0.740387705656
0.212221312962
-0.216102813604
-0.460179939791
0.909867784597
-0.156550966869
0.0330850716813
-0.291014951212
0.795451831856
0.4607067655
0.175454832491
-0.421583065616
-0.566347073663
0.803193724862
0.769903040948
2.97063832839
0.687976356388
-0.0280707742128
-0.822547815143
-0.102343231514
-0.193601703198
0.941463920939
0.843903238235
0.603704028453
0.293294786988
0.981573326142
1.12547395054
-0.277446214214
0.155964379216
-0.0788139771982
-0.882134650663
-0.187261369044
0.540292809676
-0.747293380949
0.915711302965
0.85905564699
0.68402816393
0.266715157737
0.878360579484
0.365635327823
0.326638586278
-0.824041870556
-0.782807041318
-0.89900936269
-0.788586556821
0.0578504168152
-0.981171789622
0.018934420155
-0.742679997732
0.107554994178
0.507509613591
-0.45398576364
-0.949741345872
0.0973537935237
0.342420946329
0.287546648641
-0.154451126893
-0.36664974571
-0.825775514167
0.626311554666
0.734707963193
-0.125149629685
0.0737852625602
0.859512259254
1.0134286656
0.0659939853681
0.381760931468
0.451448479971
-0.178582639216
-0.508173322142
0.245142427049
0.44388154581
-0.234173502741
0.0996140077527
0.117964643254
-0.983887148804
0.841287047882
-0.52980628501
-0.198774545637
0.737478568758
-0.875075726597
0.120769347909
0.0808843117435
0.985156261581
0.151527263433
-0.657817859552
0.484531465554
-0.767431722549
-0.483587214466
-0.577388766773
-0.330524068872
0.0807115506453
-0.162417247038
0.741038964509
0.166759586334
1.4353029408
0.105551413132
1.74378541596
-0.604135679346
-0.973883462789
-0.0910613820951
-0.855749218241
-0.512925503052
-0.246250452516
0.304697342659
1.24024820608
0.700403508523
-0.160436558204
0.0925802353138
-0.800580956001
-0.81102312253
-0.844100851865
0.826597719642
0.636497244233
0.0675337533951
-0.64492231605
0.444145703351
-0.623599878319
