4
0
3
2
1
136
-0.543120589857
0.568224989028
0.848951865783
0.661555586766
-0.668900041887
0.455653182906
0.0704467122449
0.457118061404
1.18025469163
0.816808975667
-0.440645668846
-0.495826742225
-0.136346676898
0.467277580505
0.711560758613
-0.0436587813889
0.944467062302
2.14737130266
-0.740387705656
0.212221312962
-0.216102813604
-0.460179939791
0.909867784597
-0.156550966869
0.0442816810092
-0.267652772931
0.795481443624
0.4952651613
0.210008975076
-0.387033175217
-0.566347073663
0.803193724862
0.769903040948
3.18793876101
0.687976356388
-0.0127890962452
-0.822547815143
-0.102343231514
-0.159056063956
0.976005310051
0.878440378246
0.603704028453
0.376964987447
1.00912167983
1.29490568016
-0.277446214214
0.155964379216
0.00480511008697
-0.854590082039
-0.0179198235229
0.540292809676
-0.747293380949
0.915711302965
0.85905564699
0.68402816393
0.331944439632
0.878360579484
0.365635327823
0.759535902903
-0.824041870556
-0.782807041318
-0.89900936269
-0.788586556821
0.0578504168152
-0.981171789622
0.040696758391
-0.706497640208
0.107554994178
0.507509613591
-0.45398576364
-0.949741345872
0.0973537935237
0.342420946329
0.287546648641
-0.154451126893
-0.261776808296
-0.795921583969
0.766399219756
0.734707963193
-0.125149629685
0.17859420481
0.889352100131
1.15343544332
0.0659939853681
0.381760931468
0.451448479971
-0.178582639216
-0.508173322142
0.354642483718
0.44388154581
-0.234173502741
0.400268837814
0.117964643254
-0.983887148804
0.841287047882
-0.52980628501
-0.198774545637
0.737478568758
-0.867809199741
0.125993796677
0.0808843117435
0.985156261581
0.151527263433
-0.657817859552
0.484531465554
-0.767431722549
-0.483587214466
-0.563205429943
-0.249523413679
0.0844533421274
-0.0554350393405
0.741038964509
0.18093347307
1.51625710235
0.109290657875
1.8507100409
-0.604135679346
-0.973883462789
-0.0910613820951
-0.855749218241
-0.512925503052
-0.147232187685
0.33533971004
1.27088710002
0.928341636214
-0.160436558204
0.0925802353138
-0.800580956001
-0.81102312253
-0.844100851865
0.826597719642
0.648660496421
0.0675337533951
-0.643074286626
0.444145703351
-0.623599878319
