4
0
3
2
1
136
-0.544708108466
0.503812433559
0.845985802712
0.600094194571
-0.668900041887
0.454066110315
0.00604668349511
0.454152283557
1.11880533773
0.816808975667
-0.440645668846
-0.495826742225
-0.136346676898
0.467277580505
0.461707412132
-0.0569431779367
0.931183087757
1.35173792325
-0.740387705656
0.212221312962
-0.216102813604
-0.460179939791
0.909867784597
-0.156550966869
0.00560375916223
-0.343060139491
0.795368833185
0.394816155754
0.109578884719
-0.487444357767
-0.566347073663
0.803193724862
0.769903040948
2.49411919221
0.687976356388
-0.0669765968166
-0.822547815143
-0.102343231514
-0.259448346078
0.875631920986
0.778085874867
0.603704028453
0.120402336282
0.943532862094
0.792694673461
-0.277446214214
0.155964379216
-0.251590640612
-0.920168450714
-0.519844701902
0.540292809676
-0.747293380949
0.915711302965
0.85905564699
0.68402816393
0.124999430553
0.878360579484
0.365635327823
-0.326627864447
-0.824041870556
-0.782807041318
-0.89900936269
-0.788586556821
0.0578504168152
-0.981171789622
-0.0313140058671
-0.7884191595
0.107554994178
0.507509613591
-0.45398576364
-0.949741345872
0.0973537935237
0.342420946329
0.287546648641
-0.154451126893
-0.573390422131
-0.879897286266
0.35017345575
0.734707963193
-0.125149629685
-0.132807532443
0.80542432799
0.737480767506
0.0659939853681
0.381760931468
0.451448479971
-0.178582639216
-0.508173322142
0.036330427554
0.44388154581
-0.234173502741
-0.361919250692
0.117964643254
-0.983887148804
0.841287047882
-0.52980628501
-0.198774545637
0.737478568758
-0.886729753881
0.110729130293
0.0808843117435
0.985156261581
0.151527263433
-0.657817859552
0.484531465554
-0.767431722549
-0.483587214466
-0.618684101242
-0.532735873162
0.0706999470976
-0.419492946012
0.741038964509
0.125529505777
1.23337010643
0.095554540194
1.48703577261
-0.604135679346
-0.973883462789
-0.0910613820951
-0.855749218241
-0.512925503052
-0.480754110672
0.214528173597
1.15010922757
0.294556863025
-0.160436558204
0.0925802353138
-0.800580956001
-0.81102312253
-0.844100851865
0.826597719642
0.612076023278
0.0675337533951
-0.650778899697
0.444145703351
-0.623599878319
