4
0
3
2
1
136
-0.543927044391
0.534099203603
0.847338405737
0.629589533127
-0.668900041887
0.454846860206
0.0363248627166
0.455504686746
1.14829227834
0.816808975667
-0.440645668846
-0.495826742225
-0.136346676898
0.467277580505
0.57861296244
-0.0506246087487
0.937501365647
1.70086938851
-0.740387705656
0.212221312962
-0.216102813604
-0.460179939791
0.909867784597
-0.156550966869
0.0238297066725
-0.309368603793
0.795425649285
0.43555870091
0.15031113745
-0.446722392568
-0.566347073663
0.803193724862
0.769903040948
2.80166166436
0.687976356388
-0.0409173436243
-0.822547815143
-0.102343231514
-0.218736663521
0.916333325787
0.818777006796
0.603704028453
0.224589573401
0.964651977896
0.99130263909
-0.277446214214
0.155964379216
-0.147468925832
-0.899053023647
-0.321347730009
0.540292809676
-0.747293380949
0.915711302965
0.85905564699
0.68402816393
0.211361170333
0.878360579484
0.365635327823
0.0445710417315
-0.824041870556
-0.782807041318
-0.89900936269
-0.788586556821
0.0578504168152
-0.981171789622
-0.000366159034648
-0.763631857527
0.107554994178
0.507509613591
-0.45398576364
-0.949741345872
0.0973537935237
0.342420946329
0.287546648641
-0.154451126893
-0.449176252318
-0.847782974046
0.516260578054
0.734707963193
-0.125149629685
-0.00867931169984
0.837518980289
0.903455916415
0.0659939853681
0.381760931468
0.451448479971
-0.178582639216
-0.508173322142
0.161325699244
0.44388154581
-0.234173502741
-0.097065046546
0.117964643254
-0.983887148804
0.841287047882
-0.52980628501
-0.198774545637
0.737478568758
-0.880046198778
0.11672835639
0.0808843117435
0.985156261581
0.151527263433
-0.657817859552
0.484531465554
-0.767431722549
-0.483587214466
-0.590373164375
-0.398675792361
0.0773937754959
-0.250667085566
0.741038964509
0.153789027032
1.36721484416
0.102237143268
1.65561200642
-0.604135679346
-0.973883462789
-0.0910613820951
-0.855749218241
-0.512925503052
-0.327199675324
0.27664841082
1.21220486057
0.544527598898
-0.160436558204
0.0925802353138
-0.800580956001
-0.81102312253
-0.844100851865
0.826597719642
0.627375031647
0.0675337533951
-0.646694808075
0.444145703351
-0.623599878319
