4
0
3
2
1
136
-0.542839239971
0.580891811617
0.849579489266
0.673110868732
-0.668900041887
0.455934511215
0.0831128443391
0.45774567064
1.19180936168
0.816808975667
-0.440645668846
-0.495826742225
-0.136346676898
0.467277580505
0.76098030632
-0.0411101288043
0.947015692299
2.32758154098
-0.740387705656
0.212221312962
-0.216102813604
-0.460179939791
0.909867784597
-0.156550966869
0.0517953136671
-0.251243072703
0.795500159091
0.520984491448
0.235726100889
-0.361318253366
-0.566347073663
0.803193724862
0.769903040948
3.34231740003
0.687976356388
-0.00266355811323
-0.822547815143
-0.102343231514
-0.133343345696
1.0017158251
0.904148690447
0.603704028453
0.427331408458
1.03215145187
1.40017990742
-0.277446214214
0.155964379216
0.0551514639423
-0.831562442365
0.0873166061374
0.540292809676
-0.747293380949
0.915711302965
0.85905564699
0.68402816393
0.369768537011
0.878360579484
0.365635327823
1.10772247125
-0.824041870556
-0.782807041318
-0.89900936269
-0.788586556821
0.0578504168152
-0.981171789622
0.0526995948088
-0.674047241013
0.107554994178
0.507509613591
-0.45398576364
-0.949741345872
0.0973537935237
0.342420946329
0.287546648641
-0.154451126893
-0.194006427281
-0.774238402358
0.856324443073
0.734707963193
-0.125149629685
0.246337233464
0.911029577007
1.2433255978
0.0659939853681
0.381760931468
0.451448479971
-0.178582639216
-0.508173322142
0.428673532009
0.44388154581
-0.234173502741
0.647010511414
0.117964643254
-0.983887148804
0.841287047882
-0.52980628501
-0.198774545637
0.737478568758
-0.862484131372
0.129372374873
0.0808843117435
0.985156261581
0.151527263433
-0.657817859552
0.484531465554
-0.767431722549
-0.483587214466
-0.554658788495
-0.196579658037
0.0867434431639
0.0156082727772
0.741038964509
0.189476650316
1.56918265687
0.111579789708
1.92173010017
-0.604135679346
-0.973883462789
-0.0910613820951
-0.855749218241
-0.512925503052
-0.0808887487033
0.353918993395
1.28946520381
1.11488501808
-0.160436558204
0.0925802353138
-0.800580956001
-0.81102312253
-0.844100851865
0.826597719642
0.657403566799
0.0675337533951
-0.642009352354
0.444145703351
-0.623599878319
