4
0
3
2
1
136
-0.543802126045
0.539185810623
0.847572341332
0.634435345225
-0.668900041887
0.454971748741
0.041410607547
0.455738603179
1.15313727695
0.816808975667
-0.440645668846
-0.495826742225
-0.136346676898
0.467277580505
0.598379687489
-0.0495765907246
0.938549354834
1.76382445871
-0.740387705656
0.212221312962
-0.216102813604
-0.460179939791
0.909867784597
-0.156550966869
0.0268910076446
-0.303392377337
0.795434491023
0.443535833488
0.158286745239
-0.438748309014
-0.566347073663
0.803193724862
0.769903040948
2.8565375016
0.687976356388
-0.0366438674048
-0.822547815143
-0.102343231514
-0.210764103647
0.924304362534
0.82674652097
0.603704028453
0.246613727783
0.969706579779
1.03391637896
-0.277446214214
0.155964379216
-0.1254609272
-0.893999340987
-0.278761119785
0.540292809676
-0.747293380949
0.915711302965
0.85905564699
0.68402816393
0.229260970389
0.878360579484
0.365635327823
0.130344371076
-0.824041870556
-0.782807041318
-0.89900936269
-0.788586556821
0.0578504168152
-0.981171789622
0.00594006023879
-0.757474950172
0.107554994178
0.507509613591
-0.45398576364
-0.949741345872
0.0973537935237
0.342420946329
0.287546648641
-0.154451126893
-0.422892629668
-0.840855811939
0.55129663661
0.734707963193
-0.125149629685
0.0175842348629
0.844441517562
0.93846651953
0.0659939853681
0.381760931468
0.451448479971
-0.178582639216
-0.508173322142
0.187892220999
0.44388154581
-0.234173502741
-0.0369683325903
0.117964643254
-0.983887148804
0.841287047882
-0.52980628501
-0.198774545637
0.737478568758
-0.878522393778
0.118008363069
0.0808843117435
0.985156261581
0.151527263433
-0.657817859552
0.484531465554
-0.767431722549
-0.483587214466
-0.585957213428
-0.376057412701
0.0785078119273
-0.221562909724
0.741038964509
0.158199643252
1.3898091526
0.103349857541
1.68468750083
-0.604135679346
-0.973883462789
-0.0910613820951
-0.855749218241
-0.512925503052
-0.300568335614
0.286201067629
1.22175530209
0.593448859865
-0.160436558204
0.0925802353138
-0.800580956001
-0.81102312253
-0.844100851865
0.826597719642
0.630293757568
0.0675337533951
-0.646083881809
0.444145703351
-0.623599878319
