4
0
3
2
1
136
-0.542866520373
0.579645144571
0.849516966719
0.671980673183
-0.668900041887
0.455907232545
0.0818662336161
0.457683149242
1.19067921553
0.816808975667
-0.440645668846
-0.495826742225
-0.136346676898
0.467277580505
0.756117749106
-0.0413601276057
0.946765695337
2.30949713848
-0.740387705656
0.212221312962
-0.216102813604
-0.460179939791
0.909867784597
-0.156550966869
0.051058287549
-0.25287927652
0.795498362201
0.518372594125
0.233114397614
-0.363929762621
-0.566347073663
0.803193724862
0.769903040948
3.32685449272
0.687976356388
-0.00365277790147
-0.822547815143
-0.102343231514
-0.135954660959
0.999104703796
0.901537763082
0.603704028453
0.42266718807
1.02973797333
1.39035200312
-0.277446214214
0.155964379216
0.0504887364076
-0.833975732102
0.0774915906111
0.540292809676
-0.747293380949
0.915711302965
0.85905564699
0.68402816393
0.366319901619
0.878360579484
0.365635327823
1.07146788792
-0.824041870556
-0.782807041318
-0.89900936269
-0.788586556821
0.0578504168152
-0.981171789622
0.0516253819764
-0.677556090831
0.107554994178
0.507509613591
-0.45398576364
-0.949741345872
0.0973537935237
0.342420946329
0.287546648641
-0.154451126893
-0.200489192084
-0.77643629796
0.847784112643
0.734707963193
-0.125149629685
0.239856605562
0.908832119122
1.23478802317
0.0659939853681
0.381760931468
0.451448479971
-0.178582639216
-0.508173322142
0.421442812377
0.44388154581
-0.234173502741
0.620951901049
0.117964643254
-0.983887148804
0.841287047882
-0.52980628501
-0.198774545637
0.737478568758
-0.863012968204
0.129051532704
0.0808843117435
0.985156261581
0.151527263433
-0.657817859552
0.484531465554
-0.767431722549
-0.483587214466
-0.555462076869
-0.201708317562
0.0865275713102
0.00869090643964
0.741038964509
0.18867362872
1.56405543475
0.111363993225
1.91481459205
-0.604135679346
-0.973883462789
-0.0910613820951
-0.855749218241
-0.512925503052
-0.0873691614396
0.352166817931
1.28771311685
1.09513034378
-0.160436558204
0.0925802353138
-0.800580956001
-0.81102312253
-0.844100851865
0.826597719642
0.656529425224
0.0675337533951
-0.642107799573
0.444145703351
-0.623599878319
