4
0
3
2
1
136
-0.544743215176
0.502509742476
0.845929002235
0.598799460646
-0.668900041887
0.454031024417
0.00474453925242
0.454095496236
1.11751115219
0.816808975667
-0.440645668846
-0.495826742225
-0.136346676898
0.467277580505
0.45672025196
-0.0572181819099
0.930908102521
1.3376935822
-0.740387705656
0.212221312962
-0.216102813604
-0.460179939791
0.909867784597
-0.156550966869
0.004822420175
-0.344433397297
0.795366220315
0.393316950722
0.108080151251
-0.488942619939
-0.566347073663
0.803193724862
0.769903040948
2.48162087175
0.687976356388
-0.0681216956717
-0.822547815143
-0.102343231514
-0.260946137222
0.874134600602
0.776589024976
0.603704028453
0.117049346328
0.942902090683
0.786345890942
-0.277446214214
0.155964379216
-0.254941960381
-0.920799123653
-0.526190583313
0.540292809676
-0.747293380949
0.915711302965
0.85905564699
0.68402816393
0.122180114493
0.878360579484
0.365635327823
-0.337974790547
-0.824041870556
-0.782807041318
-0.89900936269
-0.788586556821
0.0578504168152
-0.981171789622
-0.0323326172013
-0.789137105436
0.107554994178
0.507509613591
-0.45398576364
-0.949741345872
0.0973537935237
0.342420946329
0.287546648641
-0.154451126893
-0.577411966733
-0.880924255411
0.344766638867
0.734707963193
-0.125149629685
-0.136826743537
0.804397881451
0.732077106699
0.0659939853681
0.381760931468
0.451448479971
-0.178582639216
-0.508173322142
0.0322830728917
0.44388154581
-0.234173502741
-0.370158231339
0.117964643254
-0.983887148804
0.841287047882
-0.52980628501
-0.198774545637
0.737478568758
-0.886936147517
0.110535355931
0.0808843117435
0.985156261581
0.151527263433
-0.657817859552
0.484531465554
-0.767431722549
-0.483587214466
-0.619949425997
-0.538363009577
0.0704211050086
-0.426450142671
0.741038964509
0.124267175559
1.2277549159
0.0952762813247
1.48009219012
-0.604135679346
-0.973883462789
-0.0910613820951
-0.855749218241
-0.512925503052
-0.487058701054
0.211699592975
1.14728224445
0.285177314817
-0.160436558204
0.0925802353138
-0.800580956001
-0.81102312253
-0.844100851865
0.826597719642
0.61150085281
0.0675337533951
-0.650966965041
0.444145703351
-0.623599878319
