4
0
3
2
1
136
-0.542828335902
0.581391240063
0.849604583594
0.673563209987
-0.668900041887
0.455945414611
0.0836122508456
0.457770764521
1.19226168371
0.816808975667
-0.440645668846
-0.495826742225
-0.136346676898
0.467277580505
0.76292817195
-0.0410100272543
0.947115793134
2.33484767562
-0.740387705656
0.212221312962
-0.216102813604
-0.460179939791
0.909867784597
-0.156550966869
0.0520904145223
-0.250586312302
0.79550087623
0.522035682978
0.236777216032
-0.360267214598
-0.566347073663
0.803193724862
0.769903040948
3.34852857968
0.687976356388
-0.00226771105622
-0.822547815143
-0.102343231514
-0.132292383292
1.00276671115
0.905199500154
0.603704028453
0.429181454472
1.03312672053
1.4040814933
-0.277446214214
0.155964379216
0.0570009377578
-0.830587248028
0.0912170807696
0.540292809676
-0.747293380949
0.915711302965
0.85905564699
0.68402816393
0.371133115603
0.878360579484
0.365635327823
1.12236725337
-0.824041870556
-0.782807041318
-0.89900936269
-0.788586556821
0.0578504168152
-0.981171789622
0.0531235169974
-0.672621604486
0.107554994178
0.507509613591
-0.45398576364
-0.949741345872
0.0973537935237
0.342420946329
0.287546648641
-0.154451126893
-0.191421701517
-0.773353451531
0.859724361272
0.734707963193
-0.125149629685
0.248921133966
0.911914359109
1.24672445104
0.0659939853681
0.381760931468
0.451448479971
-0.178582639216
-0.508173322142
0.431566237136
0.44388154581
-0.234173502741
0.657565731126
0.117964643254
-0.983887148804
0.841287047882
-0.52980628501
-0.198774545637
0.737478568758
-0.862272259026
0.129500075291
0.0808843117435
0.985156261581
0.151527263433
-0.657817859552
0.484531465554
-0.767431722549
-0.483587214466
-0.554339309955
-0.194530585591
0.086829322205
0.018374029846
0.741038964509
0.189796025859
1.5712311724
0.111665639616
1.92449513609
-0.604135679346
-0.973883462789
-0.0910613820951
-0.855749218241
-0.512925503052
-0.0782964728868
0.354616252049
1.29016242841
1.12289121795
-0.160436558204
0.0925802353138
-0.800580956001
-0.81102312253
-0.844100851865
0.826597719642
0.6577544318
0.0675337533951
-0.64197029563
0.444145703351
-0.623599878319
