4
0
3
2
1
136
-0.543681107642
0.54418102883
0.847804187463
0.639165594481
-0.668900041887
0.455092742163
0.046405093138
0.455970433203
1.15786684099
0.816808975667
-0.440645668846
-0.495826742225
-0.136346676898
0.467277580505
0.617815067279
-0.0485508371829
0.939575083951
1.82687157065
-0.740387705656
0.212221312962
-0.216102813604
-0.460179939791
0.909867784597
-0.156550966869
0.0298943814657
-0.297438792633
0.795442988918
0.451688819106
0.166438309756
-0.430598165125
-0.566347073663
0.803193724862
0.769903040948
2.91134083942
0.687976356388
-0.0324751957285
-0.822547815143
-0.102343231514
-0.202615379913
0.932451666587
0.834892405814
0.603704028453
0.269008217833
0.975176692297
1.07760854097
-0.277446214214
0.155964379216
-0.103082972418
-0.888530199917
-0.235096856756
0.540292809676
-0.747293380949
0.915711302965
0.85905564699
0.68402816393
0.247314585454
0.878360579484
0.365635327823
0.221700023792
-0.824041870556
-0.782807041318
-0.89900936269
-0.788586556821
0.0578504168152
-0.981171789622
0.0122412049493
-0.750713936114
0.107554994178
0.507509613591
-0.45398576364
-0.949741345872
0.0973537935237
0.342420946329
0.287546648641
-0.154451126893
-0.396029839066
-0.833704056931
0.587112811242
0.734707963193
-0.125149629685
0.0444266899895
0.851588609513
0.974257025121
0.0659939853681
0.381760931468
0.451448479971
-0.178582639216
-0.508173322142
0.215153255123
0.44388154581
-0.234173502741
0.0267270722326
0.117964643254
-0.983887148804
0.841287047882
-0.52980628501
-0.198774545637
0.737478568758
-0.87691034834
0.119323083928
0.0808843117435
0.985156261581
0.151527263433
-0.657817859552
0.484531465554
-0.767431722549
-0.483587214466
-0.581740044505
-0.353932257773
0.0795859723671
-0.192915609927
0.741038964509
0.16241233436
1.41191368475
0.104426880422
1.71331001598
-0.604135679346
-0.973883462789
-0.0910613820951
-0.855749218241
-0.512925503052
-0.274294138607
0.295308457426
1.23086089089
0.643883213313
-0.160436558204
0.0925802353138
-0.800580956001
-0.81102312253
-0.844100851865
0.826597719642
0.633252490949
0.0675337533951
-0.645508150241
0.444145703351
-0.623599878319
