4
0
3
2
1
136
-0.542996763252
0.573748374147
0.849223479506
0.666614007281
-0.668900041887
0.455776998947
0.0759697621571
0.457389668169
1.1853128135
0.816808975667
-0.440645668846
-0.495826742225
-0.136346676898
0.467277580505
0.733112858575
-0.042545097406
0.9455807353
2.22498744651
-0.740387705656
0.212221312962
-0.216102813604
-0.460179939791
0.909867784597
-0.156550966869
0.0475646558175
-0.260556302507
0.795489730433
0.506254720661
0.220997508805
-0.376045666933
-0.566347073663
0.803193724862
0.769903040948
3.25451221349
0.687976356388
-0.00835343355007
-0.822547815143
-0.102343231514
-0.148069580931
0.986990768007
0.889424811319
0.603704028453
0.399722471987
1.01874642055
1.34221793593
-0.277446214214
0.155964379216
0.027552439736
-0.844966328567
0.0293735621793
0.540292809676
-0.747293380949
0.915711302965
0.85905564699
0.68402816393
0.349188756702
0.878360579484
0.365635327823
0.905851020963
-0.824041870556
-0.782807041318
-0.89900936269
-0.788586556821
0.0578504168152
-0.981171789622
0.0462288916319
-0.693206319065
0.107554994178
0.507509613591
-0.45398576364
-0.949741345872
0.0973537935237
0.342420946329
0.287546648641
-0.154451126893
-0.231728685209
-0.78663327851
0.80641594715
0.734707963193
-0.125149629685
0.20862880527
0.898637557115
1.19343488845
0.0659939853681
0.381760931468
0.451448479971
-0.178582639216
-0.508173322142
0.387062185533
0.44388154581
-0.234173502741
0.503086122163
0.117964643254
-0.983887148804
0.841287047882
-0.52980628501
-0.198774545637
0.737478568758
-0.865505955001
0.127496793974
0.0808843117435
0.985156261581
0.151527263433
-0.657817859552
0.484531465554
-0.767431722549
-0.483587214466
-0.559373876732
-0.226219564867
0.0854779249082
-0.0242660003252
0.741038964509
0.184763295972
1.5395519755
0.110314759111
1.88186768308
-0.604135679346
-0.973883462789
-0.0910613820951
-0.855749218241
-0.512925503052
-0.118183390305
0.343652955186
1.27919974818
1.00595416443
-0.160436558204
0.0925802353138
-0.800580956001
-0.81102312253
-0.844100851865
0.826597719642
0.652431973015
0.0675337533951
-0.642592135986
0.444145703351
-0.623599878319
