4
0
3
2
1
136
-0.543688966519
0.543854599966
0.847788971223
0.638857332326
-0.668900041887
0.4550848848
0.0460787089809
0.45595521794
1.15755862048
0.816808975667
-0.440645668846
-0.495826742225
-0.136346676898
0.467277580505
0.616544367575
-0.0486177660276
0.939508156594
1.82271447353
-0.740387705656
0.212221312962
-0.216102813604
-0.460179939791
0.909867784597
-0.156550966869
0.029698224029
-0.297830383593
0.795442439118
0.451146410924
0.165895992033
-0.431140392416
-0.566347073663
0.803193724862
0.769903040948
2.90773180922
0.687976356388
-0.032746768974
-0.822547815143
-0.102343231514
-0.203157516801
0.931909620073
0.834350449645
0.603704028453
0.26752791991
0.974803407644
1.07470796327
-0.277446214214
0.155964379216
-0.104562182146
-0.888903419387
-0.237995592161
0.540292809676
-0.747293380949
0.915711302965
0.85905564699
0.68402816393
0.246125983454
0.878360579484
0.365635327823
0.215514029191
-0.824041870556
-0.782807041318
-0.89900936269
-0.788586556821
0.0578504168152
-0.981171789622
0.0118283884542
-0.751178529155
0.107554994178
0.507509613591
-0.45398576364
-0.949741345872
0.0973537935237
0.342420946329
0.287546648641
-0.154451126893
-0.397811267673
-0.834180940648
0.584737054801
0.734707963193
-0.125149629685
0.0426465955278
0.851112030739
0.97188295034
0.0659939853681
0.381760931468
0.451448479971
-0.178582639216
-0.508173322142
0.213341238336
0.44388154581
-0.234173502741
0.022422408665
0.117964643254
-0.983887148804
0.841287047882
-0.52980628501
-0.198774545637
0.737478568758
-0.877019104075
0.119235676976
0.0808843117435
0.985156261581
0.151527263433
-0.657817859552
0.484531465554
-0.767431722549
-0.483587214466
-0.582011919347
-0.355374854268
0.0795160715156
-0.19478879839
0.741038964509
0.162140730693
1.4104723494
0.104357049209
1.71143834955
-0.604135679346
-0.973883462789
-0.0910613820951
-0.855749218241
-0.512925503052
-0.276014098846
0.294721628641
1.23027416958
0.640510506178
-0.160436558204
0.0925802353138
-0.800580956001
-0.81102312253
-0.844100851865
0.826597719642
0.633056399299
0.0675337533951
-0.645545033971
0.444145703351
-0.623599878319
