4
0
3
2
1
136
-0.543787055246
0.539804235362
0.847600929462
0.635022486111
-0.668900041887
0.454986816229
0.0420289357465
0.455767189176
1.15372432722
0.816808975667
-0.440645668846
-0.495826742225
-0.136346676898
0.467277580505
0.600784666815
-0.0494494160421
0.938676526294
1.77156409419
-0.740387705656
0.212221312962
-0.216102813604
-0.460179939791
0.909867784597
-0.156550966869
0.0272630129529
-0.302659826643
0.795435552954
0.44452807693
0.159278808538
-0.437756425796
-0.566347073663
0.803193724862
0.769903040948
2.86327315756
0.687976356388
-0.0361262717756
-0.822547815143
-0.102343231514
-0.209772400449
0.925295885776
0.827737864317
0.603704028453
0.249351442065
0.970356047163
1.03923690369
-0.277446214214
0.155964379216
-0.122725236596
-0.893349990542
-0.273444000183
0.540292809676
-0.747293380949
0.915711302965
0.85905564699
0.68402816393
0.231476155772
0.878360579484
0.365635327823
0.14127080912
-0.824041870556
-0.782807041318
-0.89900936269
-0.788586556821
0.0578504168152
-0.981171789622
0.0067166229715
-0.756677523164
0.107554994178
0.507509613591
-0.45398576364
-0.949741345872
0.0973537935237
0.342420946329
0.287546648641
-0.154451126893
-0.419617554586
-0.839988106004
0.555662513643
0.734707963193
-0.125149629685
0.0208568120811
0.845308649229
0.942829238502
0.0659939853681
0.381760931468
0.451448479971
-0.178582639216
-0.508173322142
0.19120920699
0.44388154581
-0.234173502741
-0.0293348605081
0.117964643254
-0.983887148804
0.841287047882
-0.52980628501
-0.198774545637
0.737478568758
-0.878328954181
0.118168281813
0.0808843117435
0.985156261581
0.151527263433
-0.657817859552
0.484531465554
-0.767431722549
-0.483587214466
-0.585428588838
-0.373312919506
0.0786422243837
-0.218018919688
0.741038964509
0.158727674213
1.39255093536
0.10348412068
1.68822824548
-0.604135679346
-0.973883462789
-0.0910613820951
-0.855749218241
-0.512925503052
-0.297321303875
0.287343354013
1.22289734655
0.599559678771
-0.160436558204
0.0925802353138
-0.800580956001
-0.81102312253
-0.844100851865
0.826597719642
0.630655143801
0.0675337533951
-0.646011294698
0.444145703351
-0.623599878319
