4
0
3
2
1
136
-0.543115795993
0.568437344944
0.848962250789
0.661750637577
-0.668900041887
0.455657976327
0.0706590541743
0.457128446118
1.18044972993
0.816808975667
-0.440645668846
-0.495826742225
-0.136346676898
0.467277580505
0.712389379933
-0.0436158960899
0.944509947143
2.15032781087
-0.740387705656
0.212221312962
-0.216102813604
-0.460179939791
0.909867784597
-0.156550966869
0.0444080788598
-0.267381645361
0.795481765882
0.49568111244
0.210424884892
-0.386617306716
-0.566347073663
0.803193724862
0.769903040948
3.19047714633
0.687976356388
-0.0126179713247
-0.822547815143
-0.102343231514
-0.158640236763
0.976421095945
0.878856122848
0.603704028453
0.377861147981
1.00947930732
1.29675961904
-0.277446214214
0.155964379216
0.00570083678489
-0.854232494045
-0.0160666817706
0.540292809676
-0.747293380949
0.915711302965
0.85905564699
0.68402816393
0.332627958061
0.878360579484
0.365635327823
0.765003767044
-0.824041870556
-0.782807041318
-0.89900936269
-0.788586556821
0.0578504168152
-0.981171789622
0.0409179128849
-0.70601023056
0.107554994178
0.507509613591
-0.45398576364
-0.949741345872
0.0973537935237
0.342420946329
0.287546648641
-0.154451126893
-0.26060912913
-0.795568717194
0.767956917068
0.734707963193
-0.125149629685
0.17976131597
0.889704846172
1.1549924167
0.0659939853681
0.381760931468
0.451448479971
-0.178582639216
-0.508173322142
0.355891627117
0.44388154581
-0.234173502741
0.404093492923
0.117964643254
-0.983887148804
0.841287047882
-0.52980628501
-0.198774545637
0.737478568758
-0.867721521135
0.126052255389
0.0808843117435
0.985156261581
0.151527263433
-0.657817859552
0.484531465554
-0.767431722549
-0.483587214466
-0.563055136289
-0.248621796185
0.0844934499935
-0.0542322030434
0.741038964509
0.181083692996
1.51715834135
0.109330745325
1.85191239898
-0.604135679346
-0.973883462789
-0.0910613820951
-0.855749218241
-0.512925503052
-0.146112873787
0.335665384787
1.27121274904
0.93122699815
-0.160436558204
0.0925802353138
-0.800580956001
-0.81102312253
-0.844100851865
0.826597719642
0.648804151918
0.0675337533951
-0.643055232364
0.444145703351
-0.623599878319
