4
0
3
2
1
136
-0.543112222608
0.5685957136
0.848969998587
0.661896070705
-0.668900041887
0.455661549382
0.070817412462
0.4571361937
1.18059515378
0.816808975667
-0.440645668846
-0.495826742225
-0.136346676898
0.467277580505
0.713007341431
-0.0435839170751
0.944541925817
2.15253412128
-0.740387705656
0.212221312962
-0.216102813604
-0.460179939791
0.909867784597
-0.156550966869
0.0445023335561
-0.267179357161
0.795482006021
0.49599166032
0.210735402054
-0.386306820267
-0.566347073663
0.803193724862
0.769903040948
3.19237129618
0.687976356388
-0.0124903822374
-0.822547815143
-0.102343231514
-0.158329781021
0.976731520986
0.879166517194
0.603704028453
0.378528419959
1.00974666841
1.29814055159
-0.277446214214
0.155964379216
0.00636778752487
-0.853965162322
-0.0146863399405
0.540292809676
-0.747293380949
0.915711302965
0.85905564699
0.68402816393
0.333136668443
0.878360579484
0.365635327823
0.769089722761
-0.824041870556
-0.782807041318
-0.89900936269
-0.788586556821
0.0578504168152
-0.981171789622
0.0410824082882
-0.70564552819
0.107554994178
0.507509613591
-0.45398576364
-0.949741345872
0.0973537935237
0.342420946329
0.287546648641
-0.154451126893
-0.259738906218
-0.795305347706
0.76911769737
0.734707963193
-0.125149629685
0.18063111781
0.889968126218
1.15615266023
0.0659939853681
0.381760931468
0.451448479971
-0.178582639216
-0.508173322142
0.356823095252
0.44388154581
-0.234173502741
0.406952324688
0.117964643254
-0.983887148804
0.841287047882
-0.52980628501
-0.198774545637
0.737478568758
-0.867656080419
0.126095821399
0.0808843117435
0.985156261581
0.151527263433
-0.657817859552
0.484531465554
-0.767431722549
-0.483587214466
-0.562943206796
-0.247949680273
0.0845233245918
-0.0533353780048
0.741038964509
0.181195567902
1.51783017681
0.109360604801
1.85280886956
-0.604135679346
-0.973883462789
-0.0910613820951
-0.855749218241
-0.512925503052
-0.145278233527
0.335907947608
1.27145529283
0.933383778652
-0.160436558204
0.0925802353138
-0.800580956001
-0.81102312253
-0.844100851865
0.826597719642
0.64891135934
0.0675337533951
-0.643041049374
0.444145703351
-0.623599878319
