4
0
3
2
1
136
-0.543899084641
0.535231643923
0.847390303481
0.630670929423
-0.668900041887
0.454874812903
0.037457100142
0.455556579962
1.14937348256
0.816808975667
-0.440645668846
-0.495826742225
-0.136346676898
0.467277580505
0.583011303389
-0.0503909767921
0.937734990809
1.71477662389
-0.740387705656
0.212221312962
-0.216102813604
-0.460179939791
0.909867784597
-0.156550966869
0.0245114561983
-0.308045720526
0.79542763439
0.437306217618
0.152058308199
-0.444975567648
-0.566347073663
0.803193724862
0.769903040948
2.81379777516
0.687976356388
-0.0399634242674
-0.822547815143
-0.102343231514
-0.2169901843
0.918079459438
0.820522795007
0.603704028453
0.229408893727
0.965733719219
1.00060029507
-0.277446214214
0.155964379216
-0.142653112162
-0.897971480005
-0.312055956921
0.540292809676
-0.747293380949
0.915711302965
0.85905564699
0.68402816393
0.215289828537
0.878360579484
0.365635327823
0.0630368034173
-0.824041870556
-0.782807041318
-0.89900936269
-0.788586556821
0.0578504168152
-0.981171789622
0.00102243224188
-0.762321563709
0.107554994178
0.507509613591
-0.45398576364
-0.949741345872
0.0973537935237
0.342420946329
0.287546648641
-0.154451126893
-0.443432820754
-0.846274452759
0.523916799158
0.734707963193
-0.125149629685
-0.00294026097684
0.839026491376
0.911106570195
0.0659939853681
0.381760931468
0.451448479971
-0.178582639216
-0.508173322142
0.167123685468
0.44388154581
-0.234173502741
-0.0840992622566
0.117964643254
-0.983887148804
0.841287047882
-0.52980628501
-0.198774545637
0.737478568758
-0.879717391471
0.11700757055
0.0808843117435
0.985156261581
0.151527263433
-0.657817859552
0.484531465554
-0.767431722549
-0.483587214466
-0.589379706996
-0.393634262121
0.0776429912919
-0.244195839537
0.741038964509
0.154781224832
1.37225073503
0.102486050033
1.66207655442
-0.604135679346
-0.973883462789
-0.0910613820951
-0.855749218241
-0.512925503052
-0.321283377811
0.278799293408
1.21435521354
0.55521777289
-0.160436558204
0.0925802353138
-0.800580956001
-0.81102312253
-0.844100851865
0.826597719642
0.628016479427
0.0675337533951
-0.646556667863
0.444145703351
-0.623599878319
