4
0
3
2
1
136
-0.543732283348
0.542060488153
0.84770550465
0.637160950444
-0.668900041887
0.455041576581
0.0442848505811
0.455871756923
1.15586247508
0.816808975667
-0.440645668846
-0.495826742225
-0.136346676898
0.467277580505
0.609561884942
-0.0489858734433
0.93914005762
1.79995891818
-0.740387705656
0.212221312962
-0.216102813604
-0.460179939791
0.909867784597
-0.156550966869
0.0286198243974
-0.299976332594
0.795439403587
0.448189232918
0.162939317286
-0.434096564069
-0.566347073663
0.803193724862
0.769903040948
2.88796520835
0.687976356388
-0.0342414826723
-0.822547815143
-0.102343231514
-0.206113185524
0.928954454116
0.831395786291
0.603704028453
0.259429106234
0.972791607021
1.05887086286
-0.277446214214
0.155964379216
-0.112655023978
-0.89091486568
-0.25382259967
0.540292809676
-0.747293380949
0.915711302965
0.85905564699
0.68402816393
0.239610995561
0.878360579484
0.365635327823
0.182053968639
-0.824041870556
-0.782807041318
-0.89900936269
-0.788586556821
0.0578504168152
-0.981171789622
0.00956040634853
-0.753674338423
0.107554994178
0.507509613591
-0.45398576364
-0.949741345872
0.0973537935237
0.342420946329
0.287546648641
-0.154451126893
-0.407541944096
-0.836778975114
0.571761642065
0.734707963193
-0.125149629685
0.0329232491763
0.848515674405
0.958916782179
0.0659939853681
0.381760931468
0.451448479971
-0.178582639216
-0.508173322142
0.203454559046
0.44388154581
-0.234173502741
-0.000881167525431
0.117964643254
-0.983887148804
0.841287047882
-0.52980628501
-0.198774545637
0.737478568758
-0.877608412946
0.11875879668
0.0808843117435
0.985156261581
0.151527263433
-0.657817859552
0.484531465554
-0.767431722549
-0.483587214466
-0.583515514827
-0.363312152114
0.0791304459395
-0.205081957615
0.741038964509
0.160638677992
1.40254219538
0.103971817966
1.70115379567
-0.604135679346
-0.973883462789
-0.0910613820951
-0.855749218241
-0.512925503052
-0.285460346959
0.291475515922
1.22702867227
0.622169008723
-0.160436558204
0.0925802353138
-0.800580956001
-0.81102312253
-0.844100851865
0.826597719642
0.631985449938
0.0675337533951
-0.6457496022
0.444145703351
-0.623599878319
