4
0
3
2
1
136
-0.543257157468
0.562224550366
0.848660286579
0.656025010034
-0.668900041887
0.455516629237
0.0644467092335
0.456826491338
1.17472450664
0.816808975667
-0.440645668846
-0.495826742225
-0.136346676898
0.467277580505
0.688148291109
-0.0448728428312
0.943253015186
2.06474209196
-0.740387705656
0.212221312962
-0.216102813604
-0.460179939791
0.909867784597
-0.156550966869
0.040704603796
-0.275256734326
0.79547221499
0.483732140748
0.19847718576
-0.398563733553
-0.566347073663
0.803193724862
0.769903040948
3.11690850819
0.687976356388
-0.0176440920808
-0.822547815143
-0.102343231514
-0.17058539157
0.964477212904
0.866913511309
0.603704028453
0.351019286937
0.999434713952
1.24158241387
-0.277446214214
0.155964379216
-0.0211268649968
-0.86427588805
-0.0712182175941
0.540292809676
-0.747293380949
0.915711302965
0.85905564699
0.68402816393
0.312006745363
0.878360579484
0.365635327823
0.610223204256
-0.824041870556
-0.782807041318
-0.89900936269
-0.788586556821
0.0578504168152
-0.981171789622
0.0341796572984
-0.719520900772
0.107554994178
0.507509613591
-0.45398576364
-0.949741345872
0.0973537935237
0.342420946329
0.287546648641
-0.154451126893
-0.295101448494
-0.805761720694
0.721895704746
0.734707963193
-0.125149629685
0.145287211493
0.879515758293
1.10895434635
0.0659939853681
0.381760931468
0.451448479971
-0.178582639216
-0.508173322142
0.319315246811
0.44388154581
-0.234173502741
0.29622388765
0.117964643254
-0.983887148804
0.841287047882
-0.52980628501
-0.198774545637
0.737478568758
-0.870247772956
0.124326197573
0.0808843117435
0.985156261581
0.151527263433
-0.657817859552
0.484531465554
-0.767431722549
-0.483587214466
-0.56755035405
-0.275171327602
0.0832973106158
-0.0895442256102
0.741038964509
0.176590901981
1.49062111146
0.108135273318
1.81661582579
-0.604135679346
-0.973883462789
-0.0910613820951
-0.855749218241
-0.512925503052
-0.178916253851
0.325936579715
1.26148480316
0.849836737624
-0.160436558204
0.0925802353138
-0.800580956001
-0.81102312253
-0.844100851865
0.826597719642
0.644650408797
0.0675337533951
-0.643630042631
0.444145703351
-0.623599878319
