4
0
3
2
1
136
-0.543437982595
0.554422682073
0.848286413261
0.648777958487
-0.668900041887
0.455335826933
0.0566455410204
0.456452632903
1.16747809181
0.816808975667
-0.440645668846
-0.495826742225
-0.136346676898
0.467277580505
0.657718517605
-0.0464580629008
0.941667818229
1.95993814622
-0.740387705656
0.212221312962
-0.216102813604
-0.460179939791
0.909867784597
-0.156550966869
0.0360391307535
-0.28497587731
0.795459854602
0.469384229008
0.184131060222
-0.412908073322
-0.566347073663
0.803193724862
0.769903040948
3.02655254415
0.687976356388
-0.0240138054484
-0.822547815143
-0.102343231514
-0.184927946002
0.950136443377
0.852574526255
0.603704028453
0.315887277836
0.988056606475
1.17050614081
-0.277446214214
0.155964379216
-0.05623705255
-0.875652396452
-0.142256032825
0.540292809676
-0.747293380949
0.915711302965
0.85905564699
0.68402816393
0.284585208526
0.878360579484
0.365635327823
0.431054400689
-0.824041870556
-0.782807041318
-0.89900936269
-0.788586556821
0.0578504168152
-0.981171789622
0.0250177395853
-0.734397866034
0.107554994178
0.507509613591
-0.45398576364
-0.949741345872
0.0973537935237
0.342420946329
0.287546648641
-0.154451126893
-0.338990527291
-0.818179064472
0.663246257649
0.734707963193
-0.125149629685
0.101425358262
0.867104413475
1.05033928626
0.0659939853681
0.381760931468
0.451448479971
-0.178582639216
-0.508173322142
0.273593033411
0.44388154581
-0.234173502741
0.171982481869
0.117964643254
-0.983887148804
0.841287047882
-0.52980628501
-0.198774545637
0.737478568758
-0.87327293541
0.122138981714
0.0808843117435
0.985156261581
0.151527263433
-0.657817859552
0.484531465554
-0.767431722549
-0.483587214466
-0.573481098667
-0.308962146025
0.0817324479343
-0.134154487949
0.741038964509
0.170664119802
1.45684981094
0.106571480535
1.77202974519
-0.604135679346
-0.973883462789
-0.0910613820951
-0.855749218241
-0.512925503052
-0.220192160887
0.313128391865
1.24867806775
0.755738965662
-0.160436558204
0.0925802353138
-0.800580956001
-0.81102312253
-0.844100851865
0.826597719642
0.639592215046
0.0675337533951
-0.644403564134
0.444145703351
-0.623599878319
