4
0
3
2
1
136
-0.542878933694
0.579079211548
0.849488639384
0.671467109186
-0.668900041887
0.455894820035
0.0813003269125
0.457654822446
1.19016567467
0.816808975667
-0.440645668846
-0.495826742225
-0.136346676898
0.467277580505
0.753910217145
-0.0414736760485
0.946652147752
2.30131268545
-0.740387705656
0.212221312962
-0.216102813604
-0.460179939791
0.909867784597
-0.156550966869
0.0507235232248
-0.253620534167
0.795497543288
0.517192616252
0.231934509432
-0.365109561126
-0.566347073663
0.803193724862
0.769903040948
3.31985447188
0.687976356388
-0.00410236552455
-0.822547815143
-0.102343231514
-0.137134369799
0.997925084606
0.90035823353
0.603704028453
0.420528125745
1.0286523906
1.38584915285
-0.277446214214
0.155964379216
0.0483503830166
-0.835061227584
0.0729901070559
0.540292809676
-0.747293380949
0.915711302965
0.85905564699
0.68402816393
0.3647343764
0.878360579484
0.365635327823
1.05515229991
-0.824041870556
-0.782807041318
-0.89900936269
-0.788586556821
0.0578504168152
-0.981171789622
0.0511301369366
-0.67912560021
0.107554994178
0.507509613591
-0.45398576364
-0.949741345872
0.0973537935237
0.342420946329
0.287546648641
-0.154451126893
-0.203446480647
-0.777428932496
0.843882391116
0.734707963193
-0.125149629685
0.236900324048
0.9078396913
1.23088759944
0.0659939853681
0.381760931468
0.451448479971
-0.178582639216
-0.508173322142
0.418155760232
0.44388154581
-0.234173502741
0.609257190409
0.117964643254
-0.983887148804
0.841287047882
-0.52980628501
-0.198774545637
0.737478568758
-0.863252963602
0.128904926034
0.0808843117435
0.985156261581
0.151527263433
-0.657817859552
0.484531465554
-0.767431722549
-0.483587214466
-0.555829471657
-0.204042898396
0.0864288705968
0.00554453068184
0.741038964509
0.188306359727
1.56172152923
0.111265328009
1.91166908782
-0.604135679346
-0.973883462789
-0.0910613820951
-0.855749218241
-0.512925503052
-0.0903153334073
0.351365899771
1.28691224057
1.0862696767
-0.160436558204
0.0925802353138
-0.800580956001
-0.81102312253
-0.844100851865
0.826597719642
0.656133431541
0.0675337533951
-0.642152941648
0.444145703351
-0.623599878319
