4
0
3
2
1
136
-0.543146325135
0.567086997161
0.848896291263
0.660509547105
-0.668900041887
0.455627450061
0.0693087969057
0.457062488481
1.17920872049
0.816808975667
-0.440645668846
-0.495826742225
-0.136346676898
0.467277580505
0.70712029518
-0.0438886920877
0.944237154118
2.1315652732
-0.740387705656
0.212221312962
-0.216102813604
-0.460179939791
0.909867784597
-0.156550966869
0.0436040948397
-0.269103371705
0.795479711651
0.493045148045
0.207789185875
-0.389252740407
-0.566347073663
0.803193724862
0.769903040948
3.17436456592
0.687976356388
-0.013706941094
-0.822547815143
-0.102343231514
-0.161275405181
0.973786192749
0.876221484821
0.603704028453
0.372135301568
1.00722233477
1.28492785095
-0.277446214214
0.155964379216
-2.21904614504e-05
-0.856489213532
-0.027893282965
0.540292809676
-0.747293380949
0.915711302965
0.85905564699
0.68402816393
0.328254691345
0.878360579484
0.365635327823
0.730448419306
-0.824041870556
-0.782807041318
-0.89900936269
-0.788586556821
0.0578504168152
-0.981171789622
0.0395002940481
-0.709078192177
0.107554994178
0.507509613591
-0.45398576364
-0.949741345872
0.0973537935237
0.342420946329
0.287546648641
-0.154451126893
-0.268049463813
-0.797807058834
0.758028831859
0.734707963193
-0.125149629685
0.172324659415
0.887467287972
1.14506901647
0.0659939853681
0.381760931468
0.451448479971
-0.178582639216
-0.508173322142
0.34794602
0.44388154581
-0.234173502741
0.379942395838
0.117964643254
-0.983887148804
0.841287047882
-0.52980628501
-0.198774545637
0.737478568758
-0.868277627413
0.125679753533
0.0808843117435
0.985156261581
0.151527263433
-0.657817859552
0.484531465554
-0.767431722549
-0.483587214466
-0.564014891367
-0.254362412418
0.084237454546
-0.0618863637718
0.741038964509
0.180124417292
1.51142018034
0.109074882465
1.8442613369
-0.604135679346
-0.973883462789
-0.0910613820951
-0.855749218241
-0.512925503052
-0.153233216952
0.333586191759
1.26913372373
0.913007976274
-0.160436558204
0.0925802353138
-0.800580956001
-0.81102312253
-0.844100851865
0.826597719642
0.647892610519
0.0675337533951
-0.643177107133
0.444145703351
-0.623599878319
