4
0
3
2
1
136
-0.543369650052
0.557352085327
0.848426113219
0.65150657153
-0.668900041887
0.455404150212
0.0595746618704
0.456592326831
1.17020644703
0.816808975667
-0.440645668846
-0.495826742225
-0.136346676898
0.467277580505
0.669141838424
-0.045861955726
0.942263916068
1.99894062361
-0.740387705656
0.212221312962
-0.216102813604
-0.460179939791
0.909867784597
-0.156550966869
0.0377926663781
-0.281349076012
0.795464544178
0.474684599088
0.189430735017
-0.407609093636
-0.566347073663
0.803193724862
0.769903040948
3.06021505823
0.687976356388
-0.0216145054318
-0.822547815143
-0.102343231514
-0.179629661247
0.955434033377
0.857871421676
0.603704028453
0.329214317564
0.992167602308
1.19731484283
-0.277446214214
0.155964379216
-0.0429186810774
-0.87154200862
-0.115462475321
0.540292809676
-0.747293380949
0.915711302965
0.85905564699
0.68402816393
0.295041830155
0.878360579484
0.365635327823
0.496342215775
-0.824041870556
-0.782807041318
-0.89900936269
-0.788586556821
0.0578504168152
-0.981171789622
0.0285372995021
-0.729073439815
0.107554994178
0.507509613591
-0.45398576364
-0.949741345872
0.0973537935237
0.342420946329
0.287546648641
-0.154451126893
-0.322484140116
-0.813568702934
0.685300841447
0.734707963193
-0.125149629685
0.117921013398
0.871712391865
1.07238033572
0.0659939853681
0.381760931468
0.451448479971
-0.178582639216
-0.508173322142
0.29069605616
0.44388154581
-0.234173502741
0.217219004409
0.117964643254
-0.983887148804
0.841287047882
-0.52980628501
-0.198774545637
0.737478568758
-0.872159578131
0.122959816272
0.0808843117435
0.985156261581
0.151527263433
-0.657817859552
0.484531465554
-0.767431722549
-0.483587214466
-0.57121721095
-0.296221033684
0.0823277694104
-0.117378746005
0.741038964509
0.172926386548
1.46958301264
0.107166367219
1.78879572915
-0.604135679346
-0.973883462789
-0.0910613820951
-0.855749218241
-0.512925503052
-0.204691559722
0.318014967963
1.25356404275
0.79008808963
-0.160436558204
0.0925802353138
-0.800580956001
-0.81102312253
-0.844100851865
0.826597719642
0.641469493737
0.0675337533951
-0.644106301561
0.444145703351
-0.623599878319
