4
0
3
2
1
136
-0.543587968175
0.548071568439
0.847986262037
0.642830552465
-0.668900041887
0.455185864747
0.0502951315033
0.456152496859
1.16153133377
0.816808975667
-0.440645668846
-0.495826742225
-0.136346676898
0.467277580505
0.632965844581
-0.0477542336264
0.940371670842
1.87681754004
-0.740387705656
0.212221312962
-0.216102813604
-0.460179939791
0.909867784597
-0.156550966869
0.0322309406871
-0.292744619496
0.795449482964
0.458256638322
0.173005077495
-0.424032448539
-0.566347073663
0.803193724862
0.769903040948
2.95465437343
0.687976356388
-0.0292474622667
-0.822547815143
-0.102343231514
-0.196050714157
0.939015281835
0.841454970878
0.603704028453
0.286765664792
0.979800269988
1.11255291405
-0.277446214214
0.155964379216
-0.0853384404595
-0.883907412784
-0.200174438204
0.540292809676
-0.747293380949
0.915711302965
0.85905564699
0.68402816393
0.261518468148
0.878360579484
0.365635327823
0.29774928764
-0.824041870556
-0.782807041318
-0.89900936269
-0.788586556821
0.0578504168152
-0.981171789622
0.0171501666302
-0.744920604321
0.107554994178
0.507509613591
-0.45398576364
-0.949741345872
0.0973537935237
0.342420946329
0.287546648641
-0.154451126893
-0.374579464847
-0.827928128532
0.61572841299
0.734707963193
-0.125149629685
0.0658612485501
0.857360936736
1.00285270628
0.0659939853681
0.381760931468
0.451448479971
-0.178582639216
-0.508173322142
0.237027339725
0.44388154581
-0.234173502741
0.0795703664147
0.117964643254
-0.983887148804
0.841287047882
-0.52980628501
-0.198774545637
0.737478568758
-0.875578729506
0.120378118193
0.0808843117435
0.985156261581
0.151527263433
-0.657817859552
0.484531465554
-0.767431722549
-0.483587214466
-0.578540385798
-0.336779137291
0.0804124415675
-0.17058588394
0.741038964509
0.165608976275
1.42905265651
0.105252568199
1.73562260274
-0.604135679346
-0.973883462789
-0.0910613820951
-0.855749218241
-0.512925503052
-0.253769173267
0.302212831173
1.2377640835
0.684957545511
-0.160436558204
0.0925802353138
-0.800580956001
-0.81102312253
-0.844100851865
0.826597719642
0.63561852801
0.0675337533951
-0.645076535731
0.444145703351
-0.623599878319
