4
0
3
2
1
136
-0.544836979867
0.499054126358
0.845778811199
0.595353929467
-0.668900041887
0.453937318841
0.00129046517352
0.453945342533
1.11406717459
0.816808975667
-0.440645668846
-0.495826742225
-0.136346676898
0.467277580505
0.443511855468
-0.0579490641253
0.930177273245
1.30081939906
-0.740387705656
0.212221312962
-0.216102813604
-0.460179939791
0.909867784597
-0.156550966869
0.00275189362529
-0.348044672045
0.795359217948
0.389437025291
0.104201480794
-0.492820036154
-0.566347073663
0.803193724862
0.769903040948
2.44875540291
0.687976356388
-0.0711692199184
-0.822547815143
-0.102343231514
-0.264822299924
0.870259690683
0.77271536711
0.603704028453
0.108568613783
0.941315170429
0.770291818166
-0.277446214214
0.155964379216
-0.263418604187
-0.922385800607
-0.542237525567
0.540292809676
-0.747293380949
0.915711302965
0.85905564699
0.68402816393
0.1150396119
0.878360579484
0.365635327823
-0.366571529689
-0.824041870556
-0.782807041318
-0.89900936269
-0.788586556821
0.0578504168152
-0.981171789622
-0.0349135372944
-0.79093798602
0.107554994178
0.507509613591
-0.45398576364
-0.949741345872
0.0973537935237
0.342420946329
0.287546648641
-0.154451126893
-0.587594378611
-0.883521613164
0.331064934849
0.734707963193
-0.125149629685
-0.147003402804
0.801801807698
0.718383223817
0.0659939853681
0.381760931468
0.451448479971
-0.178582639216
-0.508173322142
0.022032205518
0.44388154581
-0.234173502741
-0.390961590933
0.117964643254
-0.983887148804
0.841287047882
-0.52980628501
-0.198774545637
0.737478568758
-0.887456849667
0.110044644076
0.0808843117435
0.985156261581
0.151527263433
-0.657817859552
0.484531465554
-0.767431722549
-0.483587214466
-0.62330859931
-0.553179323467
0.069689710249
-0.444723304995
0.741038964509
0.120916213987
1.2129711512
0.0945464529999
1.46185604018
-0.604135679346
-0.973883462789
-0.0910613820951
-0.855749218241
-0.512925503052
-0.50361273973
0.204162361201
1.1397494818
0.260800390675
-0.160436558204
0.0925802353138
-0.800580956001
-0.81102312253
-0.844100851865
0.826597719642
0.610009127554
0.0675337533951
-0.651467998051
0.444145703351
-0.623599878319
