4
0
3
2
1
136
-0.544188269079
0.523684450199
0.846865852516
0.619573839881
-0.668900041887
0.454585713346
0.0259123107862
0.455032183323
1.13827869136
0.816808975667
-0.440645668846
-0.495826742225
-0.136346676898
0.467277580505
0.538237891308
-0.0527818027526
0.935344245664
1.575872417
-0.740387705656
0.212221312962
-0.216102813604
-0.460179939791
0.909867784597
-0.156550966869
0.0175569461087
-0.3213264598
0.795406935635
0.420251406581
0.135007182658
-0.462023009198
-0.566347073663
0.803193724862
0.769903040948
2.69221426268
0.687976356388
-0.0497583976954
-0.822547815143
-0.102343231514
-0.234033943363
0.90103938136
0.803486396412
0.603704028453
0.183083757204
0.955797555338
0.911739304517
-0.277446214214
0.155964379216
-0.188945841945
-0.907905835641
-0.400862527662
0.540292809676
-0.747293380949
0.915711302965
0.85905564699
0.68402816393
0.177268020257
0.878360579484
0.365635327823
-0.108733780971
-0.824041870556
-0.782807041318
-0.89900936269
-0.788586556821
0.0578504168152
-0.981171789622
-0.0125037098155
-0.774206314401
0.107554994178
0.507509613591
-0.45398576364
-0.949741345872
0.0973537935237
0.342420946329
0.287546648641
-0.154451126893
-0.498567752009
-0.860656576625
0.4503754441
0.734707963193
-0.125149629685
-0.0580340257793
0.82465385469
0.83761792822
0.0659939853681
0.381760931468
0.451448479971
-0.178582639216
-0.508173322142
0.111576657313
0.44388154581
-0.234173502741
-0.205405513764
0.117964643254
-0.983887148804
0.841287047882
-0.52980628501
-0.198774545637
0.737478568758
-0.882790161959
0.114336279242
0.0808843117435
0.985156261581
0.151527263433
-0.657817859552
0.484531465554
-0.767431722549
-0.483587214466
-0.599768431424
-0.445105632414
0.0750810067076
-0.309836547988
0.741038964509
0.144407454851
1.32084485709
0.0999276168818
1.59651297181
-0.604135679346
-0.973883462789
-0.0910613820951
-0.855749218241
-0.512925503052
-0.381172807912
0.256235228475
1.19179768115
0.451166785068
-0.160436558204
0.0925802353138
-0.800580956001
-0.81102312253
-0.844100851865
0.826597719642
0.621705268515
0.0675337533951
-0.648020256601
0.444145703351
-0.623599878319
