4
0
3
2
1
136
-0.542850333027
0.58038439102
0.849554020999
0.672651038617
-0.668900041887
0.455923418855
0.0826054463999
0.457720202835
1.19134955142
0.816808975667
-0.440645668846
-0.495826742225
-0.136346676898
0.467277580505
0.759001193314
-0.0412118619209
0.946913959921
2.32021162298
-0.740387705656
0.212221312962
-0.216102813604
-0.460179939791
0.909867784597
-0.156550966869
0.0514953964942
-0.251909594053
0.795499428887
0.519919308513
0.234660996352
-0.362383279516
-0.566347073663
0.803193724862
0.769903040948
3.33601653621
0.687976356388
-0.00306600045563
-0.822547815143
-0.102343231514
-0.134408293469
1.00065095569
0.903083899392
0.603704028453
0.425440917505
1.03116547515
1.39619497277
-0.277446214214
0.155964379216
0.0532615693587
-0.832548342811
0.0833328272957
0.540292809676
-0.747293380949
0.915711302965
0.85905564699
0.68402816393
0.36837217597
0.878360579484
0.365635327823
1.09291404995
-0.824041870556
-0.782807041318
-0.89900936269
-0.788586556821
0.0578504168152
-0.981171789622
0.0522651359105
-0.67548398423
0.107554994178
0.507509613591
-0.45398576364
-0.949741345872
0.0973537935237
0.342420946329
0.287546648641
-0.154451126893
-0.19663976398
-0.775134888697
0.852857494328
0.734707963193
-0.125149629685
0.243704753159
0.910133265943
1.23985975379
0.0659939853681
0.381760931468
0.451448479971
-0.178582639216
-0.508173322142
0.425732179059
0.44388154581
-0.234173502741
0.636354495813
0.117964643254
-0.983887148804
0.841287047882
-0.52980628501
-0.198774545637
0.737478568758
-0.86269939471
0.129242139916
0.0808843117435
0.985156261581
0.151527263433
-0.657817859552
0.484531465554
-0.767431722549
-0.483587214466
-0.554984743361
-0.198664774876
0.0866558368525
0.0127950548687
0.741038964509
0.189150802347
1.56709811686
0.111492213612
1.91891762849
-0.604135679346
-0.973883462789
-0.0910613820951
-0.855749218241
-0.512925503052
-0.0835247914892
0.353207833584
1.28875407941
1.10680497758
-0.160436558204
0.0925802353138
-0.800580956001
-0.81102312253
-0.844100851865
0.826597719642
0.657047476394
0.0675337533951
-0.642049257814
0.444145703351
-0.623599878319
