4
0
3
2
1
136
-0.544145605301
0.525365248076
0.846941553561
0.621198947139
-0.668900041887
0.454628362828
0.0275927089466
0.455107875241
1.13990341337
0.816808975667
-0.440645668846
-0.495826742225
-0.136346676898
0.467277580505
0.544743724024
-0.0524326004431
0.935693434496
1.59569173637
-0.740387705656
0.212221312962
-0.216102813604
-0.460179939791
0.909867784597
-0.156550966869
0.0185694203997
-0.31942236208
0.795410012355
0.422628660821
0.137383880104
-0.459646868302
-0.566347073663
0.803193724862
0.769903040948
2.7096140321
0.687976356388
-0.0483231991946
-0.822547815143
-0.102343231514
-0.231658358773
0.903414409888
0.805860869121
0.603704028453
0.189405190314
0.957099259521
0.923806115864
-0.277446214214
0.155964379216
-0.182628619137
-0.906604365419
-0.388802806042
0.540292809676
-0.747293380949
0.915711302965
0.85905564699
0.68402816393
0.182489154055
0.878360579484
0.365635327823
-0.0859641138958
-0.824041870556
-0.782807041318
-0.89900936269
-0.788586556821
0.0578504168152
-0.981171789622
-0.0106361145343
-0.772668540857
0.107554994178
0.507509613591
-0.45398576364
-0.949741345872
0.0973537935237
0.342420946329
0.287546648641
-0.154451126893
-0.491046615648
-0.85870650256
0.460416290228
0.734707963193
-0.125149629685
-0.0505183375755
0.826602675897
0.847651737561
0.0659939853681
0.381760931468
0.451448479971
-0.178582639216
-0.508173322142
0.119143021925
0.44388154581
-0.234173502741
-0.189228829265
0.117964643254
-0.983887148804
0.841287047882
-0.52980628501
-0.198774545637
0.737478568758
-0.882381102182
0.114699662741
0.0808843117435
0.985156261581
0.151527263433
-0.657817859552
0.484531465554
-0.767431722549
-0.483587214466
-0.598222336257
-0.437612946551
0.0754558447453
-0.300339769268
0.741038964509
0.145951069703
1.32832688013
0.100301883001
1.60599728197
-0.604135679346
-0.973883462789
-0.0910613820951
-0.855749218241
-0.512925503052
-0.372523796994
0.259604923978
1.19516625745
0.465660162442
-0.160436558204
0.0925802353138
-0.800580956001
-0.81102312253
-0.844100851865
0.826597719642
0.622591926837
0.0675337533951
-0.647799862118
0.444145703351
-0.623599878319
