4
0
3
2
1
136
-0.542987820226
0.574150387481
0.849243371625
0.66698097947
-0.668900041887
0.455785941279
0.0763717532883
0.45740955983
1.18567976602
0.816808975667
-0.440645668846
-0.495826742225
-0.136346676898
0.467277580505
0.734681413398
-0.0424641815208
0.945661650457
2.23069489488
-0.740387705656
0.212221312962
-0.216102813604
-0.460179939791
0.909867784597
-0.156550966869
0.0478032152675
-0.260036207281
0.795490325911
0.507068328019
0.221811045465
-0.375232200959
-0.566347073663
0.803193724862
0.769903040948
3.25940245029
0.687976356388
-0.00803182664399
-0.822547815143
-0.102343231514
-0.14725618563
0.987804092645
0.890238065308
0.603704028453
0.401332255586
1.01947277818
1.3455819664
-0.277446214214
0.155964379216
0.0291615733413
-0.844240039421
0.0327363683907
0.540292809676
-0.747293380949
0.915711302965
0.85905564699
0.68402816393
0.350399323129
0.878360579484
0.365635327823
0.916833349049
-0.824041870556
-0.782807041318
-0.89900936269
-0.788586556821
0.0578504168152
-0.981171789622
0.0466135110666
-0.692188131378
0.107554994178
0.507509613591
-0.45398576364
-0.949741345872
0.0973537935237
0.342420946329
0.287546648641
-0.154451126893
-0.229569906174
-0.785947840124
0.80928398719
0.734707963193
-0.125149629685
0.210786699891
0.899322811126
1.19630179452
0.0659939853681
0.381760931468
0.451448479971
-0.178582639216
-0.508173322142
0.389414677157
0.44388154581
-0.234173502741
0.510848200379
0.117964643254
-0.983887148804
0.841287047882
-0.52980628501
-0.198774545637
0.737478568758
-0.865336796245
0.127604581596
0.0808843117435
0.985156261581
0.151527263433
-0.657817859552
0.484531465554
-0.767431722549
-0.483587214466
-0.559101314499
-0.224535904198
0.0855509584356
-0.0220077814023
0.741038964509
0.185035746549
1.54123504974
0.110387761391
1.88412515299
-0.604135679346
-0.973883462789
-0.0910613820951
-0.855749218241
-0.512925503052
-0.116075227614
0.344245239349
1.27979199433
1.01181898361
-0.160436558204
0.0925802353138
-0.800580956001
-0.81102312253
-0.844100851865
0.826597719642
0.65270915586
0.0675337533951
-0.642558127107
0.444145703351
-0.623599878319
