4
0
3
2
1
136
-0.542862435174
0.579831574211
0.849526305843
0.672149782431
-0.668900041887
0.45591131748
0.0820526546919
0.457692488192
1.19084831726
0.816808975667
-0.440645668846
-0.495826742225
-0.136346676898
0.467277580505
0.756844935576
-0.0413227306623
0.946803091999
2.3121966907
-0.740387705656
0.212221312962
-0.216102813604
-0.460179939791
0.909867784597
-0.156550966869
0.0511685402439
-0.252634885002
0.795498631529
0.518762084571
0.233503858734
-0.363540330824
-0.566347073663
0.803193724862
0.769903040948
3.32916310056
0.687976356388
-0.00350474654138
-0.822547815143
-0.102343231514
-0.135565258479
0.999494076963
0.90192710694
0.603704028453
0.423368873094
1.03009696677
1.39182969972
-0.277446214214
0.155964379216
0.0511901922184
-0.833616767196
0.0789688446271
0.540292809676
-0.747293380949
0.915711302965
0.85905564699
0.68402816393
0.366839470886
0.878360579484
0.365635327823
1.07686206203
-0.824041870556
-0.782807041318
-0.89900936269
-0.788586556821
0.0578504168152
-0.981171789622
0.0517874837161
-0.677035876812
0.107554994178
0.507509613591
-0.45398576364
-0.949741345872
0.0973537935237
0.342420946329
0.287546648641
-0.154451126893
-0.199516962033
-0.77610861235
0.849066056929
0.734707963193
-0.125149629685
0.240828508975
0.909159737745
1.23606954638
0.0659939853681
0.381760931468
0.451448479971
-0.178582639216
-0.508173322142
0.422525007387
0.44388154581
-0.234173502741
0.624822705673
0.117964643254
-0.983887148804
0.841287047882
-0.52980628501
-0.198774545637
0.737478568758
-0.862933895294
0.129099698202
0.0808843117435
0.985156261581
0.151527263433
-0.657817859552
0.484531465554
-0.767431722549
-0.483587214466
-0.555341423775
-0.200940127124
0.0865599892265
0.00972655031187
0.741038964509
0.188794241024
1.56482340588
0.111396399625
1.91584995269
-0.604135679346
-0.973883462789
-0.0910613820951
-0.855749218241
-0.512925503052
-0.0863992161983
0.352429903576
1.28797618894
1.09806377961
-0.160436558204
0.0925802353138
-0.800580956001
-0.81102312253
-0.844100851865
0.826597719642
0.656659989
0.0675337533951
-0.642092990676
0.444145703351
-0.623599878319
