4
0
3
2
1
136
-0.543030624433
0.572230032159
0.849148501729
0.665226548562
-0.668900041887
0.455743140475
0.0744515066099
0.457314692179
1.18392543156
0.816808975667
-0.440645668846
-0.495826742225
-0.136346676898
0.467277580505
0.727188508512
-0.0428508776045
0.94527495793
2.20350259477
-0.740387705656
0.212221312962
-0.216102813604
-0.460179939791
0.909867784597
-0.156550966869
0.0466631689037
-0.262516249491
0.795487472068
0.503198577932
0.217941637887
-0.379101266086
-0.566347073663
0.803193724862
0.769903040948
3.2360974308
0.687976356388
-0.0095696038524
-0.822547815143
-0.102343231514
-0.151124908366
0.983935712241
0.886370027176
0.603704028453
0.393584165182
1.01603433275
1.32941053675
-0.277446214214
0.155964379216
0.0214166943825
-0.84767815349
0.0165709669656
0.540292809676
-0.747293380949
0.915711302965
0.85905564699
0.68402816393
0.344561245386
0.878360579484
0.365635327823
0.864780236294
-0.824041870556
-0.782807041318
-0.89900936269
-0.788586556821
0.0578504168152
-0.981171789622
0.0447540900926
-0.696988875413
0.107554994178
0.507509613591
-0.45398576364
-0.949741345872
0.0973537935237
0.342420946329
0.287546648641
-0.154451126893
-0.239918188876
-0.789210147271
0.79552601507
0.734707963193
-0.125149629685
0.20044276218
0.896061412082
1.18254938892
0.0659939853681
0.381760931468
0.451448479971
-0.178582639216
-0.508173322142
0.378167352866
0.44388154581
-0.234173502741
0.474117715842
0.117964643254
-0.983887148804
0.841287047882
-0.52980628501
-0.198774545637
0.737478568758
-0.866143261655
0.127087578752
0.0808843117435
0.985156261581
0.151527263433
-0.657817859552
0.484531465554
-0.767431722549
-0.483587214466
-0.560411039576
-0.232594229278
0.0852001814801
-0.0328084387775
0.741038964509
0.183726571538
1.53317960464
0.110037138169
1.8733281686
-0.604135679346
-0.973883462789
-0.0910613820951
-0.855749218241
-0.512925503052
-0.126153852667
0.341400345493
1.27694728836
0.984074537077
-0.160436558204
0.0925802353138
-0.800580956001
-0.81102312253
-0.844100851865
0.826597719642
0.651388234802
0.0675337533951
-0.642721901714
0.444145703351
-0.623599878319
