4
0
3
2
1
136
-0.543006843461
0.573295746272
0.849201103076
0.66620063861
-0.668900041887
0.455766919531
0.0755171596174
0.457367292263
1.18489946733
0.816808975667
-0.440645668846
-0.495826742225
-0.136346676898
0.467277580505
0.731346795271
-0.0426362238014
0.945489609735
2.21857087411
-0.740387705656
0.212221312962
-0.216102813604
-0.460179939791
0.909867784597
-0.156550966869
0.0472959964325
-0.2611412997
0.795489058746
0.505340893531
0.220083761908
-0.37695933361
-0.566347073663
0.803193724862
0.769903040948
3.24901356755
0.687976356388
-0.00871573191744
-0.822547815143
-0.102343231514
-0.148983167401
0.986077261729
0.88851138522
0.603704028453
0.397902223174
1.01793274406
1.33841668693
-0.277446214214
0.155964379216
0.0257329367811
-0.845779927395
0.0255737153533
0.540292809676
-0.747293380949
0.915711302965
0.85905564699
0.68402816393
0.347818403855
0.878360579484
0.365635327823
0.893540089842
-0.824041870556
-0.782807041318
-0.89900936269
-0.788586556821
0.0578504168152
-0.981171789622
0.0457929078044
-0.694344315771
0.107554994178
0.507509613591
-0.45398576364
-0.949741345872
0.0973537935237
0.342420946329
0.287546648641
-0.154451126893
-0.234164102362
-0.787403416865
0.803179037738
0.734707963193
-0.125149629685
0.206194399758
0.897867629952
1.19019927555
0.0659939853681
0.381760931468
0.451448479971
-0.178582639216
-0.508173322142
0.384412170156
0.44388154581
-0.234173502741
0.494393159163
0.117964643254
-0.983887148804
0.841287047882
-0.52980628501
-0.198774545637
0.737478568758
-0.865696211655
0.127375149515
0.0808843117435
0.985156261581
0.151527263433
-0.657817859552
0.484531465554
-0.767431722549
-0.483587214466
-0.55968178216
-0.228117307584
0.0853954424808
-0.0268103537765
0.741038964509
0.184455518448
1.53765490338
0.110232312452
1.87932418544
-0.604135679346
-0.973883462789
-0.0910613820951
-0.855749218241
-0.512925503052
-0.120558099763
0.342984025486
1.2785308621
0.999387124842
-0.160436558204
0.0925802353138
-0.800580956001
-0.81102312253
-0.844100851865
0.826597719642
0.652120303282
0.0675337533951
-0.642630601468
0.444145703351
-0.623599878319
