4
0
3
2
1
136
-0.543478684255
0.55268855265
0.848204092316
0.647158377573
-0.668900041887
0.45529513119
0.054911590844
0.456370315805
1.1658586752
0.816808975667
-0.440645668846
-0.495826742225
-0.136346676898
0.467277580505
0.650957901221
-0.0468114574693
0.941314429594
1.9370472106
-0.740387705656
0.212221312962
-0.216102813604
-0.460179939791
0.909867784597
-0.156550966869
0.035000161704
-0.287109968107
0.795457050629
0.46629627374
0.181043530417
-0.415995177777
-0.566347073663
0.803193724862
0.769903040948
3.00677420731
0.687976356388
-0.0254384820204
-0.822547815143
-0.102343231514
-0.18801462522
0.947050189284
0.849488697172
0.603704028453
0.307950644684
0.985713653859
1.15462819355
-0.277446214214
0.155964379216
-0.0641683293847
-0.877994987493
-0.158124694623
0.540292809676
-0.747293380949
0.915711302965
0.85905564699
0.68402816393
0.278327712225
0.878360579484
0.365635327823
0.393534100753
-0.824041870556
-0.782807041318
-0.89900936269
-0.788586556821
0.0578504168152
-0.981171789622
0.0228970961815
-0.737407065177
0.107554994178
0.507509613591
-0.45398576364
-0.949741345872
0.0973537935237
0.342420946329
0.287546648641
-0.154451126893
-0.348749604491
-0.820876276801
0.650211029416
0.734707963193
-0.125149629685
0.0916728771026
0.864408676225
1.03731236795
0.0659939853681
0.381760931468
0.451448479971
-0.178582639216
-0.508173322142
0.263527050336
0.44388154581
-0.234173502741
0.145986455107
0.117964643254
-0.983887148804
0.841287047882
-0.52980628501
-0.198774545637
0.737478568758
-0.873917807758
0.121654862051
0.0808843117435
0.985156261581
0.151527263433
-0.657817859552
0.484531465554
-0.767431722549
-0.483587214466
-0.574842085996
-0.316532338497
0.0813758808802
-0.144095617233
0.741038964509
0.1693041747
1.44928465708
0.106215190983
1.762094804
-0.604135679346
-0.973883462789
-0.0910613820951
-0.855749218241
-0.512925503052
-0.229365825659
0.310191658021
1.24574172517
0.735927020876
-0.160436558204
0.0925802353138
-0.800580956001
-0.81102312253
-0.844100851865
0.826597719642
0.638493903808
0.0675337533951
-0.644583433687
0.444145703351
-0.623599878319
