4
0
3
2
1
136
-0.543373090185
0.557204063505
0.848419034812
0.651368914024
-0.668900041887
0.455400710526
0.05942665373
0.456585248715
1.17006880198
0.816808975667
-0.440645668846
-0.495826742225
-0.136346676898
0.467277580505
0.668564545283
-0.0458920507809
0.942233821465
1.99695978375
-0.740387705656
0.212221312962
-0.216102813604
-0.460179939791
0.909867784597
-0.156550966869
0.0377041096907
-0.281532989486
0.795464308625
0.474414252912
0.189160423265
-0.407879370972
-0.566347073663
0.803193724862
0.769903040948
3.05850650531
0.687976356388
-0.0217355203268
-0.822547815143
-0.102343231514
-0.179899904177
0.955163824845
0.857601247534
0.603704028453
0.328544068399
0.991955239327
1.19596211715
-0.277446214214
0.155964379216
-0.0435885048905
-0.87175434103
-0.116814454153
0.540292809676
-0.747293380949
0.915711302965
0.85905564699
0.68402816393
0.294517494612
0.878360579484
0.365635327823
0.49298590239
-0.824041870556
-0.782807041318
-0.89900936269
-0.788586556821
0.0578504168152
-0.981171789622
0.0283615545518
-0.729349878096
0.107554994178
0.507509613591
-0.45398576364
-0.949741345872
0.0973537935237
0.342420946329
0.287546648641
-0.154451126893
-0.323318130143
-0.813803220097
0.684186362492
0.734707963193
-0.125149629685
0.117087552056
0.871477991577
1.07126652401
0.0659939853681
0.381760931468
0.451448479971
-0.178582639216
-0.508173322142
0.289829423375
0.44388154581
-0.234173502741
0.214892991906
0.117964643254
-0.983887148804
0.841287047882
-0.52980628501
-0.198774545637
0.737478568758
-0.872216525351
0.122918286765
0.0808843117435
0.985156261581
0.151527263433
-0.657817859552
0.484531465554
-0.767431722549
-0.483587214466
-0.571330540023
-0.296863362345
0.0822979054451
-0.118225791663
0.741038964509
0.172813135352
1.46894106622
0.107136524232
1.78794915627
-0.604135679346
-0.973883462789
-0.0910613820951
-0.855749218241
-0.512925503052
-0.205474828323
0.317770287957
1.25331939141
0.78832505836
-0.160436558204
0.0925802353138
-0.800580956001
-0.81102312253
-0.844100851865
0.826597719642
0.641373986941
0.0675337533951
-0.644121124393
0.444145703351
-0.623599878319
