4
0
3
2
1
136
-0.54289586476
0.578308651023
0.849450124757
0.670767345762
-0.668900041887
0.455877890099
0.0805298030021
0.457616308567
1.18946594346
0.816808975667
-0.440645668846
-0.495826742225
-0.136346676898
0.467277580505
0.750904365221
-0.041628340999
0.946497483997
2.29019411836
-0.740387705656
0.212221312962
-0.216102813604
-0.460179939791
0.909867784597
-0.156550966869
0.050267531324
-0.254628294326
0.79549642505
0.515591744069
0.23033376099
-0.366710185845
-0.566347073663
0.803193724862
0.769903040948
3.31034294126
0.687976356388
-0.00471504053765
-0.822547815143
-0.102343231514
-0.138734870814
0.996324707276
0.898757979867
0.603704028453
0.417593907366
1.0271845174
1.37967716232
-0.277446214214
0.155964379216
0.0454171621907
-0.836528980419
0.0668200342431
0.540292809676
-0.747293380949
0.915711302965
0.85905564699
0.68402816393
0.36255548913
0.878360579484
0.365635327823
1.03308069413
-0.824041870556
-0.782807041318
-0.89900936269
-0.788586556821
0.0578504168152
-0.981171789622
0.050448146096
-0.68123929308
0.107554994178
0.507509613591
-0.45398576364
-0.949741345872
0.0973537935237
0.342420946329
0.287546648641
-0.154451126893
-0.207487348041
-0.778775476561
0.838545529037
0.734707963193
-0.125149629685
0.232860865788
0.906493436966
1.22555255231
0.0659939853681
0.381760931468
0.451448479971
-0.178582639216
-0.508173322142
0.41367566269
0.44388154581
-0.234173502741
0.593467570245
0.117964643254
-0.983887148804
0.841287047882
-0.52980628501
-0.198774545637
0.737478568758
-0.863579597725
0.128704372632
0.0808843117435
0.985156261581
0.151527263433
-0.657817859552
0.484531465554
-0.767431722549
-0.483587214466
-0.556332453042
-0.207227902875
0.0862937791245
0.00125448833552
0.741038964509
0.187803554473
1.55853746775
0.111130286191
1.90738026089
-0.604135679346
-0.973883462789
-0.0910613820951
-0.855749218241
-0.512925503052
-0.0943309282807
0.350269862744
1.28581626235
1.07431113756
-0.160436558204
0.0925802353138
-0.800580956001
-0.81102312253
-0.844100851865
0.826597719642
0.655595127647
0.0675337533951
-0.642214860808
0.444145703351
-0.623599878319
