4
0
3
2
1
136
-0.544342064371
0.517689411661
0.846597523686
0.613749463371
-0.668900041887
0.454431975373
0.0199188570852
0.454763891013
1.13245585321
0.816808975667
-0.440645668846
-0.495826742225
-0.136346676898
0.467277580505
0.515070000866
-0.0540307570112
0.934095344989
1.50628285483
-0.740387705656
0.212221312962
-0.216102813604
-0.460179939791
0.909867784597
-0.156550966869
0.013946429512
-0.328035689481
0.795395779981
0.412062359061
0.126820168738
-0.470207990458
-0.566347073663
0.803193724862
0.769903040948
2.63097526797
0.687976356388
-0.054904005945
-0.822547815143
-0.102343231514
-0.242216892904
0.8928584626
0.795307507492
0.603704028453
0.16182402229
0.951519519414
0.871258538081
-0.277446214214
0.155964379216
-0.210192057413
-0.912183116751
-0.441320436391
0.540292809676
-0.747293380949
0.915711302965
0.85905564699
0.68402816393
0.159638053189
0.878360579484
0.365635327823
-0.184084144266
-0.824041870556
-0.782807041318
-0.89900936269
-0.788586556821
0.0578504168152
-0.981171789622
-0.0188282343448
-0.779219927046
0.107554994178
0.507509613591
-0.45398576364
-0.949741345872
0.0973537935237
0.342420946329
0.287546648641
-0.154451126893
-0.523883709721
-0.867197232179
0.416544088085
0.734707963193
-0.125149629685
-0.0833322347476
0.818117266649
0.803809668087
0.0659939853681
0.381760931468
0.451448479971
-0.178582639216
-0.508173322142
0.0861192956275
0.44388154581
-0.234173502741
-0.259171351643
0.117964643254
-0.983887148804
0.841287047882
-0.52980628501
-0.198774545637
0.737478568758
-0.884147408411
0.113114687529
0.0808843117435
0.985156261581
0.151527263433
-0.657817859552
0.484531465554
-0.767431722549
-0.483587214466
-0.605365054052
-0.471779482255
0.0737444458802
-0.343486339078
0.741038964509
0.138820575368
1.29421226444
0.0985932417477
1.56291116467
-0.604135679346
-0.973883462789
-0.0910613820951
-0.855749218241
-0.512925503052
-0.411782137673
0.243994695049
1.17956167367
0.401135495924
-0.160436558204
0.0925802353138
-0.800580956001
-0.81102312253
-0.844100851865
0.826597719642
0.618633293748
0.0675337533951
-0.648825010817
0.444145703351
-0.623599878319
