4
0
3
2
1
136
-0.543488716092
0.552262360574
0.848183903076
0.646759843641
-0.668900041887
0.455285100859
0.0544854442653
0.456350127543
1.16546018303
0.816808975667
-0.440645668846
-0.495826742225
-0.136346676898
0.467277580505
0.649296580364
-0.0468983692711
0.941227519299
1.93144384844
-0.740387705656
0.212221312962
-0.216102813604
-0.460179939791
0.909867784597
-0.156550966869
0.0347447172691
-0.28763298269
0.79545635831
0.465543043823
0.180290406637
-0.41674819545
-0.566347073663
0.803193724862
0.769903040948
3.0019302726
0.687976356388
-0.0257891182139
-0.822547815143
-0.102343231514
-0.188767536814
0.94629738374
0.848735997649
0.603704028453
0.305996656015
0.985148090288
1.15072888871
-0.277446214214
0.155964379216
-0.0661209793821
-0.878560462184
-0.162021686629
0.540292809676
-0.747293380949
0.915711302965
0.85905564699
0.68402816393
0.276783734459
0.878360579484
0.365635327823
0.384441605756
-0.824041870556
-0.782807041318
-0.89900936269
-0.788586556821
0.0578504168152
-0.981171789622
0.0223722364375
-0.738130709719
0.107554994178
0.507509613591
-0.45398576364
-0.949741345872
0.0973537935237
0.342420946329
0.287546648641
-0.154451126893
-0.351144846042
-0.821535311996
0.647012250301
0.734707963193
-0.125149629685
0.0892792808981
0.863750010113
1.03411566101
0.0659939853681
0.381760931468
0.451448479971
-0.178582639216
-0.508173322142
0.261061298071
0.44388154581
-0.234173502741
0.139685787643
0.117964643254
-0.983887148804
0.841287047882
-0.52980628501
-0.198774545637
0.737478568758
-0.87407459807
0.121536182956
0.0808843117435
0.985156261581
0.151527263433
-0.657817859552
0.484531465554
-0.767431722549
-0.483587214466
-0.575178931248
-0.318395852941
0.0812877914777
-0.146539743184
0.741038964509
0.168967595458
1.44742242307
0.106127172154
1.75965224742
-0.604135679346
-0.973883462789
-0.0910613820951
-0.855749218241
-0.512925503052
-0.231619933027
0.309464886854
1.24501505445
0.731115301253
-0.160436558204
0.0925802353138
-0.800580956001
-0.81102312253
-0.844100851865
0.826597719642
0.638225484153
0.0675337533951
-0.644628085045
0.444145703351
-0.623599878319
