4
0
3
2
1
136
-0.54339585974
0.556225794593
0.848372306114
0.65045855897
-0.668900041887
0.455377943981
0.0584484767789
0.456538521978
1.16915853076
0.816808975667
-0.440645668846
-0.495826742225
-0.136346676898
0.467277580505
0.664749437565
-0.0460910170696
0.942034858215
1.983895428
-0.740387705656
0.212221312962
-0.216102813604
-0.460179939791
0.909867784597
-0.156550966869
0.0371187099358
-0.282746722277
0.795462748104
0.472634280524
0.18738068028
-0.40965888461
-0.566347073663
0.803193724862
0.769903040948
3.047235107
0.687976356388
-0.0225358924553
-0.822547815143
-0.102343231514
-0.181679188526
0.953384769729
0.855822421592
0.603704028453
0.324105186598
0.990564168055
1.18701532446
-0.277446214214
0.155964379216
-0.0480245405202
-0.873145209783
-0.125756259613
0.540292809676
-0.747293380949
0.915711302965
0.85905564699
0.68402816393
0.291040772839
0.878360579484
0.365635327823
0.470957554089
-0.824041870556
-0.782807041318
-0.89900936269
-0.788586556821
0.0578504168152
-0.981171789622
0.027194243622
-0.731156909838
0.107554994178
0.507509613591
-0.45398576364
-0.949741345872
0.0973537935237
0.342420946329
0.287546648641
-0.154451126893
-0.328830846811
-0.815349034141
0.676819983653
0.734707963193
-0.125149629685
0.111578367067
0.869932959703
1.06390460096
0.0659939853681
0.381760931468
0.451448479971
-0.178582639216
-0.508173322142
0.284107796048
0.44388154581
-0.234173502741
0.1996285811
0.117964643254
-0.983887148804
0.841287047882
-0.52980628501
-0.198774545637
0.737478568758
-0.872591078091
0.122643921627
0.0808843117435
0.985156261581
0.151527263433
-0.657817859552
0.484531465554
-0.767431722549
-0.483587214466
-0.572082379284
-0.301112495226
0.0820999477628
-0.123825662186
0.741038964509
0.172061821373
1.46469450568
0.106938707815
1.78235246389
-0.604135679346
-0.973883462789
-0.0910613820951
-0.855749218241
-0.512925503052
-0.210651431884
0.316147226426
1.2516965238
0.77674743595
-0.160436558204
0.0925802353138
-0.800580956001
-0.81102312253
-0.844100851865
0.826597719642
0.640744508696
0.0675337533951
-0.644219616201
0.444145703351
-0.623599878319
