4
0
3
2
1
136
-0.543628236996
0.546384527705
0.847907145613
0.641243376572
-0.668900041887
0.455145602989
0.0486083011262
0.456073385006
1.15994435272
0.816808975667
-0.440645668846
-0.495826742225
-0.136346676898
0.467277580505
0.626394771731
-0.0480994165266
0.940026494932
1.85506906752
-0.740387705656
0.212221312962
-0.216102813604
-0.460179939791
0.909867784597
-0.156550966869
0.0312180622258
-0.294786236472
0.795446680237
0.455385325871
0.170134214902
-0.426902861408
-0.566347073663
0.803193724862
0.769903040948
2.93580459989
0.687976356388
-0.0306450548696
-0.822547815143
-0.102343231514
-0.198920677439
0.936145768007
0.838585906367
0.603704028453
0.279044020946
0.977755554027
1.09732308964
-0.277446214214
0.155964379216
-0.0930545054029
-0.885951783159
-0.215394757079
0.540292809676
-0.747293380949
0.915711302965
0.85905564699
0.68402816393
0.255354526427
0.878360579484
0.365635327823
0.264246800585
-0.824041870556
-0.782807041318
-0.89900936269
-0.788586556821
0.0578504168152
-0.981171789622
0.015025487016
-0.747491465939
0.107554994178
0.507509613591
-0.45398576364
-0.949741345872
0.0973537935237
0.342420946329
0.287546648641
-0.154451126893
-0.383926373576
-0.830452954154
0.603257156195
0.734707963193
-0.125149629685
0.0565211693562
0.854837662846
0.990390048992
0.0659939853681
0.381760931468
0.451448479971
-0.178582639216
-0.508173322142
0.227482624418
0.44388154581
-0.234173502741
0.0563070974135
0.117964643254
-0.983887148804
0.841287047882
-0.52980628501
-0.198774545637
0.737478568758
-0.876164079645
0.11991780698
0.0808843117435
0.985156261581
0.151527263433
-0.657817859552
0.484531465554
-0.767431722549
-0.483587214466
-0.579918582731
-0.344207674336
0.0800556089269
-0.180269068274
0.741038964509
0.164232039742
1.42163005805
0.104896063543
1.72594662689
-0.604135679346
-0.973883462789
-0.0910613820951
-0.855749218241
-0.512925503052
-0.262674730985
0.299239247608
1.23479099012
0.666944673277
-0.160436558204
0.0925802353138
-0.800580956001
-0.81102312253
-0.844100851865
0.826597719642
0.63458604169
0.0675337533951
-0.645261885648
0.444145703351
-0.623599878319
