4
0
3
2
1
136
-0.543209038691
0.564327997699
0.848762092488
0.657967971008
-0.668900041887
0.455564742805
0.0665499945852
0.456928293838
1.17666732151
0.816808975667
-0.440645668846
-0.495826742225
-0.136346676898
0.467277580505
0.696355022761
-0.0444467528194
0.943679099868
2.09350727915
-0.740387705656
0.212221312962
-0.216102813604
-0.460179939791
0.909867784597
-0.156550966869
0.0419597260313
-0.272603797804
0.795475477212
0.487726325907
0.20247092527
-0.394570439595
-0.566347073663
0.803193724862
0.769903040948
3.14165536596
0.687976356388
-0.0159378563361
-0.822547815143
-0.102343231514
-0.166592543068
0.968469616048
0.870905469191
0.603704028453
0.360244101023
1.00273808239
1.26046165363
-0.277446214214
0.155964379216
-0.0119071837233
-0.860972935236
-0.0523482055369
0.540292809676
-0.747293380949
0.915711302965
0.85905564699
0.68402816393
0.319127590955
0.878360579484
0.365635327823
0.661424465028
-0.824041870556
-0.782807041318
-0.89900936269
-0.788586556821
0.0578504168152
-0.981171789622
0.0365217866614
-0.715117928757
0.107554994178
0.507509613591
-0.45398576364
-0.949741345872
0.0973537935237
0.342420946329
0.287546648641
-0.154451126893
-0.283354450584
-0.802340589637
0.737591094984
0.734707963193
-0.125149629685
0.157027675129
0.882935474599
1.12464145095
0.0659939853681
0.381760931468
0.451448479971
-0.178582639216
-0.508173322142
0.331700358143
0.44388154581
-0.234173502741
0.331826575323
0.117964643254
-0.983887148804
0.841287047882
-0.52980628501
-0.198774545637
0.737478568758
-0.869402260138
0.124913685787
0.0808843117435
0.985156261581
0.151527263433
-0.657817859552
0.484531465554
-0.767431722549
-0.483587214466
-0.566005704555
-0.266143996843
0.0837074728639
-0.077562689389
0.741038964509
0.1781346647
1.49964398251
0.108545192796
1.82859178229
-0.604135679346
-0.973883462789
-0.0910613820951
-0.855749218241
-0.512925503052
-0.167799024565
0.329277012069
1.26482491867
0.876709025836
-0.160436558204
0.0925802353138
-0.800580956001
-0.81102312253
-0.844100851865
0.826597719642
0.646045003366
0.0675337533951
-0.643431389058
0.444145703351
-0.623599878319
