4
0
3
2
1
136
-0.542911490289
0.577598875436
0.849414704416
0.670122263841
-0.668900041887
0.455862265639
0.0798200619446
0.457580888934
1.18882089196
0.816808975667
-0.440645668846
-0.495826742225
-0.136346676898
0.467277580505
0.74813550273
-0.0417708668708
0.94635495925
2.27997832193
-0.740387705656
0.212221312962
-0.216102813604
-0.460179939791
0.909867784597
-0.156550966869
0.0498473227944
-0.255555006316
0.795495391723
0.514123047412
0.228865179978
-0.368178651231
-0.566347073663
0.803193724862
0.769903040948
3.3016016223
0.687976356388
-0.0052799242442
-0.822547815143
-0.102343231514
-0.140203220593
0.994856473088
0.897289861251
0.603704028453
0.414869062368
1.02584299328
1.37395067761
-0.277446214214
0.155964379216
0.0426932697234
-0.837870392099
0.0610953749772
0.540292809676
-0.747293380949
0.915711302965
0.85905564699
0.68402816393
0.360528012201
0.878360579484
0.365635327823
1.01289658979
-0.824041870556
-0.782807041318
-0.89900936269
-0.788586556821
0.0578504168152
-0.981171789622
0.0498120858452
-0.683162581388
0.107554994178
0.507509613591
-0.45398576364
-0.949741345872
0.0973537935237
0.342420946329
0.287546648641
-0.154451126893
-0.211223902025
-0.780010801391
0.833605219273
0.734707963193
-0.125149629685
0.229125649156
0.905258387639
1.22061396394
0.0659939853681
0.381760931468
0.451448479971
-0.178582639216
-0.508173322142
0.409544449533
0.44388154581
-0.234173502741
0.579058450692
0.117964643254
-0.983887148804
0.841287047882
-0.52980628501
-0.198774545637
0.737478568758
-0.863880273425
0.128518704071
0.0808843117435
0.985156261581
0.151527263433
-0.657817859552
0.484531465554
-0.767431722549
-0.483587214466
-0.55679855708
-0.210167990135
0.0861686302936
-0.0027031143704
0.741038964509
0.187337617744
1.55559827357
0.111005184478
1.90342380766
-0.604135679346
-0.973883462789
-0.0910613820951
-0.855749218241
-0.512925503052
-0.0980338395555
0.349254647957
1.28480110359
1.06340272385
-0.160436558204
0.0925802353138
-0.800580956001
-0.81102312253
-0.844100851865
0.826597719642
0.655100207514
0.0675337533951
-0.642272360972
0.444145703351
-0.623599878319
