4
0
3
2
1
136
0.458587040574
-0.767616408999
0.122948840205
-0.460877139191
0.731620888425
-0.984577432424
0.73668063579
-0.846611642605
0.984840811939
-0.206148253119
-0.844611633722
0.753104955419
0.31177309864
-0.989008969419
0.433225430633
0.394673602337
-0.909467588362
1.02031029818
0.442683614171
0.633676384472
0.541671472831
-0.217106278727
0.402610617009
0.0794071756768
0.727939363106
-0.844936090828
-0.976493251166
0.5623855204
0.0283098950209
-0.92868088601
-0.37141279685
-0.666631896108
-0.291384701993
1.49798644018
-0.923177382774
0.930121581265
0.13952757069
-0.200406291451
0.876471398694
-0.117835437533
0.720564387408
-0.407551581222
0.208289601262
-0.957645195374
0.692395711464
0.708281213852
-0.207320968033
-0.957166062876
0.0840831380326
-0.797679420771
0.395567061295
-0.372358144143
0.644246950645
-0.560741409989
0.887613233366
0.0778898385347
0.0249241149426
0.270352889772
1.02399721698
0.770552295307
-0.113329695897
0.593746283323
-0.0692156549379
0.308223783161
-0.925003413907
-0.53899251401
0.233307834995
-0.800810246359
-0.413623846621
-0.345642427457
-0.384551154654
-0.366611219086
0.906863550535
0.723528304794
0.134136593497
0.728070293995
0.906082733277
-0.761622031331
-0.0284945552565
-0.128632744751
0.146236284107
0.60419957513
0.815585694063
0.167821372003
0.415753662098
0.72020036289
0.964567217668
-0.723619704565
0.0454672760699
0.488099227411
-0.0245252243888
0.5743628634
-0.55109349169
-0.3233259529
0.698084332482
-0.865970557334
0.840419622854
0.916167658693
-0.0387180473774
-0.420417788584
-0.402689060303
-0.57105922015
0.641896697221
-0.960390287718
0.109943654647
-0.685791212527
0.243679258584
-0.269865382801
-0.294095886155
0.505521261648
0.812173168464
0.0220383348954
0.96209846532
-0.164982150907
-0.0258178222679
-0.0949919120735
-0.357171856114
-0.306852882494
-0.240947122158
-0.309623945315
0.658174301327
0.823327838851
-0.910935265921
-0.13534427137
0.0452734703389
-0.371845374049
0.632881688671
-0.692969295025
0.58635664661
0.534357715074
0.0948878780752
0.702762756264
-0.46616594752
0.405047055257
-0.199854509962
0.977326749477
