4
0
3
2
1
136
-0.544752195276
0.502177300007
0.84591452309
0.598468686333
-0.668900041887
0.454022049755
0.0044122392884
0.454081020527
1.11718052101
0.816808975667
-0.440645668846
-0.495826742225
-0.136346676898
0.467277580505
0.455448222771
-0.0572884075274
0.930837881789
1.33412213141
-0.740387705656
0.212221312962
-0.216102813604
-0.460179939791
0.909867784597
-0.156550966869
0.00462309143323
-0.344782809227
0.795365551175
0.392937580876
0.107700901904
-0.489321748857
-0.566347073663
0.803193724862
0.769903040948
2.47844088894
0.687976356388
-0.068414249227
-0.822547815143
-0.102343231514
-0.26132514578
0.873755712336
0.776210256932
0.603704028453
0.116207556466
0.942744039448
0.784752141232
-0.277446214214
0.155964379216
-0.255783335709
-0.920957150369
-0.527783611971
0.540292809676
-0.747293380949
0.915711302965
0.85905564699
0.68402816393
0.121471965861
0.878360579484
0.365635327823
-0.340819769134
-0.824041870556
-0.782807041318
-0.89900936269
-0.788586556821
0.0578504168152
-0.981171789622
-0.0325885095372
-0.789316808926
0.107554994178
0.507509613591
-0.45398576364
-0.949741345872
0.0973537935237
0.342420946329
0.287546648641
-0.154451126893
-0.578421973439
-0.881182074828
0.343408313751
0.734707963193
-0.125149629685
-0.137836169628
0.804140191913
0.730719568304
0.0659939853681
0.381760931468
0.451448479971
-0.178582639216
-0.508173322142
0.0312664801277
0.44388154581
-0.234173502741
-0.372225356196
0.117964643254
-0.983887148804
0.841287047882
-0.52980628501
-0.198774545637
0.737478568758
-0.886987915197
0.110486687235
0.0808843117435
0.985156261581
0.151527263433
-0.657817859552
0.484531465554
-0.767431722549
-0.483587214466
-0.620272480971
-0.539795562312
0.0703502057694
-0.428219775388
0.741038964509
0.123944893942
1.22632544126
0.0952055316412
1.47832606264
-0.604135679346
-0.973883462789
-0.0910613820951
-0.855749218241
-0.512925503052
-0.48866215787
0.210976512535
1.14655957938
0.282800403219
-0.160436558204
0.0925802353138
-0.800580956001
-0.81102312253
-0.844100851865
0.826597719642
0.611355193676
0.0675337533951
-0.651015040484
0.444145703351
-0.623599878319
