4
0
3
2
1
136
-0.542967411825
0.575069381993
0.849288908085
0.667819263895
-0.668900041887
0.455806348128
0.0772906980877
0.457455095266
1.18651800641
0.816808975667
-0.440645668846
-0.495826742225
-0.136346676898
0.467277580505
0.738267016393
-0.0422792814104
0.945846548943
2.24377169329
-0.740387705656
0.212221312962
-0.216102813604
-0.460179939791
0.909867784597
-0.156550966869
0.0483483527406
-0.258845464883
0.795491683289
0.508935152941
0.223677710757
-0.37336569527
-0.566347073663
0.803193724862
0.769903040948
3.27060431298
0.687976356388
-0.00729726751938
-0.822547815143
-0.102343231514
-0.145389839517
0.98967027921
0.89210409235
0.603704028453
0.404987552518
1.02114610042
1.35322841146
-0.277446214214
0.155964379216
0.0328154278359
-0.842566871944
0.0403800887959
0.540292809676
-0.747293380949
0.915711302965
0.85905564699
0.68402816393
0.353143406004
0.878360579484
0.365635327823
0.942108513185
-0.824041870556
-0.782807041318
-0.89900936269
-0.788586556821
0.0578504168152
-0.981171789622
0.047483520198
-0.689834121676
0.107554994178
0.507509613591
-0.45398576364
-0.949741345872
0.0973537935237
0.342420946329
0.287546648641
-0.154451126893
-0.22465041281
-0.784375835631
0.815815321429
0.734707963193
-0.125149629685
0.215704220853
0.900894405291
1.20283059809
0.0659939853681
0.381760931468
0.451448479971
-0.178582639216
-0.508173322142
0.394788061463
0.44388154581
-0.234173502741
0.528739009785
0.117964643254
-0.983887148804
0.841287047882
-0.52980628501
-0.198774545637
0.737478568758
-0.864949528187
0.127850058391
0.0808843117435
0.985156261581
0.151527263433
-0.657817859552
0.484531465554
-0.767431722549
-0.483587214466
-0.558481467036
-0.220693782201
0.0857171112699
-0.0168513949463
0.741038964509
0.1856553455
1.54507586305
0.110553844602
1.88927986581
-0.604135679346
-0.973883462789
-0.0910613820951
-0.855749218241
-0.512925503052
-0.111259682642
0.345592676536
1.28113934714
1.02534062269
-0.160436558204
0.0925802353138
-0.800580956001
-0.81102312253
-0.844100851865
0.826597719642
0.653344052976
0.0675337533951
-0.642480930671
0.444145703351
-0.623599878319
