4
0
3
2
1
136
-0.543213153522
0.56414766794
0.84875334753
0.657801579317
-0.668900041887
0.455560628406
0.0663696783088
0.456919549163
1.17650094196
0.816808975667
-0.440645668846
-0.495826742225
-0.136346676898
0.467277580505
0.695651427778
-0.0444832604166
0.943642592713
2.09103274549
-0.740387705656
0.212221312962
-0.216102813604
-0.460179939791
0.909867784597
-0.156550966869
0.0418521723557
-0.272831772025
0.795475198694
0.487381830896
0.202126467869
-0.394914859395
-0.566347073663
0.803193724862
0.769903040948
3.13952735257
0.687976356388
-0.0160839495432
-0.822547815143
-0.102343231514
-0.166936925274
0.968125271428
0.870561162148
0.603704028453
0.359458392747
1.00245096134
1.25885017733
-0.277446214214
0.155964379216
-0.0126924654306
-0.861260021001
-0.0539589118235
0.540292809676
-0.747293380949
0.915711302965
0.85905564699
0.68402816393
0.318522436088
0.878360579484
0.365635327823
0.65698675281
-0.824041870556
-0.782807041318
-0.89900936269
-0.788586556821
0.0578504168152
-0.981171789622
0.0363233629707
-0.715502163522
0.107554994178
0.507509613591
-0.45398576364
-0.949741345872
0.0973537935237
0.342420946329
0.287546648641
-0.154451126893
-0.284359112297
-0.802635072973
0.736248972299
0.734707963193
-0.125149629685
0.156023559073
0.882641108989
1.12330002081
0.0659939853681
0.381760931468
0.451448479971
-0.178582639216
-0.508173322142
0.330638371464
0.44388154581
-0.234173502741
0.328738125397
0.117964643254
-0.983887148804
0.841287047882
-0.52980628501
-0.198774545637
0.737478568758
-0.869475172835
0.124863419365
0.0808843117435
0.985156261581
0.151527263433
-0.657817859552
0.484531465554
-0.767431722549
-0.483587214466
-0.566137218705
-0.266916421031
0.0836725139663
-0.0785889177901
0.741038964509
0.178003223842
1.49887192837
0.108510254011
1.82756601775
-0.604135679346
-0.973883462789
-0.0910613820951
-0.855749218241
-0.512925503052
-0.168751749809
0.328992505862
1.26454043853
0.874378586102
-0.160436558204
0.0925802353138
-0.800580956001
-0.81102312253
-0.844100851865
0.826597719642
0.645924959117
0.0675337533951
-0.643448256756
0.444145703351
-0.623599878319
