4
0
3
2
1
136
-0.543699570962
0.54341458258
0.847768474777
0.638441615787
-0.668900041887
0.455074282424
0.0456387525311
0.455934722829
1.15714296074
0.816808975667
-0.440645668846
-0.495826742225
-0.136346676898
0.467277580505
0.614831629677
-0.048708006831
0.939417917819
1.81711902774
-0.740387705656
0.212221312962
-0.216102813604
-0.460179939791
0.909867784597
-0.156550966869
0.0294337833862
-0.298357679693
0.795441696788
0.450417384785
0.165167088374
-0.431869173636
-0.566347073663
0.803193724862
0.769903040948
2.90287307684
0.687976356388
-0.0331130282774
-0.822547815143
-0.102343231514
-0.203886175621
0.931181083614
0.833622035508
0.603704028453
0.265535603662
0.974303775078
1.07080701353
-0.277446214214
0.155964379216
-0.106553031912
-0.889402964423
-0.241894060792
0.540292809676
-0.747293380949
0.915711302965
0.85905564699
0.68402816393
0.244525175853
0.878360579484
0.365635327823
0.20722326673
-0.824041870556
-0.782807041318
-0.89900936269
-0.788586556821
0.0578504168152
-0.981171789622
0.011271934764
-0.751799640924
0.107554994178
0.507509613591
-0.45398576364
-0.949741345872
0.0973537935237
0.342420946329
0.287546648641
-0.154451126893
-0.400207425604
-0.834821760727
0.581541636115
0.734707963193
-0.125149629685
0.0402522362008
0.850471622015
0.96868979918
0.0659939853681
0.381760931468
0.451448479971
-0.178582639216
-0.508173322142
0.210904953418
0.44388154581
-0.234173502741
0.0166513812618
0.117964643254
-0.983887148804
0.841287047882
-0.52980628501
-0.198774545637
0.737478568758
-0.877164960345
0.11911815847
0.0808843117435
0.985156261581
0.151527263433
-0.657817859552
0.484531465554
-0.767431722549
-0.483587214466
-0.582379228142
-0.357320209216
0.0794217174528
-0.197313634869
0.741038964509
0.161773792026
1.40852871311
0.104262790037
1.70891558584
-0.604135679346
-0.973883462789
-0.0910613820951
-0.855749218241
-0.512925503052
-0.278331962493
0.293928755139
1.2294814431
0.635981669042
-0.160436558204
0.0925802353138
-0.800580956001
-0.81102312253
-0.844100851865
0.826597719642
0.6327926744
0.0675337533951
-0.645594916213
0.444145703351
-0.623599878319
