4
0
3
2
1
136
-0.543496840739
0.551917546684
0.848167581039
0.646437263666
-0.668900041887
0.455276977445
0.0541406676018
0.456333806307
1.16513763725
0.816808975667
-0.440645668846
-0.495826742225
-0.136346676898
0.467277580505
0.647952542352
-0.0469687030162
0.941157186786
1.92691689563
-0.740387705656
0.212221312962
-0.216102813604
-0.460179939791
0.909867784597
-0.156550966869
0.0345380199007
-0.288055704474
0.795455797259
0.464935283596
0.179682732732
-0.417355783055
-0.566347073663
0.803193724862
0.769903040948
2.99801613545
0.687976356388
-0.0260729469533
-0.822547815143
-0.102343231514
-0.189375038144
0.945689968661
0.848128668799
0.603704028453
0.304415068737
0.9846934681
1.14757554492
-0.277446214214
0.155964379216
-0.0677014776905
-0.879015012483
-0.165173151177
0.540292809676
-0.747293380949
0.915711302965
0.85905564699
0.68402816393
0.275533045651
0.878360579484
0.365635327823
0.377122482446
-0.824041870556
-0.782807041318
-0.89900936269
-0.788586556821
0.0578504168152
-0.981171789622
0.0219466177936
-0.738711630679
0.107554994178
0.507509613591
-0.45398576364
-0.949741345872
0.0973537935237
0.342420946329
0.287546648641
-0.154451126893
-0.353081536486
-0.822067363944
0.644426020619
0.734707963193
-0.125149629685
0.0873439281097
0.863218258546
1.03153111584
0.0659939853681
0.381760931468
0.451448479971
-0.178582639216
-0.508173322142
0.259068929546
0.44388154581
-0.234173502741
0.134613584583
0.117964643254
-0.983887148804
0.841287047882
-0.52980628501
-0.198774545637
0.737478568758
-0.874200949246
0.121440265811
0.0808843117435
0.985156261581
0.151527263433
-0.657817859552
0.484531465554
-0.767431722549
-0.483587214466
-0.57545213783
-0.319904390272
0.081216392491
-0.148517412226
0.741038964509
0.168694607008
1.44591493406
0.106055830963
1.75767586235
-0.604135679346
-0.973883462789
-0.0910613820951
-0.855749218241
-0.512925503052
-0.233443466864
0.308875437089
1.24442568722
0.727238642551
-0.160436558204
0.0925802353138
-0.800580956001
-0.81102312253
-0.844100851865
0.826597719642
0.638008757091
0.0675337533951
-0.644664339339
0.444145703351
-0.623599878319
