4
0
3
2
1
136
-0.542840812982
0.580819817959
0.849575874093
0.673045642656
-0.668900041887
0.455932938302
0.0830408538751
0.457742055532
1.1917441384
0.816808975667
-0.440645668846
-0.495826742225
-0.136346676898
0.467277580505
0.760699511185
-0.0411245610416
0.947001260165
2.32653511848
-0.740387705656
0.212221312962
-0.216102813604
-0.460179939791
0.909867784597
-0.156550966869
0.051752766683
-0.251337685811
0.795500055586
0.520833187738
0.235574808254
-0.361469534928
-0.566347073663
0.803193724862
0.769903040948
3.34142282755
0.687976356388
-0.00272064127994
-0.822547815143
-0.102343231514
-0.133494616186
1.00156456568
0.903997442095
0.603704028453
0.427063847395
1.03201125815
1.39961579852
-0.277446214214
0.155964379216
0.0548839865661
-0.83170262531
0.0867526595678
0.540292809676
-0.747293380949
0.915711302965
0.85905564699
0.68402816393
0.369571029508
0.878360579484
0.365635327823
1.1056170866
-0.824041870556
-0.782807041318
-0.89900936269
-0.788586556821
0.0578504168152
-0.981171789622
0.0526381837323
-0.674251805996
0.107554994178
0.507509613591
-0.45398576364
-0.949741345872
0.0973537935237
0.342420946329
0.287546648641
-0.154451126893
-0.194379605447
-0.774365757516
0.855833318164
0.734707963193
-0.125149629685
0.2459641757
0.910902246479
1.24283462823
0.0659939853681
0.381760931468
0.451448479971
-0.178582639216
-0.508173322142
0.428256352089
0.44388154581
-0.234173502741
0.645494450576
0.117964643254
-0.983887148804
0.841287047882
-0.52980628501
-0.198774545637
0.737478568758
-0.862514673679
0.1293539269
0.0808843117435
0.985156261581
0.151527263433
-0.657817859552
0.484531465554
-0.767431722549
-0.483587214466
-0.554704951827
-0.196875298961
0.0867310350717
0.0152093239296
0.741038964509
0.189430502012
1.56888709711
0.111567385864
1.92133125637
-0.604135679346
-0.973883462789
-0.0910613820951
-0.855749218241
-0.512925503052
-0.081262615988
0.353818261196
1.28936447658
1.11373528911
-0.160436558204
0.0925802353138
-0.800580956001
-0.81102312253
-0.844100851865
0.826597719642
0.657353019953
0.0675337533951
-0.642015000466
0.444145703351
-0.623599878319
