4
0
3
2
1
136
-0.543199531113
0.564744988081
0.848782326455
0.658352602786
-0.668900041887
0.455574249393
0.0669669540855
0.456948527157
1.17705192548
0.816808975667
-0.440645668846
-0.495826742225
-0.136346676898
0.467277580505
0.697982016113
-0.044362348775
0.943763502896
2.09923542293
-0.740387705656
0.212221312962
-0.216102813604
-0.460179939791
0.909867784597
-0.156550966869
0.0422083951246
-0.272076251229
0.795476120425
0.488524411144
0.203268923967
-0.39377252742
-0.566347073663
0.803193724862
0.769903040948
3.14658077286
0.687976356388
-0.0156001652342
-0.822547815143
-0.102343231514
-0.165794717396
0.969267355234
0.87170312191
0.603704028453
0.362057101127
1.00340482667
1.26418253615
-0.277446214214
0.155964379216
-0.0100951602467
-0.860306272263
-0.0486290881991
0.540292809676
-0.747293380949
0.915711302965
0.85905564699
0.68402816393
0.320522995841
0.878360579484
0.365635327823
0.671720759517
-0.824041870556
-0.782807041318
-0.89900936269
-0.788586556821
0.0578504168152
-0.981171789622
0.03697888272
-0.714224528924
0.107554994178
0.507509613591
-0.45398576364
-0.949741345872
0.0973537935237
0.342420946329
0.287546648641
-0.154451126893
-0.281033187222
-0.80165877804
0.740691853828
0.734707963193
-0.125149629685
0.159347687279
0.88361701654
1.12774062131
0.0659939853681
0.381760931468
0.451448479971
-0.178582639216
-0.508173322142
0.334156098148
0.44388154581
-0.234173502741
0.338994498188
0.117964643254
-0.983887148804
0.841287047882
-0.52980628501
-0.198774545637
0.737478568758
-0.869233366201
0.125029838482
0.0808843117435
0.985156261581
0.151527263433
-0.657817859552
0.484531465554
-0.767431722549
-0.483587214466
-0.56570224835
-0.264358955669
0.0837881625257
-0.0751903860792
0.741038964509
0.17843795334
1.50142817661
0.108625836443
1.83096302318
-0.604135679346
-0.973883462789
-0.0910613820951
-0.855749218241
-0.512925503052
-0.165596258661
0.329933554864
1.26548140196
0.882117351593
-0.160436558204
0.0925802353138
-0.800580956001
-0.81102312253
-0.844100851865
0.826597719642
0.646322933271
0.0675337533951
-0.643392501301
0.444145703351
-0.623599878319
