4
0
3
2
1
136
-0.544665959584
0.505382864717
0.846054413116
0.601652040439
-0.668900041887
0.454108235121
0.00761647936195
0.454220878734
1.12036254826
0.816808975667
-0.440645668846
-0.495826742225
-0.136346676898
0.467277580505
0.467725083024
-0.0566120279792
0.931514215973
1.36877373935
-0.740387705656
0.212221312962
-0.216102813604
-0.460179939791
0.909867784597
-0.156550966869
0.00654620786483
-0.341396044425
0.795371963713
0.396650369885
0.11141253186
-0.485611277299
-0.566347073663
0.803193724862
0.769903040948
2.50926559922
0.687976356388
-0.0655988641776
-0.822547815143
-0.102343231514
-0.257615831965
0.877463869062
0.779917257222
0.603704028453
0.124561373624
0.944318086334
0.80057118821
-0.277446214214
0.155964379216
-0.247433717213
-0.919383350421
-0.511971850119
0.540292809676
-0.747293380949
0.915711302965
0.85905564699
0.68402816393
0.12849344896
0.878360579484
0.365635327823
-0.312518939325
-0.824041870556
-0.782807041318
-0.89900936269
-0.788586556821
0.0578504168152
-0.981171789622
-0.0300520043744
-0.787523701561
0.107554994178
0.507509613591
-0.45398576364
-0.949741345872
0.0973537935237
0.342420946329
0.287546648641
-0.154451126893
-0.568405351249
-0.878623344562
0.3568721561
0.734707963193
-0.125149629685
-0.127825401917
0.806697609815
0.744175503786
0.0659939853681
0.381760931468
0.451448479971
-0.178582639216
-0.508173322142
0.0413466270739
0.44388154581
-0.234173502741
-0.351687174019
0.117964643254
-0.983887148804
0.841287047882
-0.52980628501
-0.198774545637
0.737478568758
-0.886473292454
0.110969313541
0.0808843117435
0.985156261581
0.151527263433
-0.657817859552
0.484531465554
-0.767431722549
-0.483587214466
-0.617160438411
-0.525924907142
0.0710381433878
-0.411059185224
0.741038964509
0.127049636869
1.24016692521
0.0958920400351
1.49545338775
-0.604135679346
-0.973883462789
-0.0910613820951
-0.855749218241
-0.512925503052
-0.473109869498
0.217926923954
1.15350611608
0.306003532273
-0.160436558204
0.0925802353138
-0.800580956001
-0.81102312253
-0.844100851865
0.826597719642
0.612778705892
0.0675337533951
-0.650552946512
0.444145703351
-0.623599878319
