4
0
3
2
1
136
-0.544269758353
0.520495556369
0.846722800594
0.616481204666
-0.668900041887
0.454504253275
0.0227242277894
0.454889150022
1.13518684111
0.816808975667
-0.440645668846
-0.495826742225
-0.136346676898
0.467277580505
0.525906875607
-0.0534454768942
0.934680598908
1.53864238085
-0.740387705656
0.212221312962
-0.216102813604
-0.460179939791
0.909867784597
-0.156550966869
0.0156362136175
-0.324911338981
0.795401037274
0.415839212699
0.13059606174
-0.466433057638
-0.566347073663
0.803193724862
0.769903040948
2.65948022662
0.687976356388
-0.0524902754005
-0.822547815143
-0.102343231514
-0.238442919813
0.896631476415
0.799079562485
0.603704028453
0.171521643229
0.953453026175
0.889706138277
-0.277446214214
0.155964379216
-0.200500474992
-0.910249948087
-0.422883065937
0.540292809676
-0.747293380949
0.915711302965
0.85905564699
0.68402816393
0.167693202562
0.878360579484
0.365635327823
-0.149933157142
-0.824041870556
-0.782807041318
-0.89900936269
-0.788586556821
0.0578504168152
-0.981171789622
-0.0159353183231
-0.776961571756
0.107554994178
0.507509613591
-0.45398576364
-0.949741345872
0.0973537935237
0.342420946329
0.287546648641
-0.154451126893
-0.512330579135
-0.864216629621
0.431990497206
0.734707963193
-0.125149629685
-0.0717870823615
0.821096043897
0.819245660407
0.0659939853681
0.381760931468
0.451448479971
-0.178582639216
-0.508173322142
0.0977355475518
0.44388154581
-0.234173502741
-0.234757813929
0.117964643254
-0.983887148804
0.841287047882
-0.52980628501
-0.198774545637
0.737478568758
-0.883531590803
0.113671915224
0.0808843117435
0.985156261581
0.151527263433
-0.657817859552
0.484531465554
-0.767431722549
-0.483587214466
-0.602730221078
-0.459307101018
0.0743696530775
-0.327782680774
0.741038964509
0.141450671498
1.3066647058
0.0992173981719
1.57859168059
-0.604135679346
-0.973883462789
-0.0910613820951
-0.855749218241
-0.512925503052
-0.397504164675
0.249766231466
1.1853309843
0.424237233636
-0.160436558204
0.0925802353138
-0.800580956001
-0.81102312253
-0.844100851865
0.826597719642
0.620053523515
0.0675337533951
-0.648444815367
0.444145703351
-0.623599878319
