4
0
3
2
1
136
-0.544217936593
0.52252022761
0.846813540105
0.618446192971
-0.668900041887
0.454556056169
0.0247483760684
0.454979877508
1.13715132263
0.816808975667
-0.440645668846
-0.495826742225
-0.136346676898
0.467277580505
0.533734106939
-0.0530239258381
0.935102132295
1.56222379674
-0.740387705656
0.212221312962
-0.216102813604
-0.460179939791
0.909867784597
-0.156550966869
0.016855673489
-0.322639465751
0.795404791528
0.418625711143
0.133381876504
-0.463647926242
-0.566347073663
0.803193724862
0.769903040948
2.68022138819
0.687976356388
-0.0507544088087
-0.822547815143
-0.102343231514
-0.235658471471
0.899415242014
0.801862645654
0.603704028453
0.178796484644
0.954922913034
0.903563966914
-0.277446214214
0.155964379216
-0.193230306329
-0.908780321719
-0.409033130107
0.540292809676
-0.747293380949
0.915711302965
0.85905564699
0.68402816393
0.173721399349
0.878360579484
0.365635327823
-0.124075611768
-0.824041870556
-0.782807041318
-0.89900936269
-0.788586556821
0.0578504168152
-0.981171789622
-0.0137738499703
-0.775236350112
0.107554994178
0.507509613591
-0.45398576364
-0.949741345872
0.0973537935237
0.342420946329
0.287546648641
-0.154451126893
-0.5036698875
-0.861977585815
0.443561626925
0.734707963193
-0.125149629685
-0.0631325076108
0.823333684731
0.830808842985
0.0659939853681
0.381760931468
0.451448479971
-0.178582639216
-0.508173322142
0.106444938116
0.44388154581
-0.234173502741
-0.216323185131
0.117964643254
-0.983887148804
0.841287047882
-0.52980628501
-0.198774545637
0.737478568758
-0.883066064205
0.114089905495
0.0808843117435
0.985156261581
0.151527263433
-0.657817859552
0.484531465554
-0.767431722549
-0.483587214466
-0.600845533954
-0.450292997419
0.074821280467
-0.316399864492
0.741038964509
0.143332134076
1.31566510933
0.0996682975038
1.58995854453
-0.604135679346
-0.973883462789
-0.0910613820951
-0.855749218241
-0.512925503052
-0.387147444673
0.253884845482
1.18944811054
0.44125003227
-0.160436558204
0.0925802353138
-0.800580956001
-0.81102312253
-0.844100851865
0.826597719642
0.621097600042
0.0675337533951
-0.648174300649
0.444145703351
-0.623599878319
