4
0
3
2
1
136
0.45255201662
-0.842597921472
0.113282407529
-0.536471194828
0.731620888425
-0.990565006368
0.662170458393
-0.856228340491
0.909756500911
-0.206148253119
-0.844611633722
0.753104955419
0.31177309864
-0.989008969419
0.292509820397
0.35656827083
-0.947499188643
0.721270544029
0.442683614171
0.633676384472
0.541671472831
-0.217106278727
0.402610617009
0.0794071756768
0.717180203231
-0.875657898509
-0.979093419739
0.551612531983
0.0175420706566
-0.939443550255
-0.37141279685
-0.666631896108
-0.291384701993
1.21419114388
-0.923177382774
0.869172760293
0.13952757069
-0.200406291451
0.865713890637
-0.128587793328
0.709817179951
-0.407551581222
0.195662339558
-0.959990849792
0.670818037588
0.708281213852
-0.207320968033
-0.969786674458
0.0817378451197
-0.819245017048
0.395567061295
-0.372358144143
0.644246950645
-0.560741409989
0.887613233366
0.067828487128
0.0249241149426
0.270352889772
0.989112273033
0.770552295307
-0.113329695897
0.593746283323
-0.0692156549379
0.308223783161
-0.925003413907
-0.543152836671
0.23159367826
-0.800810246359
-0.413623846621
-0.345642427457
-0.384551154654
-0.366611219086
0.906863550535
0.723528304794
0.134136593497
0.72053617197
0.905244944277
-0.775295730132
-0.0284945552565
-0.128632744751
0.138708046802
0.603362452173
0.801919907098
0.167821372003
0.415753662098
0.72020036289
0.964567217668
-0.723619704565
0.0360804094163
0.488099227411
-0.0245252243888
0.552587747276
-0.55109349169
-0.3233259529
0.698084332482
-0.865970557334
0.840419622854
0.916167658693
-0.0393796417246
-0.4209634519
-0.402689060303
-0.57105922015
0.641896697221
-0.960390287718
0.109943654647
-0.685791212527
0.243679258584
-0.282236524369
-0.351647657
0.504166220364
0.745043059949
0.0220383348954
0.949765680009
-0.22239186408
-0.0271667362242
-0.161962652353
-0.357171856114
-0.306852882494
-0.240947122158
-0.309623945315
0.658174301327
0.763960235284
-0.954078398194
-0.178454642822
-0.0320544793815
-0.371845374049
0.632881688671
-0.692969295025
0.58635664661
0.534357715074
0.0948878780752
0.700198106675
-0.46616594752
0.402821442555
-0.199854509962
0.977326749477
