4
0
3
2
1
136
0.453141153178
-0.83573918037
0.114146263933
-0.529244204121
0.731620888425
-0.989981884181
0.668970834326
-0.855370771011
0.916917610279
-0.206148253119
-0.844611633722
0.753104955419
0.31177309864
-0.989008969419
0.305040166277
0.360054807577
-0.944021339386
0.746145566842
0.442683614171
0.633676384472
0.541671472831
-0.217106278727
0.402610617009
0.0794071756768
0.718128543799
-0.87326956051
-0.978849105945
0.552374215952
0.0183033639634
-0.938682647307
-0.37141279685
-0.666631896108
-0.291384701993
1.23785169566
-0.923177382774
0.874987054181
0.13952757069
-0.200406291451
0.866474403531
-0.127827670186
0.710576913644
-0.407551581222
0.196461611202
-0.959843268424
0.672186316118
0.708281213852
-0.207320968033
-0.968987813998
0.0818854040102
-0.817877492114
0.395567061295
-0.372358144143
0.644246950645
-0.560741409989
0.887613233366
0.068466534412
0.0249241149426
0.270352889772
0.991318629995
0.770552295307
-0.113329695897
0.593746283323
-0.0692156549379
0.308223783161
-0.925003413907
-0.542889925534
0.231702098065
-0.800810246359
-0.413623846621
-0.345642427457
-0.384551154654
-0.366611219086
0.906863550535
0.723528304794
0.134136593497
0.721016412736
0.905298515595
-0.77442806356
-0.0284945552565
-0.128632744751
0.139187910487
0.603415980045
0.802787068837
0.167821372003
0.415753662098
0.72020036289
0.964567217668
-0.723619704565
0.0366763273489
0.488099227411
-0.0245252243888
0.553964050149
-0.55109349169
-0.3233259529
0.698084332482
-0.865970557334
0.840419622854
0.916167658693
-0.0393378563126
-0.420928841053
-0.402689060303
-0.57105922015
0.641896697221
-0.960390287718
0.109943654647
-0.685791212527
0.243679258584
-0.28139801289
-0.347823337549
0.50426005555
0.74950321709
0.0220383348954
0.950601787622
-0.218576390573
-0.0270733176884
-0.157512466152
-0.357171856114
-0.306852882494
-0.240947122158
-0.309623945315
0.658174301327
0.767915163534
-0.951221210507
-0.175599431981
-0.0269448981247
-0.371845374049
0.632881688671
-0.692969295025
0.58635664661
0.534357715074
0.0948878780752
0.700372775132
-0.46616594752
0.402969792868
-0.199854509962
0.977326749477
