4
0
3
2
1
136
-0.543148827339
0.566976532652
0.848890903605
0.660407937895
-0.668900041887
0.455624948098
0.0691983399698
0.457057100982
1.17910711807
0.816808975667
-0.440645668846
-0.495826742225
-0.136346676898
0.467277580505
0.70668926411
-0.0439110178185
0.944214828636
2.13003435875
-0.740387705656
0.212221312962
-0.216102813604
-0.460179939791
0.909867784597
-0.156550966869
0.0435383009386
-0.269243970187
0.795479543077
0.49283046343
0.207574523244
-0.38946738106
-0.566347073663
0.803193724862
0.769903040948
3.17304950009
0.687976356388
-0.0137961083422
-0.822547815143
-0.102343231514
-0.16149002386
0.97357159604
0.876006910078
0.603704028453
0.371664076956
1.00703950774
1.28395557205
-0.277446214214
0.155964379216
-0.000493178092984
-0.856672019661
-0.0288651289114
0.540292809676
-0.747293380949
0.915711302965
0.85905564699
0.68402816393
0.327894146064
0.878360579484
0.365635327823
0.727644121944
-0.824041870556
-0.782807041318
-0.89900936269
-0.788586556821
0.0578504168152
-0.981171789622
0.0393831434772
-0.709325880027
0.107554994178
0.507509613591
-0.45398576364
-0.949741345872
0.0973537935237
0.342420946329
0.287546648641
-0.154451126893
-0.268659672771
-0.797989591863
0.757214339139
0.734707963193
-0.125149629685
0.171714758301
0.887284820687
1.14425491557
0.0659939853681
0.381760931468
0.451448479971
-0.178582639216
-0.508173322142
0.347295805816
0.44388154581
-0.234173502741
0.377984423617
0.117964643254
-0.983887148804
0.841287047882
-0.52980628501
-0.198774545637
0.737478568758
-0.868322964299
0.125649203519
0.0808843117435
0.985156261581
0.151527263433
-0.657817859552
0.484531465554
-0.767431722549
-0.483587214466
-0.564093829172
-0.254832783009
0.0842164132429
-0.0625130689444
0.741038964509
0.180045519824
1.51095001574
0.109053852301
1.84363489133
-0.604135679346
-0.973883462789
-0.0910613820951
-0.855749218241
-0.512925503052
-0.153815969713
0.333415236475
1.2689627826
0.911530982035
-0.160436558204
0.0925802353138
-0.800580956001
-0.81102312253
-0.844100851865
0.826597719642
0.647818249049
0.0675337533951
-0.643187151798
0.444145703351
-0.623599878319
