4
0
3
2
1
136
-0.542923908432
0.577035725875
0.849386639376
0.669610088881
-0.668900041887
0.455849848362
0.0792569403382
0.457552824468
1.18830874163
0.816808975667
-0.440645668846
-0.495826742225
-0.136346676898
0.467277580505
0.745938555374
-0.0418839916957
0.946241835336
2.27189044206
-0.740387705656
0.212221312962
-0.216102813604
-0.460179939791
0.909867784597
-0.156550966869
0.0495137947539
-0.256289216388
0.795494569604
0.512961788165
0.227704013626
-0.369339724702
-0.566347073663
0.803193724862
0.769903040948
3.2946796594
0.687976356388
-0.0057284820334
-0.822547815143
-0.102343231514
-0.141364201197
0.993695585336
0.896129066336
0.603704028453
0.412692107798
1.02478588335
1.36937930629
-0.277446214214
0.155964379216
0.0405170943697
-0.838927411736
0.0565254929184
0.540292809676
-0.747293380949
0.915711302965
0.85905564699
0.68402816393
0.358905424848
0.878360579484
0.365635327823
0.996982133108
-0.824041870556
-0.782807041318
-0.89900936269
-0.788586556821
0.0578504168152
-0.981171789622
0.0493020346755
-0.684672490588
0.107554994178
0.507509613591
-0.45398576364
-0.949741345872
0.0973537935237
0.342420946329
0.287546648641
-0.154451126893
-0.214198309056
-0.780987592647
0.82966910903
0.734707963193
-0.125149629685
0.226152330498
0.904281820984
1.21667925381
0.0659939853681
0.381760931468
0.451448479971
-0.178582639216
-0.508173322142
0.406263649886
0.44388154581
-0.234173502741
0.567717122762
0.117964643254
-0.983887148804
0.841287047882
-0.52980628501
-0.198774545637
0.737478568758
-0.864118668871
0.12837076732
0.0808843117435
0.985156261581
0.151527263433
-0.657817859552
0.484531465554
-0.767431722549
-0.483587214466
-0.557170282192
-0.212504965516
0.0860688500527
-0.00584712171443
0.741038964509
0.186966028923
1.55326202383
0.110905442583
1.90028073314
-0.604135679346
-0.973883462789
-0.0910613820951
-0.855749218241
-0.512925503052
-0.100974477599
0.348445311252
1.28399181264
1.05481976203
-0.160436558204
0.0925802353138
-0.800580956001
-0.81102312253
-0.844100851865
0.826597719642
0.654708177059
0.0675337533951
-0.642318301208
0.444145703351
-0.623599878319
