4
0
3
2
1
136
-0.543004815141
0.573386780216
0.849205601781
0.666283793112
-0.668900041887
0.45576894769
0.0756081884377
0.457371790862
1.18498261728
0.816808975667
-0.440645668846
-0.495826742225
-0.136346676898
0.467277580505
0.731701993343
-0.0426178942167
0.945507939152
2.21986059048
-0.740387705656
0.212221312962
-0.216102813604
-0.460179939791
0.909867784597
-0.156550966869
0.0473500355364
-0.261023692564
0.795489193943
0.505524496577
0.220267348763
-0.376775762943
-0.566347073663
0.803193724862
0.769903040948
3.25011885285
0.687976356388
-0.00864284827185
-0.822547815143
-0.102343231514
-0.148799612919
0.986260800028
0.888694907339
0.603704028453
0.39826897778
1.01809604074
1.33918236116
-0.277446214214
0.155964379216
0.0260995401783
-0.845616646375
0.0263391055443
0.540292809676
-0.747293380949
0.915711302965
0.85905564699
0.68402816393
0.348094639527
0.878360579484
0.365635327823
0.896011499478
-0.824041870556
-0.782807041318
-0.89900936269
-0.788586556821
0.0578504168152
-0.981171789622
0.0458808443928
-0.694116149989
0.107554994178
0.507509613591
-0.45398576364
-0.949741345872
0.0973537935237
0.342420946329
0.287546648641
-0.154451126893
-0.233673874442
-0.787248659224
0.803830710285
0.734707963193
-0.125149629685
0.206684422856
0.898022344809
1.19085068565
0.0659939853681
0.381760931468
0.451448479971
-0.178582639216
-0.508173322142
0.384945261526
0.44388154581
-0.234173502741
0.496137583455
0.117964643254
-0.983887148804
0.841287047882
-0.52980628501
-0.198774545637
0.737478568758
-0.865657964232
0.12739963907
0.0808843117435
0.985156261581
0.151527263433
-0.657817859552
0.484531465554
-0.767431722549
-0.483587214466
-0.559619767889
-0.227735449509
0.0854120531557
-0.0262984723613
0.741038964509
0.184517506806
1.5380366257
0.110248915883
1.87983589366
-0.604135679346
-0.973883462789
-0.0910613820951
-0.855749218241
-0.512925503052
-0.120080396819
0.343118739345
1.27866556712
1.00070484469
-0.160436558204
0.0925802353138
-0.800580956001
-0.81102312253
-0.844100851865
0.826597719642
0.652182951972
0.0675337533951
-0.642622850279
0.444145703351
-0.623599878319
