4
0
3
2
1
136
-0.543845914767
0.537394785615
0.847489727648
0.632732476151
-0.668900041887
0.454927969978
0.0396198719595
0.455655995903
1.15143468017
0.816808975667
-0.440645668846
-0.495826742225
-0.136346676898
0.467277580505
0.591416672607
-0.0499451972035
0.938180758025
1.74151443001
-0.740387705656
0.212221312962
-0.216102813604
-0.460179939791
0.909867784597
-0.156550966869
0.0258133949624
-0.305506653913
0.795431399679
0.440689555305
0.155440995285
-0.441593530925
-0.566347073663
0.803193724862
0.769903040948
2.8371085561
0.687976356388
-0.0381452836413
-0.822547815143
-0.102343231514
-0.213608797702
0.921460196149
0.823902882067
0.603704028453
0.238752928937
0.96786890322
1.01866945861
-0.277446214214
0.155964379216
-0.133315927457
-0.895836684927
-0.293998293486
0.540292809676
-0.747293380949
0.915711302965
0.85905564699
0.68402816393
0.222888245142
0.878360579484
0.365635327823
0.0993109233615
-0.824041870556
-0.782807041318
-0.89900936269
-0.788586556821
0.0578504168152
-0.981171789622
0.0037010892464
-0.759723491636
0.107554994178
0.507509613591
-0.45398576364
-0.949741345872
0.0973537935237
0.342420946329
0.287546648641
-0.154451126893
-0.43228542511
-0.84333851115
0.53877604441
0.734707963193
-0.125149629685
0.00819861542818
0.841960469848
0.925955010102
0.0659939853681
0.381760931468
0.451448479971
-0.178582639216
-0.508173322142
0.178388031883
0.44388154581
-0.234173502741
-0.058674901522
0.117964643254
-0.983887148804
0.841287047882
-0.52980628501
-0.198774545637
0.737478568758
-0.879072664146
0.117550260375
0.0808843117435
0.985156261581
0.151527263433
-0.657817859552
0.484531465554
-0.767431722549
-0.483587214466
-0.587498381146
-0.384013035009
0.0781172006748
-0.231820779
0.741038964509
0.156660260478
1.38186164008
0.102959692581
1.67443932196
-0.604135679346
-0.973883462789
-0.0910613820951
-0.855749218241
-0.512925503052
-0.309961492058
0.282869434196
1.21842440169
0.575954651409
-0.160436558204
0.0925802353138
-0.800580956001
-0.81102312253
-0.844100851865
0.826597719642
0.629255085255
0.0675337533951
-0.646296176916
0.444145703351
-0.623599878319
