4
0
3
2
1
136
-0.543055283026
0.571128112125
0.84909423681
0.66421816362
-0.668900041887
0.455718483938
0.073349651942
0.457260428616
1.18291710479
0.816808975667
-0.440645668846
-0.495826742225
-0.136346676898
0.467277580505
0.722888854218
-0.0430729665689
0.945052871108
2.18798079845
-0.740387705656
0.212221312962
-0.216102813604
-0.460179939791
0.909867784597
-0.156550966869
0.0460084517385
-0.26393431665
0.795485823802
0.500997252519
0.215740514521
-0.381302187443
-0.566347073663
0.803193724862
0.769903040948
3.22278738349
0.687976356388
-0.0104537253987
-0.822547815143
-0.102343231514
-0.153325627749
0.981735194796
0.884169711632
0.603704028453
0.389072451802
1.01409730807
1.32001800105
-0.277446214214
0.155964379216
0.0169069475326
-0.849614983271
0.00718209826582
0.540292809676
-0.747293380949
0.915711302965
0.85905564699
0.68402816393
0.341148601163
0.878360579484
0.365635327823
0.835377239111
-0.824041870556
-0.782807041318
-0.89900936269
-0.788586556821
0.0578504168152
-0.981171789622
0.0436618653971
-0.699672253973
0.107554994178
0.507509613591
-0.45398576364
-0.949741345872
0.0973537935237
0.342420946329
0.287546648641
-0.154451126893
-0.245896320749
-0.791068805376
0.787567902399
0.734707963193
-0.125149629685
0.194467262502
0.894203306895
1.17459464308
0.0659939853681
0.381760931468
0.451448479971
-0.178582639216
-0.508173322142
0.371703043017
0.44388154581
-0.234173502741
0.453433478185
0.117964643254
-0.983887148804
0.841287047882
-0.52980628501
-0.198774545637
0.737478568758
-0.866604005464
0.126788607945
0.0808843117435
0.985156261581
0.151527263433
-0.657817859552
0.484531465554
-0.767431722549
-0.483587214466
-0.561171403858
-0.237235810393
0.0849967402242
-0.0390207906263
0.741038964509
0.182966542539
1.52853976829
0.109833790367
1.86711803549
-0.604135679346
-0.973883462789
-0.0910613820951
-0.855749218241
-0.512925503052
-0.131945925183
0.339750043302
1.27529710144
0.968458879998
-0.160436558204
0.0925802353138
-0.800580956001
-0.81102312253
-0.844100851865
0.826597719642
0.650633969547
0.0675337533951
-0.642817389841
0.444145703351
-0.623599878319
