4
0
3
2
1
136
-0.543359427186
0.557792296142
0.848447176406
0.651915822442
-0.668900041887
0.455414371761
0.060014832362
0.45661338916
1.17061566124
0.816808975667
-0.440645668846
-0.495826742225
-0.136346676898
0.467277580505
0.670858728086
-0.0457724705816
0.942353399881
2.00483788646
-0.740387705656
0.212221312962
-0.216102813604
-0.460179939791
0.909867784597
-0.156550966869
0.0380559986575
-0.280801716144
0.795465243818
0.4754901771
0.190236211101
-0.406803719455
-0.566347073663
0.803193724862
0.769903040948
3.06530100832
0.687976356388
-0.021254750765
-0.822547815143
-0.102343231514
-0.178824388945
0.956239203826
0.858676490296
0.603704028453
0.33120528678
0.992802084493
1.20133590206
-0.277446214214
0.155964379216
-0.0409289683808
-0.870907617229
-0.11144362472
0.540292809676
-0.747293380949
0.915711302965
0.85905564699
0.68402816393
0.296598378878
0.878360579484
0.365635327823
0.506359780162
-0.824041870556
-0.782807041318
-0.89900936269
-0.788586556821
0.0578504168152
-0.981171789622
0.0290585494271
-0.728246609994
0.107554994178
0.507509613591
-0.45398576364
-0.949741345872
0.0973537935237
0.342420946329
0.287546648641
-0.154451126893
-0.320004247034
-0.81287030771
0.688614853139
0.734707963193
-0.125149629685
0.120399343263
0.872410441847
1.07569237414
0.0659939853681
0.381760931468
0.451448479971
-0.178582639216
-0.508173322142
0.293274660752
0.44388154581
-0.234173502741
0.224161970987
0.117964643254
-0.983887148804
0.841287047882
-0.52980628501
-0.198774545637
0.737478568758
-0.871989802131
0.123083338954
0.0808843117435
0.985156261581
0.151527263433
-0.657817859552
0.484531465554
-0.767431722549
-0.483587214466
-0.570880846279
-0.294311731402
0.0824164441252
-0.114860109483
0.741038964509
0.173262522071
1.47149118884
0.10725498015
1.79131297211
-0.604135679346
-0.973883462789
-0.0910613820951
-0.855749218241
-0.512925503052
-0.202362175489
0.318741230786
1.25429022135
0.795348886229
-0.160436558204
0.0925802353138
-0.800580956001
-0.81102312253
-0.844100851865
0.826597719642
0.641753928629
0.0675337533951
-0.644062343092
0.444145703351
-0.623599878319
