4
0
3
2
1
136
-0.543986018296
0.53172196668
0.847229796959
0.627314621188
-0.668900041887
0.454787901938
0.0339480734373
0.455396087997
1.14601779145
0.816808975667
-0.440645668846
-0.495826742225
-0.136346676898
0.467277580505
0.569384682566
-0.0511156372053
0.937010352199
1.67187702789
-0.740387705656
0.212221312962
-0.216102813604
-0.460179939791
0.909867784597
-0.156550966869
0.0223982685938
-0.312131306327
0.795421450765
0.431943333587
0.146696507953
-0.450336284525
-0.566347073663
0.803193724862
0.769903040948
2.77633591683
0.687976356388
-0.042924524232
-0.822547815143
-0.102343231514
-0.222349818222
0.912720908057
0.815165325752
0.603704028453
0.214650506562
0.962459910878
0.972171137814
-0.277446214214
0.155964379216
-0.157400837321
-0.901244689597
-0.34046722988
0.540292809676
-0.747293380949
0.915711302965
0.85905564699
0.68402816393
0.20323864787
0.878360579484
0.365635327823
0.0069714397496
-0.824041870556
-0.782807041318
-0.89900936269
-0.788586556821
0.0578504168152
-0.981171789622
-0.00324437052268
-0.766274761931
0.107554994178
0.507509613591
-0.45398576364
-0.949741345872
0.0973537935237
0.342420946329
0.287546648641
-0.154451126893
-0.461011630545
-0.850883292515
0.500481703612
0.734707963193
-0.125149629685
-0.0205057028543
0.834420734834
0.887688489688
0.0659939853681
0.381760931468
0.451448479971
-0.178582639216
-0.508173322142
0.149388438273
0.44388154581
-0.234173502741
-0.123517601272
0.117964643254
-0.983887148804
0.841287047882
-0.52980628501
-0.198774545637
0.737478568758
-0.880716900775
0.116153767411
0.0808843117435
0.985156261581
0.151527263433
-0.657817859552
0.484531465554
-0.767431722549
-0.483587214466
-0.59247733641
-0.409267159227
0.0768687499147
-0.264232290825
0.741038964509
0.151687639412
1.35663585498
0.101712794127
1.64206146066
-0.604135679346
-0.973883462789
-0.0910613820951
-0.855749218241
-0.512925503052
-0.339592528878
0.272088657883
1.20764629232
0.522445486606
-0.160436558204
0.0925802353138
-0.800580956001
-0.81102312253
-0.844100851865
0.826597719642
0.626044241445
0.0675337533951
-0.646988702951
0.444145703351
-0.623599878319
