4
0
3
2
1
136
-0.542798171333
0.582776220987
0.849674315218
0.674816336649
-0.668900041887
0.455975577374
0.0849971727526
0.457840494944
1.19351475874
0.816808975667
-0.440645668846
-0.495826742225
-0.136346676898
0.467277580505
0.768329444432
-0.0407325837111
0.947393234754
2.35506144967
-0.740387705656
0.212221312962
-0.216102813604
-0.460179939791
0.909867784597
-0.156550966869
0.0529082836532
-0.248761212216
0.79550285686
0.52496517905
0.239706504277
-0.357338134151
-0.566347073663
0.803193724862
0.769903040948
3.36580265985
0.687976356388
-0.00117130450701
-0.822547815143
-0.102343231514
-0.129363510614
1.00569537608
0.908127957382
0.603704028453
0.434256448609
1.03585587691
1.41479324731
-0.277446214214
0.155964379216
0.0620744196081
-0.827858293832
0.101925886685
0.540292809676
-0.747293380949
0.915711302965
0.85905564699
0.68402816393
0.374866560976
0.878360579484
0.365635327823
1.16333933206
-0.824041870556
-0.782807041318
-0.89900936269
-0.788586556821
0.0578504168152
-0.981171789622
0.0542800787036
-0.668608052085
0.107554994178
0.507509613591
-0.45398576364
-0.949741345872
0.0973537935237
0.342420946329
0.287546648641
-0.154451126893
-0.184291221389
-0.770885635796
0.869087236478
0.734707963193
-0.125149629685
0.256049415067
0.914381726068
1.25608448677
0.0659939853681
0.381760931468
0.451448479971
-0.178582639216
-0.508173322142
0.439575844249
0.44388154581
-0.234173502741
0.687188666553
0.117964643254
-0.983887148804
0.841287047882
-0.52980628501
-0.198774545637
0.737478568758
-0.861684859534
0.129851644868
0.0808843117435
0.985156261581
0.151527263433
-0.657817859552
0.484531465554
-0.767431722549
-0.483587214466
-0.553460324394
-0.188865149211
0.0870656642553
0.0260270023302
0.741038964509
0.190674736974
1.57689511919
0.11190190395
1.93214617629
-0.604135679346
-0.973883462789
-0.0910613820951
-0.855749218241
-0.512925503052
-0.0711199066962
0.356535824364
1.29208191032
1.14537451244
-0.160436558204
0.0925802353138
-0.800580956001
-0.81102312253
-0.844100851865
0.826597719642
0.658729319577
0.0675337533951
-0.64186312491
0.444145703351
-0.623599878319
