4
0
3
2
1
136
-0.544466201493
0.512922312707
0.846385956879
0.609086286304
-0.668900041887
0.45430789174
0.015153214473
0.454552358197
1.12779410371
0.816808975667
-0.440645668846
-0.495826742225
-0.136346676898
0.467277580505
0.496693321028
-0.0550278042032
0.93309834723
1.45216876499
-0.740387705656
0.212221312962
-0.216102813604
-0.460179939791
0.909867784597
-0.156550966869
0.0110773538473
-0.333277609119
0.795386703
0.405871409418
0.120630881578
-0.476395615959
-0.566347073663
0.803193724862
0.769903040948
2.58319298263
0.687976356388
-0.0590255585204
-0.822547815143
-0.102343231514
-0.24840285757
0.886674157945
0.789124862025
0.603704028453
0.146381824855
0.948495187296
0.841932979512
-0.277446214214
0.155964379216
-0.225625117285
-0.915206932462
-0.47063043411
0.540292809676
-0.747293380949
0.915711302965
0.85905564699
0.68402816393
0.146767317258
0.878360579484
0.365635327823
-0.237797249407
-0.824041870556
-0.782807041318
-0.89900936269
-0.788586556821
0.0578504168152
-0.981171789622
-0.0234600962933
-0.782727589764
0.107554994178
0.507509613591
-0.45398576364
-0.949741345872
0.0973537935237
0.342420946329
0.287546648641
-0.154451126893
-0.542305897656
-0.871936186423
0.39188400793
0.734707963193
-0.125149629685
-0.101742177684
0.813381101414
0.779165704783
0.0659939853681
0.381760931468
0.451448479971
-0.178582639216
-0.508173322142
0.0675970179723
0.44388154581
-0.234173502741
-0.297726023381
0.117964643254
-0.983887148804
0.841287047882
-0.52980628501
-0.198774545637
0.737478568758
-0.885118217384
0.112226752779
0.0808843117435
0.985156261581
0.151527263433
-0.657817859552
0.484531465554
-0.767431722549
-0.483587214466
-0.609894421217
-0.492884324115
0.0726870306993
-0.369938947287
0.741038964509
0.13429997449
1.27314380703
0.0975377152658
1.53650057983
-0.604135679346
-0.973883462789
-0.0910613820951
-0.855749218241
-0.512925503052
-0.435809343667
0.234032288555
1.16960350925
0.363117433737
-0.160436558204
0.0925802353138
-0.800580956001
-0.81102312253
-0.844100851865
0.826597719642
0.616292710744
0.0675337533951
-0.649483764477
0.444145703351
-0.623599878319
