4
0
3
2
1
136
-0.542834544007
0.581106816892
0.849590289129
0.673305632771
-0.668900041887
0.455939206888
0.0833278401239
0.45775647031
1.19200411741
0.816808975667
-0.440645668846
-0.495826742225
-0.136346676898
0.467277580505
0.761818876978
-0.041067031271
0.947058789523
2.3307081358
-0.740387705656
0.212221312962
-0.216102813604
-0.460179939791
0.909867784597
-0.156550966869
0.051922366646
-0.250960425186
0.795500468011
0.521436693799
0.236178270261
-0.360866116968
-0.566347073663
0.803193724862
0.769903040948
3.34499016664
0.687976356388
-0.00249311372086
-0.822547815143
-0.102343231514
-0.132891242267
1.00216789556
0.904600727951
0.603704028453
0.428129156171
1.03257072414
1.40186206141
-0.277446214214
0.155964379216
0.0559489635412
-0.83114320219
0.0889982785456
0.540292809676
-0.747293380949
0.915711302965
0.85905564699
0.68402816393
0.370357181636
0.878360579484
0.365635327823
1.11401863152
-0.824041870556
-0.782807041318
-0.89900936269
-0.788586556821
0.0578504168152
-0.981171789622
0.0528825426833
-0.673434904003
0.107554994178
0.507509613591
-0.45398576364
-0.949741345872
0.0973537935237
0.342420946329
0.287546648641
-0.154451126893
-0.19289282626
-0.773857745231
0.857789635526
0.734707963193
-0.125149629685
0.247450477077
0.911410161041
1.24479032908
0.0659939853681
0.381760931468
0.451448479971
-0.178582639216
-0.508173322142
0.429919132896
0.44388154581
-0.234173502741
0.651546380333
0.117964643254
-0.983887148804
0.841287047882
-0.52980628501
-0.198774545637
0.737478568758
-0.862392918656
0.129427409392
0.0808843117435
0.985156261581
0.151527263433
-0.657817859552
0.484531465554
-0.767431722549
-0.483587214466
-0.554521088862
-0.195697135388
0.0867804566325
0.0167993251488
0.741038964509
0.189614305341
1.57006493846
0.111616790561
1.92292084048
-0.604135679346
-0.973883462789
-0.0910613820951
-0.855749218241
-0.512925503052
-0.0797724902686
0.35421949348
1.28976568914
1.11832518473
-0.160436558204
0.0925802353138
-0.800580956001
-0.81102312253
-0.844100851865
0.826597719642
0.657554569185
0.0675337533951
-0.64199251158
0.444145703351
-0.623599878319
