4
0
3
2
1
136
-0.543509197233
0.551393736042
0.848142806904
0.645946983503
-0.668900041887
0.455264622852
0.0536169142537
0.456309033406
1.16464740979
0.816808975667
-0.440645668846
-0.495826742225
-0.136346676898
0.467277580505
0.64591091542
-0.0470755771169
0.941050314586
1.92005105618
-0.740387705656
0.212221312962
-0.216102813604
-0.460179939791
0.909867784597
-0.156550966869
0.0342239761195
-0.288697133847
0.795454943374
0.464014848565
0.178762429607
-0.41827595431
-0.566347073663
0.803193724862
0.769903040948
2.99207848176
0.687976356388
-0.0265043608749
-0.822547815143
-0.102343231514
-0.190295077566
0.944770061036
0.847208892934
0.603704028453
0.302011528955
0.984007887347
1.14278818999
-0.277446214214
0.155964379216
-0.0701033535768
-0.879700484086
-0.169957638405
0.540292809676
-0.747293380949
0.915711302965
0.85905564699
0.68402816393
0.27363071953
0.878360579484
0.365635327823
0.366067678323
-0.824041870556
-0.782807041318
-0.89900936269
-0.788586556821
0.0578504168152
-0.981171789622
0.0212984607975
-0.739586370508
0.107554994178
0.507509613591
-0.45398576364
-0.949741345872
0.0973537935237
0.342420946329
0.287546648641
-0.154451126893
-0.356021293742
-0.82287361832
0.640500599943
0.734707963193
-0.125149629685
0.084406213499
0.8624124634
1.02760826723
0.0659939853681
0.381760931468
0.451448479971
-0.178582639216
-0.508173322142
0.25604688954
0.44388154581
-0.234173502741
0.126951735351
0.117964643254
-0.983887148804
0.841287047882
-0.52980628501
-0.198774545637
0.737478568758
-0.87439202366
0.121294742363
0.0808843117435
0.985156261581
0.151527263433
-0.657817859552
0.484531465554
-0.767431722549
-0.483587214466
-0.575868330075
-0.322197456197
0.0811077098153
-0.151522074435
0.741038964509
0.168278751178
1.44362348206
0.105947237287
1.75467317524
-0.604135679346
-0.973883462789
-0.0910613820951
-0.855749218241
-0.512925503052
-0.2362133021
0.307977514715
1.24352789245
0.72137722133
-0.160436558204
0.0925802353138
-0.800580956001
-0.81102312253
-0.844100851865
0.826597719642
0.63768028092
0.0675337533951
-0.644719634191
0.444145703351
-0.623599878319
