4
0
3
2
1
136
-0.543211779205
0.564207886954
0.848756267449
0.657857147614
-0.668900041887
0.455562002578
0.0664298928126
0.456922468987
1.1765565062
0.816808975667
-0.440645668846
-0.495826742225
-0.136346676898
0.467277580505
0.695886384599
-0.0444710686874
0.943654784295
2.09185891025
-0.740387705656
0.212221312962
-0.216102813604
-0.460179939791
0.909867784597
-0.156550966869
0.0418880896769
-0.272755653864
0.795475291726
0.487496827886
0.202241452287
-0.394799887546
-0.566347073663
0.803193724862
0.769903040948
3.14023784312
0.687976356388
-0.0160351596032
-0.822547815143
-0.102343231514
-0.166821965991
0.968240218146
0.870676096306
0.603704028453
0.35972088178
1.00254676036
1.25938846711
-0.277446214214
0.155964379216
-0.0124301191284
-0.861164233768
-0.0534208796188
0.540292809676
-0.747293380949
0.915711302965
0.85905564699
0.68402816393
0.318724634214
0.878360579484
0.365635327823
0.658467669368
-0.824041870556
-0.782807041318
-0.89900936269
-0.788586556821
0.0578504168152
-0.981171789622
0.0363896744118
-0.715373994949
0.107554994178
0.507509613591
-0.45398576364
-0.949741345872
0.0973537935237
0.342420946329
0.287546648641
-0.154451126893
-0.284023563238
-0.802536758516
0.736697236342
0.734707963193
-0.125149629685
0.156358925611
0.882739384058
1.12374805321
0.0659939853681
0.381760931468
0.451448479971
-0.178582639216
-0.508173322142
0.330993008014
0.44388154581
-0.234173502741
0.329768716129
0.117964643254
-0.983887148804
0.841287047882
-0.52980628501
-0.198774545637
0.737478568758
-0.869450833068
0.12488020757
0.0808843117435
0.985156261581
0.151527263433
-0.657817859552
0.484531465554
-0.767431722549
-0.483587214466
-0.566093282103
-0.26665844735
0.0836841923837
-0.0782462000334
0.741038964509
0.178047135913
1.49912977823
0.108521925698
1.82790858031
-0.604135679346
-0.973883462789
-0.0910613820951
-0.855749218241
-0.512925503052
-0.168433590031
0.329087552383
1.26463547632
0.875156245796
-0.160436558204
0.0925802353138
-0.800580956001
-0.81102312253
-0.844100851865
0.826597719642
0.645965036512
0.0675337533951
-0.643442620594
0.444145703351
-0.623599878319
