4
0
3
2
1
136
0.458816559161
-0.764503094084
0.12336400092
-0.457893464497
0.731620888425
-0.984349105355
0.739781349267
-0.846197763198
0.987811738373
-0.206148253119
-0.844611633722
0.753104955419
0.31177309864
-0.989008969419
0.439258842772
0.396249482585
-0.907893804202
1.03419624657
0.442683614171
0.633676384472
0.541671472831
-0.217106278727
0.402610617009
0.0794071756768
0.72840628192
-0.843412967828
-0.976391005271
0.562978398846
0.0289025113442
-0.928088531617
-0.37141279685
-0.666631896108
-0.291384701993
1.51111894684
-0.923177382774
0.932529433906
0.13952757069
-0.200406291451
0.877063491348
-0.117243606425
0.721155957162
-0.407551581222
0.209067306345
-0.957499701617
0.693721997532
0.708281213852
-0.207320968033
-0.956388777987
0.0842286090797
-0.796353890242
0.395567061295
-0.372358144143
0.644246950645
-0.560741409989
0.887613233366
0.0785082017295
0.0249241149426
0.270352889772
1.02614803656
0.770552295307
-0.113329695897
0.593746283323
-0.0692156549379
0.308223783161
-0.925003413907
-0.538735808277
0.233413517083
-0.800810246359
-0.413623846621
-0.345642427457
-0.384551154654
-0.366611219086
0.906863550535
0.723528304794
0.134136593497
0.728530745037
0.906133761258
-0.760782032036
-0.0284945552565
-0.128632744751
0.146696377766
0.604250563475
0.816425210509
0.167821372003
0.415753662098
0.72020036289
0.964567217668
-0.723619704565
0.0460436336778
0.488099227411
-0.0245252243888
0.575706616172
-0.55109349169
-0.3233259529
0.698084332482
-0.865970557334
0.840419622854
0.916167658693
-0.0386771891122
-0.420384253325
-0.402689060303
-0.57105922015
0.641896697221
-0.960390287718
0.109943654647
-0.685791212527
0.243679258584
-0.269165633068
-0.290756647633
0.50559623778
0.816069997497
0.0220383348954
0.962795881726
-0.161651668441
-0.0257431880048
-0.091104861701
-0.357171856114
-0.306852882494
-0.240947122158
-0.309623945315
0.658174301327
0.826762518122
-0.908424083447
-0.132835171645
0.0497947963457
-0.371845374049
0.632881688671
-0.692969295025
0.58635664661
0.534357715074
0.0948878780752
0.702907847451
-0.46616594752
0.405175503812
-0.199854509962
0.977326749477
