4
0
3
2
1
136
-0.543179586448
0.565621222359
0.848824900928
0.659160257086
-0.668900041887
0.455594192021
0.0678431247435
0.456991100295
1.17785952257
0.816808975667
-0.440645668846
-0.495826742225
-0.136346676898
0.467277580505
0.701400932751
-0.0441850574612
0.943940792119
2.11129984402
-0.740387705656
0.212221312962
-0.216102813604
-0.460179939791
0.909867784597
-0.156550966869
0.0427307675761
-0.270965956689
0.795477468275
0.490208185066
0.204952517982
-0.392089113275
-0.566347073663
0.803193724862
0.769903040948
3.15695178798
0.687976356388
-0.0148911624268
-0.822547815143
-0.102343231514
-0.164111483084
0.970950409752
0.87338599667
0.603704028453
0.365848876125
1.00481865534
1.27197549735
-0.277446214214
0.155964379216
-0.00630539291075
-0.858892613216
-0.0408397657055
0.540292809676
-0.747293380949
0.915711302965
0.85905564699
0.68402816393
0.323436971764
0.878360579484
0.365635327823
0.693514266051
-0.824041870556
-0.782807041318
-0.89900936269
-0.788586556821
0.0578504168152
-0.981171789622
0.0379314227465
-0.712324769597
0.107554994178
0.507509613591
-0.45398576364
-0.949741345872
0.0973537935237
0.342420946329
0.287546648641
-0.154451126893
-0.276164460782
-0.800222164735
0.747194471993
0.734707963193
-0.125149629685
0.164213832758
0.885053074914
1.13423996071
0.0659939853681
0.381760931468
0.451448479971
-0.178582639216
-0.508173322142
0.339316237448
0.44388154581
-0.234173502741
0.354176858437
0.117964643254
-0.983887148804
0.841287047882
-0.52980628501
-0.198774545637
0.737478568758
-0.868877172163
0.125273511179
0.0808843117435
0.985156261581
0.151527263433
-0.657817859552
0.484531465554
-0.767431722549
-0.483587214466
-0.565067564699
-0.260613034428
0.083957038474
-0.0702087872275
0.741038964509
0.179072293445
1.5051723566
0.10879461791
1.83594243541
-0.604135679346
-0.973883462789
-0.0910613820951
-0.855749218241
-0.512925503052
-0.160968952589
0.331307061101
1.26685478656
0.893571471565
-0.160436558204
0.0925802353138
-0.800580956001
-0.81102312253
-0.844100851865
0.826597719642
0.646908497004
0.0675337533951
-0.643311315384
0.444145703351
-0.623599878319
