4
0
3
2
1
136
-0.542883125095
0.57888831017
0.849479091713
0.671293801882
-0.668900041887
0.455890628911
0.0811094345228
0.457645274959
1.18999237527
0.816808975667
-0.440645668846
-0.495826742225
-0.136346676898
0.467277580505
0.753165550505
-0.0415119868174
0.946613837277
2.29855542652
-0.740387705656
0.212221312962
-0.216102813604
-0.460179939791
0.909867784597
-0.156550966869
0.0506105740015
-0.253870363457
0.795497266599
0.516795391239
0.231537314901
-0.36550672518
-0.566347073663
0.803193724862
0.769903040948
3.31749595442
0.687976356388
-0.00425409507921
-0.822547815143
-0.102343231514
-0.137531503381
0.997527981492
0.899961160879
0.603704028453
0.419803523762
1.02828763055
1.38432447156
-0.277446214214
0.155964379216
0.0476260246732
-0.835425957984
0.071465894718
0.540292809676
-0.747293380949
0.915711302965
0.85905564699
0.68402816393
0.36419672801
0.878360579484
0.365635327823
1.04966879649
-0.824041870556
-0.782807041318
-0.89900936269
-0.788586556821
0.0578504168152
-0.981171789622
0.0509620044851
-0.679651754417
0.107554994178
0.507509613591
-0.45398576364
-0.949741345872
0.0973537935237
0.342420946329
0.287546648641
-0.154451126893
-0.204446048448
-0.77776306347
0.842562820773
0.734707963193
-0.125149629685
0.235901101246
0.907505631209
1.22956847356
0.0659939853681
0.381760931468
0.451448479971
-0.178582639216
-0.508173322142
0.417046328036
0.44388154581
-0.234173502741
0.605331111029
0.117964643254
-0.983887148804
0.841287047882
-0.52980628501
-0.198774545637
0.737478568758
-0.863333901899
0.128855340153
0.0808843117435
0.985156261581
0.151527263433
-0.657817859552
0.484531465554
-0.767431722549
-0.483587214466
-0.555953787068
-0.204831289787
0.08639547797
0.00448234047196
0.741038964509
0.188182087425
1.56093336892
0.11123194754
1.91060719561
-0.604135679346
-0.973883462789
-0.0910613820951
-0.855749218241
-0.512925503052
-0.0913097303918
0.351094957489
1.28664131267
1.08329569428
-0.160436558204
0.0925802353138
-0.800580956001
-0.81102312253
-0.844100851865
0.826597719642
0.655999975386
0.0675337533951
-0.642168232793
0.444145703351
-0.623599878319
