4
0
3
2
1
136
-0.543563009665
0.549121016612
0.848035605744
0.643816306938
-0.668900041887
0.455210819052
0.051344453996
0.456201837842
1.16251697209
0.816808975667
-0.440645668846
-0.495826742225
-0.136346676898
0.467277580505
0.637054397255
-0.0475396958352
0.940586204461
1.89041650913
-0.740387705656
0.212221312962
-0.216102813604
-0.460179939791
0.909867784597
-0.156550966869
0.0328607559899
-0.291469917085
0.795451216263
0.460060746819
0.174808910915
-0.422228890116
-0.566347073663
0.803193724862
0.769903040948
2.96643267481
0.687976356388
-0.0283796383904
-0.822547815143
-0.102343231514
-0.19424743065
0.940818290508
0.843257704797
0.603704028453
0.291579005028
0.981103323428
1.12207452711
-0.277446214214
0.155964379216
-0.0805285406471
-0.882604575965
-0.190658705923
0.540292809676
-0.747293380949
0.915711302965
0.85905564699
0.68402816393
0.26535089781
0.878360579484
0.365635327823
0.318995049822
-0.824041870556
-0.782807041318
-0.89900936269
-0.788586556821
0.0578504168152
-0.981171789622
0.0184666454054
-0.743274960752
0.107554994178
0.507509613591
-0.45398576364
-0.949741345872
0.0973537935237
0.342420946329
0.287546648641
-0.154451126893
-0.368736068177
-0.826342860326
0.623526858123
0.734707963193
-0.125149629685
0.0717004326013
0.858945250641
1.01064584798
0.0659939853681
0.381760931468
0.451448479971
-0.178582639216
-0.508173322142
0.243005696122
0.44388154581
-0.234173502741
0.0943121382842
0.117964643254
-0.983887148804
0.841287047882
-0.52980628501
-0.198774545637
0.737478568758
-0.875208647411
0.120666351512
0.0808843117435
0.985156261581
0.151527263433
-0.657817859552
0.484531465554
-0.767431722549
-0.483587214466
-0.577690270144
-0.332165958804
0.0806331605537
-0.164562758896
0.741038964509
0.166458343277
1.43366228784
0.105473091327
1.74164141132
-0.604135679346
-0.973883462789
-0.0910613820951
-0.855749218241
-0.512925503052
-0.24822580691
0.30404688638
1.23959784983
0.696323876724
-0.160436558204
0.0925802353138
-0.800580956001
-0.81102312253
-0.844100851865
0.826597719642
0.636265762215
0.0675337533951
-0.644962633759
0.444145703351
-0.623599878319
