4
0
3
2
1
136
-0.543090017346
0.569581302021
0.849018273307
0.662800582993
-0.668900041887
0.455683752637
0.0718029374804
0.457184467099
1.18149960945
0.816808975667
-0.440645668846
-0.495826742225
-0.136346676898
0.467277580505
0.716853155803
-0.043384967597
0.944740873216
2.16629239751
-0.740387705656
0.212221312962
-0.216102813604
-0.460179939791
0.909867784597
-0.156550966869
0.0450887418259
-0.265918726179
0.795483496821
0.497930912154
0.212674464618
-0.384367946938
-0.566347073663
0.803193724862
0.769903040948
3.20418041617
0.687976356388
-0.0116969364904
-0.822547815143
-0.102343231514
-0.15639109689
0.978670015956
0.881104823038
0.603704028453
0.382660536206
1.01142307247
1.30670162093
-0.277446214214
0.155964379216
0.0104979486478
-0.852288939585
-0.00612887487528
0.540292809676
-0.747293380949
0.915711302965
0.85905564699
0.68402816393
0.336282468472
0.878360579484
0.365635327823
0.79467545879
-0.824041870556
-0.782807041318
-0.89900936269
-0.788586556821
0.0578504168152
-0.981171789622
0.0420977365354
-0.703352559797
0.107554994178
0.507509613591
-0.45398576364
-0.949741345872
0.0973537935237
0.342420946329
0.287546648641
-0.154451126893
-0.254334918606
-0.793662189426
0.776323818594
0.734707963193
-0.125149629685
0.186032533434
0.891610739286
1.16335550078
0.0659939853681
0.381760931468
0.451448479971
-0.178582639216
-0.508173322142
0.362617752263
0.44388154581
-0.234173502741
0.424869897399
0.117964643254
-0.983887148804
0.841287047882
-0.52980628501
-0.198774545637
0.737478568758
-0.867247842897
0.126366336268
0.0808843117435
0.985156261581
0.151527263433
-0.657817859552
0.484531465554
-0.767431722549
-0.483587214466
-0.562249605009
-0.243772344395
0.0847085386126
-0.0477583037213
0.741038964509
0.181888837471
1.52200580195
0.109545726683
1.85838377923
-0.604135679346
-0.973883462789
-0.0910613820951
-0.855749218241
-0.512925503052
-0.140086162922
0.337411448898
1.27295867859
0.946902414373
-0.160436558204
0.0925802353138
-0.800580956001
-0.81102312253
-0.844100851865
0.826597719642
0.649579946021
0.0675337533951
-0.642953302835
0.444145703351
-0.623599878319
