4
0
3
2
1
136
-0.542908859796
0.577718271457
0.84942065895
0.670230812162
-0.668900041887
0.455864895949
0.0799394521012
0.457586843348
1.18892943511
0.816808975667
-0.440645668846
-0.495826742225
-0.136346676898
0.467277580505
0.748601279248
-0.0417468875228
0.946378938407
2.28169506461
-0.740387705656
0.212221312962
-0.216102813604
-0.460179939791
0.909867784597
-0.156550966869
0.0499180213155
-0.255399222253
0.795495565768
0.514369710405
0.229111823405
-0.367932027366
-0.566347073663
0.803193724862
0.769903040948
3.3030707226
0.687976356388
-0.00518486524666
-0.822547815143
-0.102343231514
-0.139956616287
0.995103057838
0.897536426448
0.603704028453
0.415328904628
1.02606794643
1.37491671965
-0.277446214214
0.155964379216
0.0431529494606
-0.837645457971
0.0620611059492
0.540292809676
-0.747293380949
0.915711302965
0.85905564699
0.68402816393
0.360870439696
0.878360579484
0.365635327823
1.01628206109
-0.824041870556
-0.782807041318
-0.89900936269
-0.788586556821
0.0578504168152
-0.981171789622
0.0499196109679
-0.682840634847
0.107554994178
0.507509613591
-0.45398576364
-0.949741345872
0.0973537935237
0.342420946329
0.287546648641
-0.154451126893
-0.210594389097
-0.779803329931
0.834437881425
0.734707963193
-0.125149629685
0.229754934449
0.905465812168
1.22144633317
0.0659939853681
0.381760931468
0.451448479971
-0.178582639216
-0.508173322142
0.410239687051
0.44388154581
-0.234173502741
0.581473310775
0.117964643254
-0.983887148804
0.841287047882
-0.52980628501
-0.198774545637
0.737478568758
-0.863829709991
0.128549998423
0.0808843117435
0.985156261581
0.151527263433
-0.657817859552
0.484531465554
-0.767431722549
-0.483587214466
-0.556719962882
-0.209672998337
0.0861897301462
-0.00203698612748
0.741038964509
0.187416183453
1.55609311347
0.11102627631
1.90408974051
-0.604135679346
-0.973883462789
-0.0910613820951
-0.855749218241
-0.512925503052
-0.0974106816942
0.349425802097
1.28497224817
1.06523059307
-0.160436558204
0.0925802353138
-0.800580956001
-0.81102312253
-0.844100851865
0.826597719642
0.655183398181
0.0675337533951
-0.642262657203
0.444145703351
-0.623599878319
