4
0
3
2
1
136
-0.544866951485
0.497956762951
0.845731259511
0.594256385839
-0.668900041887
0.453907367244
0.0001936204759
0.453897803477
1.11297015585
0.816808975667
-0.440645668846
-0.495826742225
-0.136346676898
0.467277580505
0.439324002575
-0.0581815892458
0.929944765966
1.28922491924
-0.740387705656
0.212221312962
-0.216102813604
-0.460179939791
0.909867784597
-0.156550966869
0.00209507973357
-0.349181825452
0.795356972421
0.38823409683
0.102998951712
-0.494022166093
-0.566347073663
0.803193724862
0.769903040948
2.43840616835
0.687976356388
-0.0721400269686
-0.822547815143
-0.102343231514
-0.266024030958
0.869058358317
0.771514433175
0.603704028453
0.1059975224
0.940836334256
0.765425619455
-0.277446214214
0.155964379216
-0.265988494316
-0.922864564647
-0.54710162118
0.540292809676
-0.747293380949
0.915711302965
0.85905564699
0.68402816393
0.112872172698
0.878360579484
0.365635327823
-0.375213654291
-0.824041870556
-0.782807041318
-0.89900936269
-0.788586556821
0.0578504168152
-0.981171789622
-0.0356972239908
-0.791479894078
0.107554994178
0.507509613591
-0.45398576364
-0.949741345872
0.0973537935237
0.342420946329
0.287546648641
-0.154451126893
-0.590684460439
-0.884309036972
0.326903386212
0.734707963193
-0.125149629685
-0.150091783426
0.801014762359
0.71422399983
0.0659939853681
0.381760931468
0.451448479971
-0.178582639216
-0.508173322142
0.018920391425
0.44388154581
-0.234173502741
-0.397259553839
0.117964643254
-0.983887148804
0.841287047882
-0.52980628501
-0.198774545637
0.737478568758
-0.887614362857
0.109895697245
0.0808843117435
0.985156261581
0.151527263433
-0.657817859552
0.484531465554
-0.767431722549
-0.483587214466
-0.624375098764
-0.557847559993
0.0694601947494
-0.450467405643
0.741038964509
0.119852398271
1.20831349248
0.094317439405
1.45612394362
-0.604135679346
-0.973883462789
-0.0910613820951
-0.855749218241
-0.512925503052
-0.508815094993
0.201760570194
1.13734917938
0.25321153819
-0.160436558204
0.0925802353138
-0.800580956001
-0.81102312253
-0.844100851865
0.826597719642
0.60954578475
0.0675337533951
-0.651627576393
0.444145703351
-0.623599878319
