4
0
3
2
1
136
-0.542956968617
0.575540494727
0.849312286213
0.668248674734
-0.668900041887
0.455816790559
0.0777617858879
0.457478472881
1.18694739522
0.816808975667
-0.440645668846
-0.495826742225
-0.136346676898
0.467277580505
0.740105088123
-0.0421845331046
0.945941296433
2.25049138807
-0.740387705656
0.212221312962
-0.216102813604
-0.460179939791
0.909867784597
-0.156550966869
0.0486277002747
-0.258234066163
0.79549237705
0.509895891662
0.224638368712
-0.372405118068
-0.566347073663
0.803193724862
0.769903040948
3.27635917952
0.687976356388
-0.00692104191915
-0.822547815143
-0.102343231514
-0.144429343055
0.990630694945
0.893064427372
0.603704028453
0.406848015507
1.02201081355
1.35712434277
-0.277446214214
0.155964379216
0.0346751744742
-0.841702237177
0.0442746628439
0.540292809676
-0.747293380949
0.915711302965
0.85905564699
0.68402816393
0.354537537045
0.878360579484
0.365635327823
0.955157132223
-0.824041870556
-0.782807041318
-0.89900936269
-0.788586556821
0.0578504168152
-0.981171789622
0.047924549499
-0.688613016929
0.107554994178
0.507509613591
-0.45398576364
-0.949741345872
0.0973537935237
0.342420946329
0.287546648641
-0.154451126893
-0.222136933935
-0.783567159718
0.819149792373
0.734707963193
-0.125149629685
0.218216714948
0.901702876779
1.20616380464
0.0659939853681
0.381760931468
0.451448479971
-0.178582639216
-0.508173322142
0.397540231315
0.44388154581
-0.234173502741
0.537990475437
0.117964643254
-0.983887148804
0.841287047882
-0.52980628501
-0.198774545637
0.737478568758
-0.864750717807
0.127975387542
0.0808843117435
0.985156261581
0.151527263433
-0.657817859552
0.484531465554
-0.767431722549
-0.483587214466
-0.558165449184
-0.218727818182
0.0858018538983
-0.0142112702779
0.741038964509
0.185971239514
1.54704117308
0.110638552496
1.891919153
-0.604135679346
-0.973883462789
-0.0910613820951
-0.855749218241
-0.512925503052
-0.108793107584
0.346279912735
1.28182654142
1.03233494827
-0.160436558204
0.0925802353138
-0.800580956001
-0.81102312253
-0.844100851865
0.826597719642
0.653670191992
0.0675337533951
-0.642441651178
0.444145703351
-0.623599878319
