4
0
3
2
1
136
-0.545487973174
0.475980880602
0.844791759574
0.571917140233
-0.668900041887
0.453286906175
-0.0217682916485
0.452958655873
1.09064540691
0.816808975667
-0.440645668846
-0.495826742225
-0.136346676898
0.467277580505
0.35624246307
-0.0628841843669
0.925242656852
1.06848751282
-0.740387705656
0.212221312962
-0.216102813604
-0.460179939791
0.909867784597
-0.156550966869
-0.0109581761378
-0.370950289198
0.795309684876
0.366951304588
0.0817240776427
-0.515289127155
-0.566347073663
0.803193724862
0.769903040948
2.23995109969
0.687976356388
-0.0918963322733
-0.822547815143
-0.102343231514
-0.287283084173
0.847807207794
0.750271180192
0.603704028453
0.0651314839014
0.93334001954
0.688092200066
-0.277446214214
0.155964379216
-0.306837771427
-0.930359832516
-0.624405211993
0.540292809676
-0.747293380949
0.915711302965
0.85905564699
0.68402816393
0.0782672940118
0.878360579484
0.365635327823
-0.511190676431
-0.824041870556
-0.782807041318
-0.89900936269
-0.788586556821
0.0578504168152
-0.981171789622
-0.0482195475468
-0.799877681358
0.107554994178
0.507509613591
-0.45398576364
-0.949741345872
0.0973537935237
0.342420946329
0.287546648641
-0.154451126893
-0.640001244362
-0.896829193649
0.260247706053
0.734707963193
-0.125149629685
-0.199384251652
0.788499941967
0.647602257127
0.0659939853681
0.381760931468
0.451448479971
-0.178582639216
-0.508173322142
-0.0308186941085
0.44388154581
-0.234173502741
-0.497014459216
0.117964643254
-0.983887148804
0.841287047882
-0.52980628501
-0.198774545637
0.737478568758
-0.890102028579
0.107515504708
0.0808843117435
0.985156261581
0.151527263433
-0.657817859552
0.484531465554
-0.767431722549
-0.483587214466
-0.645185851151
-0.646113275486
0.0652327014716
-0.557994841487
0.741038964509
0.0990996219572
1.12027246878
0.0900997992628
1.34884946677
-0.604135679346
-0.973883462789
-0.0910613820951
-0.855749218241
-0.512925503052
-0.606137158062
0.153910618901
1.08953481456
0.116549622851
-0.160436558204
0.0925802353138
-0.800580956001
-0.81102312253
-0.844100851865
0.826597719642
0.601324590714
0.0675337533951
-0.654779171472
0.444145703351
-0.623599878319
