4
0
3
2
1
136
-0.543486698797
0.552348024503
0.84818795974
0.646839964024
-0.668900041887
0.455287117849
0.0545710990034
0.456354184009
1.16554029497
0.816808975667
-0.440645668846
-0.495826742225
-0.136346676898
0.467277580505
0.649630496022
-0.0468808982621
0.941244990004
1.93256940323
-0.740387705656
0.212221312962
-0.216102813604
-0.460179939791
0.909867784597
-0.156550966869
0.0347960642943
-0.287527904431
0.795456497567
0.465694261286
0.180441602717
-0.416597020746
-0.566347073663
0.803193724862
0.769903040948
3.00290335972
0.687976356388
-0.0257186251106
-0.822547815143
-0.102343231514
-0.188616383482
0.946448515706
0.848887108256
0.603704028453
0.306389486777
0.985261443627
1.15151249777
-0.277446214214
0.155964379216
-0.0657284183493
-0.878447126708
-0.161238543337
0.540292809676
-0.747293380949
0.915711302965
0.85905564699
0.68402816393
0.277094243068
0.878360579484
0.365635327823
0.386265098837
-0.824041870556
-0.782807041318
-0.89900936269
-0.788586556821
0.0578504168152
-0.981171789622
0.0224778412303
-0.73798575836
0.107554994178
0.507509613591
-0.45398576364
-0.949741345872
0.0973537935237
0.342420946329
0.287546648641
-0.154451126893
-0.350663532609
-0.821402971997
0.647655012911
0.734707963193
-0.125149629685
0.0897602628982
0.863882275731
1.03475800623
0.0659939853681
0.381760931468
0.451448479971
-0.178582639216
-0.508173322142
0.261556632861
0.44388154581
-0.234173502741
0.140949423099
0.117964643254
-0.983887148804
0.841287047882
-0.52980628501
-0.198774545637
0.737478568758
-0.874043138261
0.121560026439
0.0808843117435
0.985156261581
0.151527263433
-0.657817859552
0.484531465554
-0.767431722549
-0.483587214466
-0.575111151305
-0.318021196151
0.081305511572
-0.146048451782
0.741038964509
0.169035321615
1.44779682114
0.106144877987
1.76014322182
-0.604135679346
-0.973883462789
-0.0910613820951
-0.855749218241
-0.512925503052
-0.231166878967
0.309611125795
1.24516127306
0.732080655639
-0.160436558204
0.0925802353138
-0.800580956001
-0.81102312253
-0.844100851865
0.826597719642
0.638279387887
0.0675337533951
-0.644619096066
0.444145703351
-0.623599878319
