4
0
3
2
1
136
-0.543056375979
0.571079344579
0.849091838103
0.664173507349
-0.668900041887
0.455717391077
0.0733008873422
0.45725802997
1.18287245113
0.816808975667
-0.440645668846
-0.495826742225
-0.136346676898
0.467277580505
0.722698563207
-0.0430827988929
0.94504303888
2.18729522426
-0.740387705656
0.212221312962
-0.216102813604
-0.460179939791
0.909867784597
-0.156550966869
0.0459794669322
-0.263996991242
0.795485750674
0.500900153317
0.215643424354
-0.381399268575
-0.566347073663
0.803193724862
0.769903040948
3.22219937609
0.687976356388
-0.0104928830542
-0.822547815143
-0.102343231514
-0.15342269985
0.981638131725
0.88407265759
0.603704028453
0.388871689111
1.0140121933
1.31960047716
-0.277446214214
0.155964379216
0.0167062739979
-0.849700089339
0.00676474020375
0.540292809676
-0.747293380949
0.915711302965
0.85905564699
0.68402816393
0.340996524433
0.878360579484
0.365635327823
0.834083796608
-0.824041870556
-0.782807041318
-0.89900936269
-0.788586556821
0.0578504168152
-0.981171789622
0.0436131023122
-0.699789821788
0.107554994178
0.507509613591
-0.45398576364
-0.949741345872
0.0973537935237
0.342420946329
0.287546648641
-0.154451126893
-0.246161548325
-0.791150846134
0.787214676989
0.734707963193
-0.125149629685
0.194202153789
0.894121291154
1.17424156962
0.0659939853681
0.381760931468
0.451448479971
-0.178582639216
-0.508173322142
0.371416792338
0.44388154581
-0.234173502741
0.452524566201
0.117964643254
-0.983887148804
0.841287047882
-0.52980628501
-0.198774545637
0.737478568758
-0.866624358462
0.126775339756
0.0808843117435
0.985156261581
0.151527263433
-0.657817859552
0.484531465554
-0.767431722549
-0.483587214466
-0.561205203852
-0.237441522582
0.084987700456
-0.0392959680902
0.741038964509
0.182932757727
1.52833413492
0.109824754826
1.86684295815
-0.604135679346
-0.973883462789
-0.0910613820951
-0.855749218241
-0.512925503052
-0.132202402078
0.339676704834
1.27522376821
0.967772810765
-0.160436558204
0.0925802353138
-0.800580956001
-0.81102312253
-0.844100851865
0.826597719642
0.650600652451
0.0675337533951
-0.642821641442
0.444145703351
-0.623599878319
