4
0
3
2
1
136
-0.54497391634
0.494068620404
0.84556330976
0.590354288757
-0.668900041887
0.453800478528
-0.00369256445754
0.453729901726
1.10907004952
0.816808975667
-0.440645668846
-0.495826742225
-0.136346676898
0.467277580505
0.424512704063
-0.0590071512445
0.929119271449
1.24858817336
-0.740387705656
0.212221312962
-0.216102813604
-0.460179939791
0.909867784597
-0.156550966869
-0.000229060846094
-0.353173218147
0.79534893017
0.384083408407
0.0988496795441
-0.498170022868
-0.566347073663
0.803193724862
0.769903040948
2.40207565934
0.687976356388
-0.0755916211686
-0.822547815143
-0.102343231514
-0.270170473202
0.864913329744
0.767370817414
0.603704028453
0.0973400104733
0.939231125392
0.749041969561
-0.277446214214
0.155964379216
-0.274642091618
-0.924469536158
-0.563478389382
0.540292809676
-0.747293380949
0.915711302965
0.85905564699
0.68402816393
0.105564993861
0.878360579484
0.365635327823
-0.404227220723
-0.824041870556
-0.782807041318
-0.89900936269
-0.788586556821
0.0578504168152
-0.981171789622
-0.0383400725056
-0.793291588783
0.107554994178
0.507509613591
-0.45398576364
-0.949741345872
0.0973537935237
0.342420946329
0.287546648641
-0.154451126893
-0.601100377554
-0.886960577305
0.312863489236
0.734707963193
-0.125149629685
-0.160502120276
0.798364459208
0.700191768616
0.0659939853681
0.381760931468
0.451448479971
-0.178582639216
-0.508173322142
0.00842759357622
0.44388154581
-0.234173502741
-0.4184405438
0.117964643254
-0.983887148804
0.841287047882
-0.52980628501
-0.198774545637
0.737478568758
-0.888143691
0.109393506167
0.0808843117435
0.985156261581
0.151527263433
-0.657817859552
0.484531465554
-0.767431722549
-0.483587214466
-0.628146829807
-0.574226847934
0.0686588676816
-0.470572708072
0.741038964509
0.116090435563
1.19197249568
0.0935178999148
1.43606200612
-0.604135679346
-0.973883462789
-0.0910613820951
-0.855749218241
-0.512925503052
-0.527019981281
0.193230714694
1.12882485849
0.22691033899
-0.160436558204
0.0925802353138
-0.800580956001
-0.81102312253
-0.844100851865
0.826597719642
0.607944462721
0.0675337533951
-0.652193735564
0.444145703351
-0.623599878319
