4
0
3
2
1
136
0.450472120319
-0.866289061544
0.110319793666
-0.56193825813
0.731620888425
-0.99262150148
0.638707122347
-0.859166245436
0.884552298742
-0.206148253119
-0.844611633722
0.753104955419
0.31177309864
-0.989008969419
0.249682400069
0.344549225955
-0.959485349693
0.638477419571
0.442683614171
0.633676384472
0.541671472831
-0.217106278727
0.402610617009
0.0794071756768
0.713950139888
-0.883368164968
-0.979936270052
0.549232576533
0.0151633609568
-0.941821015173
-0.37141279685
-0.666631896108
-0.291384701993
1.13539858083
-0.923177382774
0.848715436276
0.13952757069
-0.200406291451
0.863337669535
-0.130962771581
0.707443443581
-0.407551581222
0.193256550861
-0.960434374912
0.666697491026
0.708281213852
-0.207320968033
-0.972191233562
0.0812943873259
-0.823363304442
0.395567061295
-0.372358144143
0.644246950645
-0.560741409989
0.887613233366
0.0659070053575
0.0249241149426
0.270352889772
0.982472347989
0.770552295307
-0.113329695897
0.593746283323
-0.0692156549379
0.308223783161
-0.925003413907
-0.543943849468
0.231267388287
-0.800810246359
-0.413623846621
-0.345642427457
-0.384551154654
-0.366611219086
0.906863550535
0.723528304794
0.134136593497
0.719087815844
0.905083230812
-0.777909342222
-0.0284945552565
-0.128632744751
0.137260829434
0.60320087056
0.799307817846
0.167821372003
0.415753662098
0.72020036289
0.964567217668
-0.723619704565
0.034285138876
0.488099227411
-0.0245252243888
0.548446372088
-0.55109349169
-0.3233259529
0.698084332482
-0.865970557334
0.840419622854
0.916167658693
-0.0395053485895
-0.42106769475
-0.402689060303
-0.57105922015
0.641896697221
-0.960390287718
0.109943654647
-0.685791212527
0.243679258584
-0.284803893727
-0.363299994432
0.503876902558
0.73145278661
0.0220383348954
0.947205476237
-0.2340178322
-0.0274547811018
-0.175523157611
-0.357171856114
-0.306852882494
-0.240947122158
-0.309623945315
0.658174301327
0.751901318254
-0.96277401281
-0.1871444208
-0.0476033219362
-0.371845374049
0.632881688671
-0.692969295025
0.58635664661
0.534357715074
0.0948878780752
0.699661710797
-0.46616594752
0.402369257106
-0.199854509962
0.977326749477
