4
0
3
2
1
136
-0.546566660592
0.441033925965
0.843331764731
0.534820923774
-0.668900041887
0.452210134646
-0.0566719699862
0.451499859306
1.05359704783
0.816808975667
-0.440645668846
-0.495826742225
-0.136346676898
0.467277580505
0.228233837182
-0.070571154063
0.917557241999
0.759906727935
-0.740387705656
0.212221312962
-0.216102813604
-0.460179939791
0.909867784597
-0.156550966869
-0.0310529687285
-0.401456797277
0.795224386757
0.342548622733
0.057332593471
-0.539669422003
-0.566347073663
0.803193724862
0.769903040948
1.95799937178
0.687976356388
-0.124608762119
-0.822547815143
-0.102343231514
-0.31165219805
0.823449266542
0.725924403228
0.603704028453
0.0286266437527
0.926771445756
0.61894737698
-0.277446214214
0.155964379216
-0.343331073404
-0.93692762219
-0.693528782205
0.540292809676
-0.747293380949
0.915711302965
0.85905564699
0.68402816393
0.0471370297329
0.878360579484
0.365635327823
-0.631118306284
-0.824041870556
-0.782807041318
-0.89900936269
-0.788586556821
0.0578504168152
-0.981171789622
-0.0594875988279
-0.807113651276
0.107554994178
0.507509613591
-0.45398576364
-0.949741345872
0.0973537935237
0.342420946329
0.287546648641
-0.154451126893
-0.684376336252
-0.908027902127
0.199848247673
0.734707963193
-0.125149629685
-0.243741892682
0.777304957813
0.587228257693
0.0659939853681
0.381760931468
0.451448479971
-0.178582639216
-0.508173322142
-0.0757234697445
0.44388154581
-0.234173502741
-0.585971816452
0.117964643254
-0.983887148804
0.841287047882
-0.52980628501
-0.198774545637
0.737478568758
-0.892310172793
0.105366660445
0.0808843117435
0.985156261581
0.151527263433
-0.657817859552
0.484531465554
-0.767431722549
-0.483587214466
-0.672341937545
-0.75655957044
0.0603197194273
-0.690325267887
0.741038964509
0.0720216588026
1.01013506372
0.0851981532089
1.21686380698
-0.604135679346
-0.973883462789
-0.0910613820951
-0.855749218241
-0.512925503052
-0.725923410213
0.0879493571615
1.0236334815
-0.0419044134148
-0.160436558204
0.0925802353138
-0.800580956001
-0.81102312253
-0.844100851865
0.826597719642
0.592172655191
0.0675337533951
-0.658955836101
0.444145703351
-0.623599878319
