4
0
3
2
1
136
-0.542790848815
0.583113180356
0.849691312225
0.67512093363
-0.668900041887
0.455982899466
0.0853341181533
0.457857491667
1.19381934348
0.816808975667
-0.440645668846
-0.495826742225
-0.136346676898
0.467277580505
0.769643451156
-0.0406651165497
0.94746070146
2.35999355595
-0.740387705656
0.212221312962
-0.216102813604
-0.460179939791
0.909867784597
-0.156550966869
0.0531071587399
-0.24831632718
0.795503336944
0.52568110238
0.240422377928
-0.356622310174
-0.566347073663
0.803193724862
0.769903040948
3.37001641405
0.687976356388
-0.000904849067208
-0.822547815143
-0.102343231514
-0.128647736303
1.00641110074
0.90884363238
0.603704028453
0.435478844312
1.03652524901
1.41737519535
-0.277446214214
0.155964379216
0.0632964634832
-0.827188970055
0.104507146483
0.540292809676
-0.747293380949
0.915711302965
0.85905564699
0.68402816393
0.375763642564
0.878360579484
0.365635327823
1.17338746773
-0.824041870556
-0.782807041318
-0.89900936269
-0.788586556821
0.0578504168152
-0.981171789622
0.0545572647305
-0.667618166717
0.107554994178
0.507509613591
-0.45398576364
-0.949741345872
0.0973537935237
0.342420946329
0.287546648641
-0.154451126893
-0.182564754042
-0.770282110096
0.871350397076
0.734707963193
-0.125149629685
0.257775366881
0.914985146718
1.25834698135
0.0659939853681
0.381760931468
0.451448479971
-0.178582639216
-0.508173322142
0.441521782223
0.44388154581
-0.234173502741
0.694474840024
0.117964643254
-0.983887148804
0.841287047882
-0.52980628501
-0.198774545637
0.737478568758
-0.861542011847
0.129936600444
0.0808843117435
0.985156261581
0.151527263433
-0.657817859552
0.484531465554
-0.767431722549
-0.483587214466
-0.553248021703
-0.187490595293
0.0871227606184
0.0278850912315
0.741038964509
0.190886975313
1.57826932261
0.11195898207
1.93400380979
-0.604135679346
-0.973883462789
-0.0910613820951
-0.855749218241
-0.512925503052
-0.0693766866488
0.356999729868
1.29254579469
1.1509078526
-0.160436558204
0.0925802353138
-0.800580956001
-0.81102312253
-0.844100851865
0.826597719642
0.658966905896
0.0675337533951
-0.641837303072
0.444145703351
-0.623599878319
