4
0
3
2
1
136
-0.543329604256
0.559079445356
0.848508869832
0.653111274338
-0.668900041887
0.455444190949
0.061301866708
0.456675080145
1.17181100872
0.816808975667
-0.440645668846
-0.495826742225
-0.136346676898
0.467277580505
0.675879160463
-0.0455109612761
0.942614905393
2.02213544337
-0.740387705656
0.212221312962
-0.216102813604
-0.460179939791
0.909867784597
-0.156550966869
0.0388256897689
-0.279197767478
0.795467281963
0.477859172989
0.192604912794
-0.404435311887
-0.566347073663
0.803193724862
0.769903040948
3.08021311531
0.687976356388
-0.0202040393891
-0.822547815143
-0.102343231514
-0.176456275431
0.958607023357
0.861044015916
0.603704028453
0.337005275713
0.994682399886
1.21307377983
-0.277446214214
0.155964379216
-0.0351325787233
-0.869027566101
-0.0997120939269
0.540292809676
-0.747293380949
0.915711302965
0.85905564699
0.68402816393
0.301124357912
0.878360579484
0.365635327823
0.535959708202
-0.824041870556
-0.782807041318
-0.89900936269
-0.788586556821
0.0578504168152
-0.981171789622
0.0305701664357
-0.725788243335
0.107554994178
0.507509613591
-0.45398576364
-0.949741345872
0.0973537935237
0.342420946329
0.287546648641
-0.154451126893
-0.312757707874
-0.810820191656
0.698299290303
0.734707963193
-0.125149629685
0.127641391769
0.874459568972
1.08537113947
0.0659939853681
0.381760931468
0.451448479971
-0.178582639216
-0.508173322142
0.300824150735
0.44388154581
-0.234173502741
0.244682807091
0.117964643254
-0.983887148804
0.841287047882
-0.52980628501
-0.198774545637
0.737478568758
-0.871489885884
0.123444562753
0.0808843117435
0.985156261581
0.151527263433
-0.657817859552
0.484531465554
-0.767431722549
-0.483587214466
-0.569903109093
-0.288737401611
0.0826745132182
-0.107499802364
0.741038964509
0.174239609928
1.47706231654
0.107512873737
1.79866931003
-0.604135679346
-0.973883462789
-0.0910613820951
-0.855749218241
-0.512925503052
-0.195551614565
0.320852718523
1.25640147148
0.810884286425
-0.160436558204
0.0925802353138
-0.800580956001
-0.81102312253
-0.844100851865
0.826597719642
0.642589015568
0.0675337533951
-0.643934874336
0.444145703351
-0.623599878319
