4
0
3
2
1
136
-0.543650450757
0.545457138096
0.847863761551
0.640369551297
-0.668900041887
0.455123393277
0.0476810316607
0.456030003562
1.15907063898
0.816808975667
-0.440645668846
-0.495826742225
-0.136346676898
0.467277580505
0.622783389717
-0.0482893281206
0.939836587333
1.84317272036
-0.740387705656
0.212221312962
-0.216102813604
-0.460179939791
0.909867784597
-0.156550966869
0.0306610595456
-0.295904569211
0.795445130904
0.453822131951
0.168571272262
-0.428465552847
-0.566347073663
0.803193724862
0.769903040948
2.92548691148
0.687976356388
-0.0314146588168
-0.822547815143
-0.102343231514
-0.200483117753
0.934583578739
0.837023968069
0.603704028453
0.274811927147
0.976657592164
1.0889987329
-0.277446214214
0.155964379216
-0.0972835154938
-0.887049556753
-0.223713874438
0.540292809676
-0.747293380949
0.915711302965
0.85905564699
0.68402816393
0.251967997907
0.878360579484
0.365635327823
0.246172599724
-0.824041870556
-0.782807041318
-0.89900936269
-0.788586556821
0.0578504168152
-0.981171789622
0.0138544558492
-0.74886617706
0.107554994178
0.507509613591
-0.45398576364
-0.949741345872
0.0973537935237
0.342420946329
0.287546648641
-0.154451126893
-0.389036177893
-0.83182790606
0.596440748501
0.734707963193
-0.125149629685
0.0514151409787
0.853463571112
0.983578397307
0.0659939853681
0.381760931468
0.451448479971
-0.178582639216
-0.508173322142
0.222273486111
0.44388154581
-0.234173502741
0.0437467682861
0.117964643254
-0.983887148804
0.841287047882
-0.52980628501
-0.198774545637
0.737478568758
-0.876480719503
0.119666545018
0.0808843117435
0.985156261581
0.151527263433
-0.657817859552
0.484531465554
-0.767431722549
-0.483587214466
-0.580682249577
-0.34829755786
0.0798584312827
-0.185591939706
0.741038964509
0.163469096578
1.41754356627
0.104699073233
1.72062786278
-0.604135679346
-0.973883462789
-0.0910613820951
-0.855749218241
-0.512925503052
-0.267566860525
0.297591364279
1.23314339039
0.657175567412
-0.160436558204
0.0925802353138
-0.800580956001
-0.81102312253
-0.844100851865
0.826597719642
0.634022701509
0.0675337533951
-0.645364955388
0.444145703351
-0.623599878319
