4
0
3
2
1
136
-0.543245534062
0.562731586996
0.848684787171
0.65649378096
-0.668900041887
0.455528251354
0.0649537058589
0.456850991088
1.17519324142
0.816808975667
-0.440645668846
-0.495826742225
-0.136346676898
0.467277580505
0.690126457538
-0.044770083792
0.943355772907
2.07165616286
-0.740387705656
0.212221312962
-0.216102813604
-0.460179939791
0.909867784597
-0.156550966869
0.0410072639383
-0.274618497158
0.795473004049
0.484690097532
0.199435033727
-0.397605994379
-0.566347073663
0.803193724862
0.769903040948
3.12285869724
0.687976356388
-0.0172323750118
-0.822547815143
-0.102343231514
-0.169627761164
0.965434734566
0.86787092425
0.603704028453
0.353254623209
1.00022183301
1.24614898603
-0.277446214214
0.155964379216
-0.018892797242
-0.863488869971
-0.0666539184822
0.540292809676
-0.747293380949
0.915711302965
0.85905564699
0.68402816393
0.313735413224
0.878360579484
0.365635327823
0.622452806621
-0.824041870556
-0.782807041318
-0.89900936269
-0.788586556821
0.0578504168152
-0.981171789622
0.0347496917566
-0.718475271623
0.107554994178
0.507509613591
-0.45398576364
-0.949741345872
0.0973537935237
0.342420946329
0.287546648641
-0.154451126893
-0.292264492371
-0.804939827493
0.725686665746
0.734707963193
-0.125149629685
0.148122558858
0.880337302184
1.11274326889
0.0659939853681
0.381760931468
0.451448479971
-0.178582639216
-0.508173322142
0.32229997889
0.44388154581
-0.234173502741
0.304721859496
0.117964643254
-0.983887148804
0.841287047882
-0.52980628501
-0.198774545637
0.737478568758
-0.870044982322
0.124468023297
0.0808843117435
0.985156261581
0.151527263433
-0.657817859552
0.484531465554
-0.767431722549
-0.483587214466
-0.567175894451
-0.2729918387
0.0833966548576
-0.0866539096954
0.741038964509
0.17696514135
1.49279949633
0.108234557385
1.8195047625
-0.604135679346
-0.973883462789
-0.0910613820951
-0.855749218241
-0.512925503052
-0.176235661561
0.326746160805
1.26229430526
0.856252659048
-0.160436558204
0.0925802353138
-0.800580956001
-0.81102312253
-0.844100851865
0.826597719642
0.644985434028
0.0675337533951
-0.643581776086
0.444145703351
-0.623599878319
