4
0
3
2
1
136
-0.544940613084
0.495274481631
0.845615309849
0.591566714281
-0.668900041887
0.453833757273
-0.00248733089747
0.453781886371
1.1102818351
0.816808975667
-0.440645668846
-0.495826742225
-0.136346676898
0.467277580505
0.429101649402
-0.0587508291865
0.929375571846
1.26111723074
-0.740387705656
0.212221312962
-0.216102813604
-0.460179939791
0.909867784597
-0.156550966869
0.000491207148589
-0.351941655318
0.795351438813
0.385352225689
0.10011805755
-0.496902083868
-0.566347073663
0.803193724862
0.769903040948
2.41328671348
0.687976356388
-0.0745191649801
-0.822547815143
-0.102343231514
-0.268902972937
0.866180391544
0.768637441018
0.603704028453
0.0999511800255
0.939714147941
0.753983130715
-0.277446214214
0.155964379216
-0.272032081662
-0.9239865843
-0.558539271398
0.540292809676
-0.747293380949
0.915711302965
0.85905564699
0.68402816393
0.107770315397
0.878360579484
0.365635327823
-0.395490077205
-0.824041870556
-0.782807041318
-0.89900936269
-0.788586556821
0.0578504168152
-0.981171789622
-0.0375423403555
-0.792747228875
0.107554994178
0.507509613591
-0.45398576364
-0.949741345872
0.0973537935237
0.342420946329
0.287546648641
-0.154451126893
-0.597957085976
-0.886160830665
0.317102451436
0.734707963193
-0.125149629685
-0.157360487596
0.799163838762
0.704428445244
0.0659939853681
0.381760931468
0.451448479971
-0.178582639216
-0.508173322142
0.0115946984256
0.44388154581
-0.234173502741
-0.412056070842
0.117964643254
-0.983887148804
0.841287047882
-0.52980628501
-0.198774545637
0.737478568758
-0.887984204777
0.109545078775
0.0808843117435
0.985156261581
0.151527263433
-0.657817859552
0.484531465554
-0.767431722549
-0.483587214466
-0.626978719943
-0.569175249516
0.0689053178035
-0.464379941689
0.741038964509
0.117255475527
1.19701209302
0.0937637947092
1.44224119558
-0.604135679346
-0.973883462789
-0.0910613820951
-0.855749218241
-0.512925503052
-0.521413212895
0.195878518015
1.13147090275
0.234969515987
-0.160436558204
0.0925802353138
-0.800580956001
-0.81102312253
-0.844100851865
0.826597719642
0.608434346776
0.0675337533951
-0.652018106322
0.444145703351
-0.623599878319
