4
0
3
2
1
136
-0.546655804601
0.438316463945
0.843219068787
0.531846210409
-0.668900041887
0.452121220617
-0.0593845270824
0.451387307208
1.05062796399
0.816808975667
-0.440645668846
-0.495826742225
-0.136346676898
0.467277580505
0.218545976502
-0.0711813616546
0.916947214389
0.737947258342
-0.740387705656
0.212221312962
-0.216102813604
-0.460179939791
0.909867784597
-0.156550966869
-0.0325666404802
-0.403612162472
0.795217172455
0.34104862041
0.0558333543211
-0.541167898572
-0.566347073663
0.803193724862
0.769903040948
1.93774607379
0.687976356388
-0.127222332864
-0.822547815143
-0.102343231514
-0.313149912631
0.821952313358
0.724428210849
0.603704028453
0.0267153331715
0.926429697631
0.615323795511
-0.277446214214
0.155964379216
-0.345241860044
-0.937269332942
-0.697151379495
0.540292809676
-0.747293380949
0.915711302965
0.85905564699
0.68402816393
0.0455021272454
0.878360579484
0.365635327823
-0.637371466968
-0.824041870556
-0.782807041318
-0.89900936269
-0.788586556821
0.0578504168152
-0.981171789622
-0.0600791955275
-0.807487263473
0.107554994178
0.507509613591
-0.45398576364
-0.949741345872
0.0973537935237
0.342420946329
0.287546648641
-0.154451126893
-0.686707708374
-0.908614719513
0.196663196936
0.734707963193
-0.125149629685
-0.246072456757
0.776718310243
0.584044416117
0.0659939853681
0.381760931468
0.451448479971
-0.178582639216
-0.508173322142
-0.0780871250566
0.44388154581
-0.234173502741
-0.590633414432
0.117964643254
-0.983887148804
0.841287047882
-0.52980628501
-0.198774545637
0.737478568758
-0.892425651323
0.105253535559
0.0808843117435
0.985156261581
0.151527263433
-0.657817859552
0.484531465554
-0.767431722549
-0.483587214466
-0.674039508574
-0.763401731388
0.0600295138842
-0.698467997539
0.741038964509
0.0703285226998
1.00331127816
0.0849085557984
1.20874158024
-0.604135679346
-0.973883462789
-0.0910613820951
-0.855749218241
-0.512925503052
-0.733298170799
0.0836709600963
1.0193590032
-0.0514288113558
-0.160436558204
0.0925802353138
-0.800580956001
-0.81102312253
-0.844100851865
0.826597719642
0.591636025145
0.0675337533951
-0.659218370733
0.444145703351
-0.623599878319
