4
0
3
2
1
136
-0.543156389159
0.566642896274
0.84887463868
0.660100971398
-0.668900041887
0.455617387012
0.0688647266305
0.457040836538
1.17880017223
0.816808975667
-0.440645668846
-0.495826742225
-0.136346676898
0.467277580505
0.705387424009
-0.0439784573182
0.944147389894
2.12541415453
-0.740387705656
0.212221312962
-0.216102813604
-0.460179939791
0.909867784597
-0.156550966869
0.0433395612059
-0.269668393577
0.795479033445
0.492182924253
0.206927050715
-0.390114786954
-0.566347073663
0.803193724862
0.769903040948
3.16908036878
0.687976356388
-0.0140654983343
-0.822547815143
-0.102343231514
-0.162137363132
0.972924323375
0.875359704008
0.603704028453
0.370238293829
1.00648897476
1.28101510733
-0.277446214214
0.155964379216
-0.00191823961679
-0.857222489329
-0.0318042765609
0.540292809676
-0.747293380949
0.915711302965
0.85905564699
0.68402816393
0.326802662893
0.878360579484
0.365635327823
0.719194928084
-0.824041870556
-0.782807041318
-0.89900936269
-0.788586556821
0.0578504168152
-0.981171789622
0.0390282353734
-0.710070975271
0.107554994178
0.507509613591
-0.45398576364
-0.949741345872
0.0973537935237
0.342420946329
0.287546648641
-0.154451126893
-0.27050406487
-0.798540375575
0.754752277303
0.734707963193
-0.125149629685
0.169871302366
0.886734237066
1.14179404498
0.0659939853681
0.381760931468
0.451448479971
-0.178582639216
-0.508173322142
0.345331791302
0.44388154581
-0.234173502741
0.372086872303
0.117964643254
-0.983887148804
0.841287047882
-0.52980628501
-0.198774545637
0.737478568758
-0.868459746871
0.125556866011
0.0808843117435
0.985156261581
0.151527263433
-0.657817859552
0.484531465554
-0.767431722549
-0.483587214466
-0.564332635753
-0.256254135502
0.0841527711478
-0.0644064069708
0.741038964509
0.179806836124
1.5095292902
0.108990244124
1.84174234311
-0.604135679346
-0.973883462789
-0.0910613820951
-0.855749218241
-0.512925503052
-0.155576298418
0.332898102308
1.26844569161
0.907082175138
-0.160436558204
0.0925802353138
-0.800580956001
-0.81102312253
-0.844100851865
0.826597719642
0.647593847419
0.0675337533951
-0.643217558542
0.444145703351
-0.623599878319
