4
0
3
2
1
136
-0.544228056601
0.522123948644
0.846795756658
0.618061988657
-0.668900041887
0.454545939763
0.0243521971989
0.454962096358
1.13676721516
0.816808975667
-0.440645668846
-0.495826742225
-0.136346676898
0.467277580505
0.532201595479
-0.0531063857764
0.935019675736
1.55759288291
-0.740387705656
0.212221312962
-0.216102813604
-0.460179939791
0.909867784597
-0.156550966869
0.0166169823259
-0.323085284226
0.795404059279
0.418076258219
0.132832556736
-0.464197112913
-0.566347073663
0.803193724862
0.769903040948
2.67615029832
0.687976356388
-0.0510937884426
-0.822547815143
-0.102343231514
-0.236207525105
0.898866321356
0.801313857912
0.603704028453
0.177354439041
0.95463015013
0.900815612515
-0.277446214214
0.155964379216
-0.194671416307
-0.909073032525
-0.41177990556
0.540292809676
-0.747293380949
0.915711302965
0.85905564699
0.68402816393
0.172527474465
0.878360579484
0.365635327823
-0.129218353947
-0.824041870556
-0.782807041318
-0.89900936269
-0.788586556821
0.0578504168152
-0.981171789622
-0.014201688878
-0.775580549284
0.107554994178
0.507509613591
-0.45398576364
-0.949741345872
0.0973537935237
0.342420946329
0.287546648641
-0.154451126893
-0.505386297795
-0.862421656429
0.441268922941
0.734707963193
-0.125149629685
-0.0648476969164
0.822889894379
0.828517722764
0.0659939853681
0.381760931468
0.451448479971
-0.178582639216
-0.508173322142
0.104718740707
0.44388154581
-0.234173502741
-0.219986211443
0.117964643254
-0.983887148804
0.841287047882
-0.52980628501
-0.198774545637
0.737478568758
-0.88315860042
0.114007045481
0.0808843117435
0.985156261581
0.151527263433
-0.657817859552
0.484531465554
-0.767431722549
-0.483587214466
-0.601213280292
-0.452058067042
0.0747328724816
-0.318630978454
0.741038964509
0.142965006227
1.31390267583
0.0995800299837
1.58773050354
-0.604135679346
-0.973883462789
-0.0910613820951
-0.855749218241
-0.512925503052
-0.38917794276
0.25308181567
1.18864536435
0.43789705175
-0.160436558204
0.0925802353138
-0.800580956001
-0.81102312253
-0.844100851865
0.826597719642
0.620891976238
0.0675337533951
-0.648226987965
0.444145703351
-0.623599878319
