4
0
3
2
1
136
-0.543142588867
0.567252001253
0.84890434125
0.660661300524
-0.668900041887
0.45563118597
0.0694737897324
0.457070538233
1.1793604638
0.816808975667
-0.440645668846
-0.495826742225
-0.136346676898
0.467277580505
0.707764140277
-0.0438553462484
0.944270499587
2.13385315655
-0.740387705656
0.212221312962
-0.216102813604
-0.460179939791
0.909867784597
-0.156550966869
0.0437023663035
-0.2688932861
0.795479963306
0.493366096546
0.208110101617
-0.388931857418
-0.566347073663
0.803193724862
0.769903040948
3.17632976748
0.687976356388
-0.0135737732041
-0.822547815143
-0.102343231514
-0.160954554939
0.974107010251
0.87654226959
0.603704028453
0.372838398398
1.00749593777
1.28637896522
-0.277446214214
0.155964379216
0.000680554177695
-0.856215641699
-0.0264428125262
0.540292809676
-0.747293380949
0.915711302965
0.85905564699
0.68402816393
0.328792469292
0.878360579484
0.365635327823
0.734643612416
-0.824041870556
-0.782807041318
-0.89900936269
-0.788586556821
0.0578504168152
-0.981171789622
0.0396749537487
-0.708707292063
0.107554994178
0.507509613591
-0.45398576364
-0.949741345872
0.0973537935237
0.342420946329
0.287546648641
-0.154451126893
-0.267138404395
-0.797534243412
0.759244825971
0.734707963193
-0.125149629685
0.173235260956
0.887740005659
1.14628442773
0.0659939853681
0.381760931468
0.451448479971
-0.178582639216
-0.508173322142
0.348917207714
0.44388154581
-0.234173502741
0.382872034859
0.117964643254
-0.983887148804
0.841287047882
-0.52980628501
-0.198774545637
0.737478568758
-0.868209861429
0.125725365942
0.0808843117435
0.985156261581
0.151527263433
-0.657817859552
0.484531465554
-0.767431722549
-0.483587214466
-0.563897099444
-0.253660018807
0.0842688565909
-0.0609503902912
0.741038964509
0.180242149281
1.51212226772
0.109106267954
1.84519692434
-0.604135679346
-0.973883462789
-0.0910613820951
-0.855749218241
-0.512925503052
-0.152362816731
0.333841308158
1.2693888191
0.915217952546
-0.160436558204
0.0925802353138
-0.800580956001
-0.81102312253
-0.844100851865
0.826597719642
0.648003745231
0.0675337533951
-0.64316212421
0.444145703351
-0.623599878319
