4
0
3
2
1
136
-0.543152597839
0.566810137258
0.848882790358
0.660254857893
-0.668900041887
0.455621177962
0.0690319560379
0.457048987974
1.17895404834
0.816808975667
-0.440645668846
-0.495826742225
-0.136346676898
0.467277580505
0.706039992893
-0.0439446504134
0.944181196418
2.12772943117
-0.740387705656
0.212221312962
-0.216102813604
-0.460179939791
0.909867784597
-0.156550966869
0.0434391870783
-0.269455686634
0.795479288998
0.492507350296
0.207251443302
-0.389790427816
-0.566347073663
0.803193724862
0.769903040948
3.17106944463
0.687976356388
-0.0139304473385
-0.822547815143
-0.102343231514
-0.161813037437
0.973248615635
0.875683962839
0.603704028453
0.370953467995
1.00676462698
1.28248979182
-0.277446214214
0.155964379216
-0.00120342826582
-0.856946868876
-0.0303302540389
0.540292809676
-0.747293380949
0.915711302965
0.85905564699
0.68402816393
0.327350261111
0.878360579484
0.365635327823
0.723426356673
-0.824041870556
-0.782807041318
-0.89900936269
-0.788586556821
0.0578504168152
-0.981171789622
0.0392063413402
-0.709698045818
0.107554994178
0.507509613591
-0.45398576364
-0.949741345872
0.0973537935237
0.342420946329
0.287546648641
-0.154451126893
-0.269579274755
-0.798264383557
0.755986809814
0.734707963193
-0.125149629685
0.170795622014
0.887010128498
1.14302797888
0.0659939853681
0.381760931468
0.451448479971
-0.178582639216
-0.508173322142
0.346316318218
0.44388154581
-0.234173502741
0.375040097729
0.117964643254
-0.983887148804
0.841287047882
-0.52980628501
-0.198774545637
0.737478568758
-0.868391210336
0.125603164275
0.0808843117435
0.985156261581
0.151527263433
-0.657817859552
0.484531465554
-0.767431722549
-0.483587214466
-0.564212856518
-0.255541528672
0.0841846899124
-0.0634572455917
0.741038964509
0.179926553565
1.51024158186
0.109022145835
1.84269110751
-0.604135679346
-0.973883462789
-0.0910613820951
-0.855749218241
-0.512925503052
-0.154693859001
0.333157474472
1.26870504206
0.909309935745
-0.160436558204
0.0925802353138
-0.800580956001
-0.81102312253
-0.844100851865
0.826597719642
0.647706296351
0.0675337533951
-0.643202303711
0.444145703351
-0.623599878319
