4
0
3
2
1
136
-0.54391294396
0.534669872029
0.847364545462
0.630134663775
-0.668900041887
0.454860957051
0.0368954280854
0.45553082417
1.14883731138
0.816808975667
-0.440645668846
-0.495826742225
-0.136346676898
0.467277580505
0.580829231768
-0.0505068527077
0.937619118237
1.7078698697
-0.740387705656
0.212221312962
-0.216102813604
-0.460179939791
0.909867784597
-0.156550966869
0.0241732721756
-0.308702513934
0.795426650835
0.436437285612
0.15118954736
-0.445844157384
-0.566347073663
0.803193724862
0.769903040948
2.80777160017
0.687976356388
-0.0404364567892
-0.822547815143
-0.102343231514
-0.217858602997
0.917211211718
0.819654718198
0.603704028453
0.227011637721
0.965194033981
0.995973610818
-0.277446214214
0.155964379216
-0.145048621221
-0.898511066657
-0.316679710215
0.540292809676
-0.747293380949
0.915711302965
0.85905564699
0.68402816393
0.213336424323
0.878360579484
0.365635327823
0.0538315492095
-0.824041870556
-0.782807041318
-0.89900936269
-0.788586556821
0.0578504168152
-0.981171789622
0.000332296526116
-0.762975776148
0.107554994178
0.507509613591
-0.45398576364
-0.949741345872
0.0973537935237
0.342420946329
0.287546648641
-0.154451126893
-0.446290197537
-0.847025287249
0.520107853458
0.734707963193
-0.125149629685
-0.00579545712074
0.838276159688
0.907300394735
0.0659939853681
0.381760931468
0.451448479971
-0.178582639216
-0.508173322142
0.164238716241
0.44388154581
-0.234173502741
-0.0905607276865
0.117964643254
-0.983887148804
0.841287047882
-0.52980628501
-0.198774545637
0.737478568758
-0.879881253811
0.116868628244
0.0808843117435
0.985156261581
0.151527263433
-0.657817859552
0.484531465554
-0.767431722549
-0.483587214466
-0.589871806277
-0.39613486537
0.0775194397127
-0.247406725347
0.741038964509
0.154289745096
1.36975290884
0.102362650695
1.65886896854
-0.604135679346
-0.973883462789
-0.0910613820951
-0.855749218241
-0.512925503052
-0.324219266327
0.277734021471
1.21329020161
0.549900652444
-0.160436558204
0.0925802353138
-0.800580956001
-0.81102312253
-0.844100851865
0.826597719642
0.62769767275
0.0675337533951
-0.646625044175
0.444145703351
-0.623599878319
