4
0
3
2
1
136
-0.544996742989
0.493244543951
0.845527817556
0.589524560116
-0.668900041887
0.453777669111
-0.00451620098206
0.453694420377
1.10824077031
0.816808975667
-0.440645668846
-0.495826742225
-0.136346676898
0.467277580505
0.421379101231
-0.0591824681623
0.928943969726
1.24006401446
-0.740387705656
0.212221312962
-0.216102813604
-0.460179939791
0.909867784597
-0.156550966869
-0.000720992189959
-0.354011574745
0.79534720826
0.383225771745
0.0979923430018
-0.499027059477
-0.566347073663
0.803193724862
0.769903040948
2.39444324374
0.687976356388
-0.0763255602425
-0.822547815143
-0.102343231514
-0.271027210064
0.864056892444
0.766514679489
0.603704028453
0.0955927041152
0.938908420013
0.745735603547
-0.277446214214
0.155964379216
-0.276388632129
-0.924792194663
-0.566783403749
0.540292809676
-0.747293380949
0.915711302965
0.85905564699
0.68402816393
0.104088591236
0.878360579484
0.365635327823
-0.410067567205
-0.824041870556
-0.782807041318
-0.89900936269
-0.788586556821
0.0578504168152
-0.981171789622
-0.0388741820918
-0.793654895003
0.107554994178
0.507509613591
-0.45398576364
-0.949741345872
0.0973537935237
0.342420946329
0.287546648641
-0.154451126893
-0.603204624938
-0.887495756144
0.310024754907
0.734707963193
-0.125149629685
-0.162605269275
0.797829523084
0.697354550848
0.0659939853681
0.381760931468
0.451448479971
-0.178582639216
-0.508173322142
0.00630709585995
0.44388154581
-0.234173502741
-0.422711133281
0.117964643254
-0.983887148804
0.841287047882
-0.52980628501
-0.198774545637
0.737478568758
-0.88825034012
0.109292025374
0.0808843117435
0.985156261581
0.151527263433
-0.657817859552
0.484531465554
-0.767431722549
-0.483587214466
-0.628943946582
-0.577663580225
0.0684915725215
-0.474781811947
0.741038964509
0.115295435609
1.188544023
0.0933509843487
1.43186223923
-0.604135679346
-0.973883462789
-0.0910613820951
-0.855749218241
-0.512925503052
-0.530830506482
0.191420633224
1.1270160005
0.221453268114
-0.160436558204
0.0925802353138
-0.800580956001
-0.81102312253
-0.844100851865
0.826597719642
0.607613173925
0.0675337533951
-0.65231372652
0.444145703351
-0.623599878319
