4
0
3
2
1
136
-0.542829882282
0.581320373323
0.849601021172
0.673499039581
-0.668900041887
0.455943868326
0.0835413871966
0.457767202162
1.19219751601
0.816808975667
-0.440645668846
-0.495826742225
-0.136346676898
0.467277580505
0.762651782879
-0.0410242294696
0.94710159102
2.33381589979
-0.740387705656
0.212221312962
-0.216102813604
-0.460179939791
0.909867784597
-0.156550966869
0.0520485465902
-0.250679548247
0.795500774565
0.521886355436
0.236627899282
-0.360416520558
-0.566347073663
0.803193724862
0.769903040948
3.3476466626
0.687976356388
-0.00232386455837
-0.822547815143
-0.102343231514
-0.132441678463
1.00261742676
0.905050226557
0.603704028453
0.428919585631
1.03298804477
1.40352912321
-0.277446214214
0.155964379216
0.0567391492273
-0.830725913293
0.0906648667864
0.540292809676
-0.747293380949
0.915711302965
0.85905564699
0.68402816393
0.370940078662
0.878360579484
0.365635327823
1.12028502284
-0.824041870556
-0.782807041318
-0.89900936269
-0.788586556821
0.0578504168152
-0.981171789622
0.0530635867423
-0.672824593375
0.107554994178
0.507509613591
-0.45398576364
-0.949741345872
0.0973537935237
0.342420946329
0.287546648641
-0.154451126893
-0.191788030714
-0.773479179775
0.85924268289
0.734707963193
-0.125149629685
0.248554920814
0.911788654581
1.24624292243
0.0659939853681
0.381760931468
0.451448479971
-0.178582639216
-0.508173322142
0.431155915855
0.44388154581
-0.234173502741
0.65606392379
0.117964643254
-0.983887148804
0.841287047882
-0.52980628501
-0.198774545637
0.737478568758
-0.862302322093
0.129481984584
0.0808843117435
0.985156261581
0.151527263433
-0.657817859552
0.484531465554
-0.767431722549
-0.483587214466
-0.554384561489
-0.194821145381
0.0868171573634
0.017981773363
0.741038964509
0.189750788807
1.57094069098
0.111653478872
1.92410298114
-0.604135679346
-0.973883462789
-0.0910613820951
-0.855749218241
-0.512925503052
-0.0786641676506
0.354517477149
1.29006365829
1.12175192893
-0.160436558204
0.0925802353138
-0.800580956001
-0.81102312253
-0.844100851865
0.826597719642
0.65770462286
0.0675337533951
-0.641975824329
0.444145703351
-0.623599878319
