4
0
3
2
1
136
-0.543049844774
0.571370859067
0.84910618033
0.664440410443
-0.668900041887
0.45572392173
0.0735923842913
0.457272371833
1.18313933861
0.816808975667
-0.440645668846
-0.495826742225
-0.136346676898
0.467277580505
0.723836051143
-0.0430240291058
0.945101808092
2.1913950655
-0.740387705656
0.212221312962
-0.216102813604
-0.460179939791
0.909867784597
-0.156550966869
0.0461527160873
-0.263622238703
0.795486187579
0.50148098655
0.216224203695
-0.380818543117
-0.566347073663
0.803193724862
0.769903040948
3.22571559703
0.687976356388
-0.0102588497835
-0.822547815143
-0.102343231514
-0.152842028264
0.982218749449
0.88465322146
0.603704028453
0.390070410099
1.01452175157
1.32209398717
-0.277446214214
0.155964379216
0.0179044647331
-0.849190582999
0.00925726341703
0.540292809676
-0.747293380949
0.915711302965
0.85905564699
0.68402816393
0.341904272125
0.878360579484
0.365635327823
0.841825409293
-0.824041870556
-0.782807041318
-0.89900936269
-0.788586556821
0.0578504168152
-0.981171789622
0.043904055276
-0.699085547962
0.107554994178
0.507509613591
-0.45398576364
-0.949741345872
0.0973537935237
0.342420946329
0.287546648641
-0.154451126893
-0.244576931419
-0.790660164195
0.789324855003
0.734707963193
-0.125149629685
0.195786063172
0.894611824241
1.17635084308
0.0659939853681
0.381760931468
0.451448479971
-0.178582639216
-0.508173322142
0.373127697563
0.44388154581
-0.234173502741
0.457965880855
0.117964643254
-0.983887148804
0.841287047882
-0.52980628501
-0.198774545637
0.737478568758
-0.866502646224
0.126854606688
0.0808843117435
0.985156261581
0.151527263433
-0.657817859552
0.484531465554
-0.767431722549
-0.483587214466
-0.561003347279
-0.236212214293
0.0850416914795
-0.0376513544423
0.741038964509
0.183134523988
1.5295629741
0.109878720698
1.86848697577
-0.604135679346
-0.973883462789
-0.0910613820951
-0.855749218241
-0.512925503052
-0.130669447175
0.340114715377
1.27566174764
0.971880190854
-0.160436558204
0.0925802353138
-0.800580956001
-0.81102312253
-0.844100851865
0.826597719642
0.650799891676
0.0675337533951
-0.642796259246
0.444145703351
-0.623599878319
