4
0
3
2
1
136
-0.545849682584
0.463823842116
0.844280507093
0.559245225066
-0.668900041887
0.45292568193
-0.0339138582588
0.452447707159
1.07798580877
0.816808975667
-0.440645668846
-0.495826742225
-0.136346676898
0.467277580505
0.311053900212
-0.0655266648081
0.922600582119
0.955450274745
-0.740387705656
0.212221312962
-0.216102813604
-0.460179939791
0.909867784597
-0.156550966869
-0.0180637544237
-0.382146128918
0.795281508472
0.357283258963
0.0720601911829
-0.52494885745
-0.566347073663
0.803193724862
0.769903040948
2.13726598762
0.687976356388
-0.103090653609
-0.822547815143
-0.102343231514
-0.296938661302
0.838155780837
0.740623900415
0.603704028453
0.0494066627533
0.930499627183
0.658320468507
-0.277446214214
0.155964379216
-0.322557252741
-0.933199870379
-0.654167199673
0.540292809676
-0.747293380949
0.915711302965
0.85905564699
0.68402816393
0.0648806874275
0.878360579484
0.365635327823
-0.562981633165
-0.824041870556
-0.782807041318
-0.89900936269
-0.788586556821
0.0578504168152
-0.981171789622
-0.0530655574884
-0.803019841969
0.107554994178
0.507509613591
-0.45398576364
-0.949741345872
0.0973537935237
0.342420946329
0.287546648641
-0.154451126893
-0.659079952609
-0.901651073452
0.234331063759
0.734707963193
-0.125149629685
-0.218454963014
0.783679781633
0.621697138851
0.0659939853681
0.381760931468
0.451448479971
-0.178582639216
-0.508173322142
-0.0501059068847
0.44388154581
-0.234173502741
-0.535324165117
0.117964643254
-0.983887148804
0.841287047882
-0.52980628501
-0.198774545637
0.737478568758
-0.891054052691
0.106592603282
0.0808843117435
0.985156261581
0.151527263433
-0.657817859552
0.484531465554
-0.767431722549
-0.483587214466
-0.655699312052
-0.68923307217
0.0632619781237
-0.609891971936
0.741038964509
0.0886173361182
1.07727356633
0.0881337845778
1.29708743542
-0.604135679346
-0.973883462789
-0.0910613820951
-0.855749218241
-0.512925503052
-0.653102111998
0.128903270606
1.06454951835
0.0534446025787
-0.160436558204
0.0925802353138
-0.800580956001
-0.81102312253
-0.844100851865
0.826597719642
0.597627547441
0.0675337533951
-0.656390260101
0.444145703351
-0.623599878319
