4
0
3
2
1
136
-0.543009897593
0.573158713179
0.849194332816
0.666075450739
-0.668900041887
0.455763865642
0.0753801342637
0.457360522163
1.18477428633
0.816808975667
-0.440645668846
-0.495826742225
-0.136346676898
0.467277580505
0.730812115068
-0.042663817125
0.945462016665
2.21663023251
-0.740387705656
0.212221312962
-0.216102813604
-0.460179939791
0.909867784597
-0.156550966869
0.0472146463589
-0.261318286456
0.795488855134
0.50506469583
0.219807588631
-0.377235482467
-0.566347073663
0.803193724862
0.769903040948
3.24735037344
0.687976356388
-0.00882545962973
-0.822547815143
-0.102343231514
-0.149259291843
0.985801161698
0.888235309595
0.603704028453
0.397349523455
1.01768726942
1.33726303002
-0.277446214214
0.155964379216
0.0251804658215
-0.846025378397
0.0244204879476
0.540292809676
-0.747293380949
0.915711302965
0.85905564699
0.68402816393
0.347401993957
0.878360579484
0.365635327823
0.8898242558
-0.824041870556
-0.782807041318
-0.89900936269
-0.788586556821
0.0578504168152
-0.981171789622
0.0456602996776
-0.694687098498
0.107554994178
0.507509613591
-0.45398576364
-0.949741345872
0.0973537935237
0.342420946329
0.287546648641
-0.154451126893
-0.234902427115
-0.787636245579
0.802197460052
0.734707963193
-0.125149629685
0.205456384611
0.897634865934
1.18921809453
0.0659939853681
0.381760931468
0.451448479971
-0.178582639216
-0.508173322142
0.383609604718
0.44388154581
-0.234173502741
0.491771005118
0.117964643254
-0.983887148804
0.841287047882
-0.52980628501
-0.198774545637
0.737478568758
-0.865753768224
0.127338262872
0.0808843117435
0.985156261581
0.151527263433
-0.657817859552
0.484531465554
-0.767431722549
-0.483587214466
-0.559775214965
-0.228692285612
0.0853704180615
-0.0275810312054
0.741038964509
0.184362124828
1.53708013055
0.110207298985
1.87855376974
-0.604135679346
-0.973883462789
-0.0910613820951
-0.855749218241
-0.512925503052
-0.121277272328
0.342781073474
1.27832792347
0.997406463803
-0.160436558204
0.0925802353138
-0.800580956001
-0.81102312253
-0.844100851865
0.826597719642
0.652026032171
0.0675337533951
-0.642642283455
0.444145703351
-0.623599878319
