4
0
3
2
1
136
-0.545119186779
0.488857789677
0.84533947008
0.58509160107
-0.668900041887
0.453655324013
-0.0089004562697
0.453506135013
1.10381037775
0.816808975667
-0.440645668846
-0.495826742225
-0.136346676898
0.467277580505
0.404732902111
-0.0601177791488
0.92800874526
1.19520588036
-0.740387705656
0.212221312962
-0.216102813604
-0.460179939791
0.909867784597
-0.156550966869
-0.00333531811109
-0.358429188634
0.795337938226
0.37878796264
0.0935561286344
-0.503461680119
-0.566347073663
0.803193724862
0.769903040948
2.35421130559
0.687976356388
-0.0802466475121
-0.822547815143
-0.102343231514
-0.27546023799
0.859625456222
0.762084833964
0.603704028453
0.0867793938996
0.937286684663
0.729059057812
-0.277446214214
0.155964379216
-0.285198202086
-0.92641369882
-0.583453321062
0.540292809676
-0.747293380949
0.915711302965
0.85905564699
0.68402816393
0.0966335963907
0.878360579484
0.365635327823
-0.439453743078
-0.824041870556
-0.782807041318
-0.89900936269
-0.788586556821
0.0578504168152
-0.981171789622
-0.0415716534948
-0.795476133444
0.107554994178
0.507509613591
-0.45398576364
-0.949741345872
0.0973537935237
0.342420946329
0.287546648641
-0.154451126893
-0.613828956033
-0.89019541848
0.295679490008
0.734707963193
-0.125149629685
-0.173224203526
0.795131049236
0.683016776938
0.0659939853681
0.381760931468
0.451448479971
-0.178582639216
-0.508173322142
-0.00440325428966
0.44388154581
-0.234173502741
-0.444233830121
0.117964643254
-0.983887148804
0.841287047882
-0.52980628501
-0.198774545637
0.737478568758
-0.888787445159
0.108779488395
0.0808843117435
0.985156261581
0.151527263433
-0.657817859552
0.484531465554
-0.767431722549
-0.483587214466
-0.633165480103
-0.595730023869
0.0676173893453
-0.496856733616
0.741038964509
0.111085387837
1.17052220854
0.0924788157749
1.40983767471
-0.604135679346
-0.973883462789
-0.0910613820951
-0.855749218241
-0.512925503052
-0.550811880179
0.181789307609
1.11739146415
0.193093356082
-0.160436558204
0.0925802353138
-0.800580956001
-0.81102312253
-0.844100851865
0.826597719642
0.6058974444
0.0675337533951
-0.652950991098
0.444145703351
-0.623599878319
