4
0
3
2
1
136
-0.543258624015
0.56216062461
0.848657199398
0.655965889741
-0.668900041887
0.455515162853
0.0643827885655
0.456823404265
1.17466539095
0.816808975667
-0.440645668846
-0.495826742225
-0.136346676898
0.467277580505
0.687898892913
-0.0448858006592
0.943240057526
2.06387127746
-0.740387705656
0.212221312962
-0.216102813604
-0.460179939791
0.909867784597
-0.156550966869
0.0406664402547
-0.275337144799
0.795472115386
0.483611583194
0.198356641989
-0.398684263546
-0.566347073663
0.803193724862
0.769903040948
3.11615900304
0.687976356388
-0.0176960195588
-0.822547815143
-0.102343231514
-0.170705907787
0.964356710461
0.866793022635
0.603704028453
0.350736956638
0.99933588952
1.24100601586
-0.277446214214
0.155964379216
-0.0214090339709
-0.864374699717
-0.0717943268752
0.540292809676
-0.747293380949
0.915711302965
0.85905564699
0.68402816393
0.311788266775
0.878360579484
0.365635327823
0.608686401022
-0.824041870556
-0.782807041318
-0.89900936269
-0.788586556821
0.0578504168152
-0.981171789622
0.0341075473138
-0.719652028097
0.107554994178
0.507509613591
-0.45398576364
-0.949741345872
0.0973537935237
0.342420946329
0.287546648641
-0.154451126893
-0.295459343472
-0.805865217577
0.721417442537
0.734707963193
-0.125149629685
0.144929520842
0.87941230582
1.10847634298
0.0659939853681
0.381760931468
0.451448479971
-0.178582639216
-0.508173322142
0.318938988045
0.44388154581
-0.234173502741
0.295156247774
0.117964643254
-0.983887148804
0.841287047882
-0.52980628501
-0.198774545637
0.737478568758
-0.870273292485
0.124308308461
0.0808843117435
0.985156261581
0.151527263433
-0.657817859552
0.484531465554
-0.767431722549
-0.483587214466
-0.567597660411
-0.275446264231
0.083284764381
-0.0899087214281
0.741038964509
0.176543623685
1.49034631536
0.108122734746
1.81625150543
-0.604135679346
-0.973883462789
-0.0910613820951
-0.855749218241
-0.512925503052
-0.179254246345
0.325834312872
1.26138254639
0.849030576501
-0.160436558204
0.0925802353138
-0.800580956001
-0.81102312253
-0.844100851865
0.826597719642
0.644608221976
0.0675337533951
-0.643636145165
0.444145703351
-0.623599878319
