4
0
3
2
1
136
-0.543019145005
0.572744097977
0.849173860205
0.665696560347
-0.668900041887
0.45575461897
0.0749655426916
0.45734005004
1.18439541691
0.816808975667
-0.440645668846
-0.495826742225
-0.136346676898
0.467277580505
0.729194344187
-0.042747318689
0.945378515872
2.21076410841
-0.740387705656
0.212221312962
-0.216102813604
-0.460179939791
0.909867784597
-0.156550966869
0.0469684710389
-0.261853444476
0.79548823834
0.504230330048
0.218973297124
-0.378069699712
-0.566347073663
0.803193724862
0.769903040948
3.2423224212
0.687976356388
-0.00915757666901
-0.822547815143
-0.102343231514
-0.150093434839
0.984967092938
0.887401315058
0.603704028453
0.39567268268
1.01694700651
1.33376453595
-0.277446214214
0.155964379216
0.0235043256056
-0.84676556948
0.0209233075924
0.540292809676
-0.747293380949
0.915711302965
0.85905564699
0.68402816393
0.346137747536
0.878360579484
0.365635327823
0.878613400003
-0.824041870556
-0.782807041318
-0.89900936269
-0.788586556821
0.0578504168152
-0.981171789622
0.045257335339
-0.695719315549
0.107554994178
0.507509613591
-0.45398576364
-0.949741345872
0.0973537935237
0.342420946329
0.287546648641
-0.154451126893
-0.237139154257
-0.788339778537
0.799223064636
0.734707963193
-0.125149629685
0.203220603711
0.896931530887
1.1862449111
0.0659939853681
0.381760931468
0.451448479971
-0.178582639216
-0.508173322142
0.381180562174
0.44388154581
-0.234173502741
0.483864418173
0.117964643254
-0.983887148804
0.841287047882
-0.52980628501
-0.198774545637
0.737478568758
-0.865927785634
0.127226492984
0.0808843117435
0.985156261581
0.151527263433
-0.657817859552
0.484531465554
-0.767431722549
-0.483587214466
-0.560058517416
-0.230433198249
0.0852945535329
-0.0299138811741
0.741038964509
0.184078942262
1.53533984502
0.110131467949
1.87622171919
-0.604135679346
-0.973883462789
-0.0910613820951
-0.855749218241
-0.512925503052
-0.123453875659
0.342165782941
1.27771267393
0.991434788345
-0.160436558204
0.0925802353138
-0.800580956001
-0.81102312253
-0.844100851865
0.826597719642
0.65174104896
0.0675337533951
-0.642677732784
0.444145703351
-0.623599878319
