4
0
3
2
1
136
-0.542906239904
0.577837223269
0.849426592839
0.670338942611
-0.668900041887
0.455867515662
0.0800583980915
0.457592777118
1.18903756042
0.816808975667
-0.440645668846
-0.495826742225
-0.136346676898
0.467277580505
0.74906531971
-0.041722999053
0.946402826687
2.28340611342
-0.740387705656
0.212221312962
-0.216102813604
-0.460179939791
0.909867784597
-0.156550966869
0.0499884517941
-0.255243975829
0.795495739076
0.514615615139
0.229357708692
-0.367686161524
-0.566347073663
0.803193724862
0.769903040948
3.30453489377
0.687976356388
-0.00509017448099
-0.822547815143
-0.102343231514
-0.139710769885
0.995348884801
0.897782233975
0.603704028453
0.415786442078
1.02629235031
1.37587806376
-0.277446214214
0.155964379216
0.0436103259196
-0.837421072997
0.063022141757
0.540292809676
-0.747293380949
0.915711302965
0.85905564699
0.68402816393
0.361211041414
0.878360579484
0.365635327823
1.01965889144
-0.824041870556
-0.782807041318
-0.89900936269
-0.788586556821
0.0578504168152
-0.981171789622
0.050026522986
-0.682519250383
0.107554994178
0.507509613591
-0.45398576364
-0.949741345872
0.0973537935237
0.342420946329
0.287546648641
-0.154451126893
-0.209967604488
-0.779596498017
0.835266796782
0.734707963193
-0.125149629685
0.230381493348
0.905672597563
1.22227495804
0.0659939853681
0.381760931468
0.451448479971
-0.178582639216
-0.508173322142
0.410932218344
0.44388154581
-0.234173502741
0.583882794965
0.117964643254
-0.983887148804
0.841287047882
-0.52980628501
-0.198774545637
0.737478568758
-0.863779328241
0.128581151613
0.0808843117435
0.985156261581
0.151527263433
-0.657817859552
0.484531465554
-0.767431722549
-0.483587214466
-0.556641736608
-0.209180016652
0.0862107323145
-0.0013734936431
0.741038964509
0.187494381482
1.5565859445
0.111047270527
1.90475303915
-0.604135679346
-0.973883462789
-0.0910613820951
-0.855749218241
-0.512925503052
-0.0967899486112
0.349596167351
1.28514260396
1.06705451223
-0.160436558204
0.0925802353138
-0.800580956001
-0.81102312253
-0.844100851865
0.826597719642
0.65526630491
0.0675337533951
-0.642253002131
0.444145703351
-0.623599878319
