4
0
3
2
1
136
-0.543032732971
0.572135683675
0.849143850559
0.665140256618
-0.668900041887
0.45574103211
0.0743571636357
0.457310041124
1.18383914451
0.816808975667
-0.440645668846
-0.495826742225
-0.136346676898
0.467277580505
0.726820367304
-0.0428698875983
0.945255948116
2.20217126472
-0.740387705656
0.212221312962
-0.216102813604
-0.460179939791
0.909867784597
-0.156550966869
0.0466071262212
-0.262637810315
0.795487331247
0.503009547236
0.217752624333
-0.379290262501
-0.566347073663
0.803193724862
0.769903040948
3.23495601339
0.687976356388
-0.00964525460186
-0.822547815143
-0.102343231514
-0.151313887646
0.983746750094
0.886181082158
0.603704028453
0.393199719815
1.01586744744
1.32860948725
-0.277446214214
0.155964379216
0.0210324138168
-0.847845022251
0.0157702254574
0.540292809676
-0.747293380949
0.915711302965
0.85905564699
0.68402816393
0.344270824446
0.878360579484
0.365635327823
0.862249408048
-0.824041870556
-0.782807041318
-0.89900936269
-0.788586556821
0.0578504168152
-0.981171789622
0.0446612919788
-0.697220654538
0.107554994178
0.507509613591
-0.45398576364
-0.949741345872
0.0973537935237
0.342420946329
0.287546648641
-0.154451126893
-0.240428925807
-0.789369661308
0.794846390157
0.734707963193
-0.125149629685
0.199932246622
0.895901944465
1.18187004732
0.0659939853681
0.381760931468
0.451448479971
-0.178582639216
-0.508173322142
0.377614148105
0.44388154581
-0.234173502741
0.47233561065
0.117964643254
-0.983887148804
0.841287047882
-0.52980628501
-0.198774545637
0.737478568758
-0.866182773525
0.127062043761
0.0808843117435
0.985156261581
0.151527263433
-0.657817859552
0.484531465554
-0.767431722549
-0.483587214466
-0.560475891515
-0.232991154593
0.0851828237935
-0.0333399419975
0.741038964509
0.183661747734
1.53278282603
0.110019788331
1.87279685213
-0.604135679346
-0.973883462789
-0.0910613820951
-0.855749218241
-0.512925503052
-0.126649540887
0.34125955374
1.27680650626
0.982728915254
-0.160436558204
0.0925802353138
-0.800580956001
-0.81102312253
-0.844100851865
0.826597719642
0.651323545406
0.0675337533951
-0.642730034294
0.444145703351
-0.623599878319
