4
0
3
2
1
136
-0.543087721694
0.569683340501
0.84902327686
0.662894171258
-0.668900041887
0.455686048085
0.0719049695082
0.457189470518
1.18159319195
0.816808975667
-0.440645668846
-0.495826742225
-0.136346676898
0.467277580505
0.717251314818
-0.0433643769474
0.944761463653
2.16771951251
-0.740387705656
0.212221312962
-0.216102813604
-0.460179939791
0.909867784597
-0.156550966869
0.0451494356744
-0.265788043854
0.795483650803
0.498132331866
0.212875864922
-0.384166566038
-0.566347073663
0.803193724862
0.769903040948
3.20540509894
0.687976356388
-0.0116148486323
-0.822547815143
-0.102343231514
-0.156189735391
0.978871358057
0.881306145746
0.603704028453
0.383086288694
1.0115978603
1.30758463827
-0.277446214214
0.155964379216
0.0109235030422
-0.85211417038
-0.00524622360268
0.540292809676
-0.747293380949
0.915711302965
0.85905564699
0.68402816393
0.336606160722
0.878360579484
0.365635327823
0.797339849807
-0.824041870556
-0.782807041318
-0.89900936269
-0.788586556821
0.0578504168152
-0.981171789622
0.0422020252169
-0.703112865516
0.107554994178
0.507509613591
-0.45398576364
-0.949741345872
0.0973537935237
0.342420946329
0.287546648641
-0.154451126893
-0.253776620699
-0.793491664283
0.777068069499
0.734707963193
-0.125149629685
0.186590569829
0.891781209102
1.16409941792
0.0659939853681
0.381760931468
0.451448479971
-0.178582639216
-0.508173322142
0.36321743987
0.44388154581
-0.234173502741
0.426737385141
0.117964643254
-0.983887148804
0.841287047882
-0.52980628501
-0.198774545637
0.737478568758
-0.867205485144
0.12639428045
0.0808843117435
0.985156261581
0.151527263433
-0.657817859552
0.484531465554
-0.767431722549
-0.483587214466
-0.56217808933
-0.243340408899
0.084727644032
-0.0471813295131
0.741038964509
0.181960319483
1.5224375637
0.109564822755
1.85896053336
-0.604135679346
-0.973883462789
-0.0910613820951
-0.855749218241
-0.512925503052
-0.139548851529
0.337566510852
1.27311372886
0.948311548011
-0.160436558204
0.0925802353138
-0.800580956001
-0.81102312253
-0.844100851865
0.826597719642
0.649649300833
0.0675337533951
-0.642944269453
0.444145703351
-0.623599878319
