4
0
3
2
1
136
-0.544118304341
0.526444895312
0.846990291248
0.622241033641
-0.668900041887
0.454655654983
0.0286721090215
0.455156607303
1.14094526224
0.816808975667
-0.440645668846
-0.495826742225
-0.136346676898
0.467277580505
0.548924908053
-0.0522085114169
0.935917515198
1.60849410272
-0.740387705656
0.212221312962
-0.216102813604
-0.460179939791
0.909867784597
-0.156550966869
0.0192197823626
-0.318194007124
0.795411977046
0.42417453961
0.138929404624
-0.458101697899
-0.566347073663
0.803193724862
0.769903040948
2.72084401964
0.687976356388
-0.0474030203892
-0.822547815143
-0.102343231514
-0.230113542334
0.904958872514
0.807404978086
0.603704028453
0.193546442476
0.957960223561
0.931719919151
-0.277446214214
0.155964379216
-0.178490168013
-0.905743556949
-0.380893713937
0.540292809676
-0.747293380949
0.915711302965
0.85905564699
0.68402816393
0.185904180498
0.878360579484
0.365635327823
-0.07094632087
-0.824041870556
-0.782807041318
-0.89900936269
-0.788586556821
0.0578504168152
-0.981171789622
-0.00941609017089
-0.771648270623
0.107554994178
0.507509613591
-0.45398576364
-0.949741345872
0.0973537935237
0.342420946329
0.287546648641
-0.154451126893
-0.486120159122
-0.857427333512
0.466991150039
0.734707963193
-0.125149629685
-0.0455954867643
0.82788101497
0.854221952155
0.0659939853681
0.381760931468
0.451448479971
-0.178582639216
-0.508173322142
0.124100376349
0.44388154581
-0.234173502741
-0.178576652835
0.117964643254
-0.983887148804
0.841287047882
-0.52980628501
-0.198774545637
0.737478568758
-0.882111584608
0.11493782683
0.0808843117435
0.985156261581
0.151527263433
-0.657817859552
0.484531465554
-0.767431722549
-0.483587214466
-0.597234960811
-0.43279859012
0.0756964528199
-0.294227263245
0.741038964509
0.146936908553
1.33313459461
0.100542133469
1.61210200564
-0.604135679346
-0.973883462789
-0.0910613820951
-0.855749218241
-0.512925503052
-0.366954341871
0.261754495872
1.19731514289
0.475081885387
-0.160436558204
0.0925802353138
-0.800580956001
-0.81102312253
-0.844100851865
0.826597719642
0.623167275129
0.0675337533951
-0.647659567125
0.444145703351
-0.623599878319
