4
0
3
2
1
136
-0.54316020151
0.566474801449
0.848866448209
0.659946270363
-0.668900041887
0.455613575033
0.0686966434976
0.457032646312
1.17864548167
0.816808975667
-0.440645668846
-0.495826742225
-0.136346676898
0.467277580505
0.704731525415
-0.0440124402542
0.944113407343
2.12308843546
-0.740387705656
0.212221312962
-0.216102813604
-0.460179939791
0.909867784597
-0.156550966869
0.0432394183034
-0.269882100161
0.795478776402
0.491857174544
0.206601334728
-0.390440469225
-0.566347073663
0.803193724862
0.769903040948
3.16708219007
0.687976356388
-0.0142012684321
-0.822547815143
-0.102343231514
-0.162463011694
0.972598708516
0.875034122845
0.603704028453
0.369518510398
1.00621254743
1.27953143903
-0.277446214214
0.155964379216
-0.00263765615411
-0.857498884655
-0.0332872759302
0.540292809676
-0.747293380949
0.915711302965
0.85905564699
0.68402816393
0.326251314064
0.878360579484
0.365635327823
0.71494974511
-0.824041870556
-0.782807041318
-0.89900936269
-0.788586556821
0.0578504168152
-0.981171789622
0.0388488115833
-0.710444671593
0.107554994178
0.507509613591
-0.45398576364
-0.949741345872
0.0973537935237
0.342420946329
0.287546648641
-0.154451126893
-0.271434090719
-0.798817579
0.753510679218
0.734707963193
-0.125149629685
0.168941751812
0.886457135321
1.14055305154
0.0659939853681
0.381760931468
0.451448479971
-0.178582639216
-0.508173322142
0.344342179894
0.44388154581
-0.234173502741
0.369124680908
0.117964643254
-0.983887148804
0.841287047882
-0.52980628501
-0.198774545637
0.737478568758
-0.868528575773
0.12551030651
0.0808843117435
0.985156261581
0.151527263433
-0.657817859552
0.484531465554
-0.767431722549
-0.483587214466
-0.564453175002
-0.256970641612
0.0841206549161
-0.0653606010172
0.741038964509
0.179686359389
1.50881310271
0.108958145138
1.84078855025
-0.604135679346
-0.973883462789
-0.0910613820951
-0.855749218241
-0.512925503052
-0.156463331211
0.332637102561
1.26818471386
0.904847645096
-0.160436558204
0.0925802353138
-0.800580956001
-0.81102312253
-0.844100851865
0.826597719642
0.647480898105
0.0675337533951
-0.643232917457
0.444145703351
-0.623599878319
