4
0
3
2
1
136
-0.54287476932
0.579268975831
0.849498134056
0.671639348629
-0.668900041887
0.455898984135
0.0814900823194
0.457664316936
1.1903379063
0.816808975667
-0.440645668846
-0.495826742225
-0.136346676898
0.467277580505
0.754650439026
-0.0414355976958
0.946690225815
2.30405528739
-0.740387705656
0.212221312962
-0.216102813604
-0.460179939791
0.909867784597
-0.156550966869
0.0508357866852
-0.253372086509
0.795497818103
0.517587878887
0.23232974188
-0.364714358859
-0.566347073663
0.803193724862
0.769903040948
3.32220031073
0.687976356388
-0.00395157673973
-0.822547815143
-0.102343231514
-0.13673919771
0.998320226523
0.900753345278
0.603704028453
0.421246887405
1.0290156947
1.38736187185
-0.277446214214
0.155964379216
0.0490689047474
-0.834697952846
0.0745023638772
0.540292809676
-0.747293380949
0.915711302965
0.85905564699
0.68402816393
0.365267414101
0.878360579484
0.365635327823
1.06061319128
-0.824041870556
-0.782807041318
-0.89900936269
-0.788586556821
0.0578504168152
-0.981171789622
0.05129672964
-0.678600943982
0.107554994178
0.507509613591
-0.45398576364
-0.949741345872
0.0973537935237
0.342420946329
0.287546648641
-0.154451126893
-0.202453870419
-0.77709644012
0.845192388943
0.734707963193
-0.125149629685
0.23789259399
0.908172113795
1.2321971588
0.0659939853681
0.381760931468
0.451448479971
-0.178582639216
-0.508173322142
0.419258265902
0.44388154581
-0.234173502741
0.613169265577
0.117964643254
-0.983887148804
0.841287047882
-0.52980628501
-0.198774545637
0.737478568758
-0.863172498102
0.128954150668
0.0808843117435
0.985156261581
0.151527263433
-0.657817859552
0.484531465554
-0.767431722549
-0.483587214466
-0.555706089321
-0.203259645309
0.0864620149891
0.00659997107571
0.741038964509
0.18842969955
1.56250455427
0.111298460408
1.912724234
-0.604135679346
-0.973883462789
-0.0910613820951
-0.855749218241
-0.512925503052
-0.0893271523308
0.351634840552
1.28718116719
1.08923338367
-0.160436558204
0.0925802353138
-0.800580956001
-0.81102312253
-0.844100851865
0.826597719642
0.656266153683
0.0675337533951
-0.642137773476
0.444145703351
-0.623599878319
