4
0
3
2
1
136
-0.542847143944
0.580530198162
0.849561336449
0.672783196499
-0.668900041887
0.455926607737
0.0827512469925
0.457727518152
1.19148170356
0.816808975667
-0.440645668846
-0.495826742225
-0.136346676898
0.467277580505
0.759569898488
-0.041182625877
0.946943195751
2.32232807715
-0.740387705656
0.212221312962
-0.216102813604
-0.460179939791
0.909867784597
-0.156550966869
0.0515815872565
-0.251718146718
0.795499638875
0.520225095974
0.234966761203
-0.362077537271
-0.566347073663
0.803193724862
0.769903040948
3.33782608557
0.687976356388
-0.00295033185689
-0.822547815143
-0.102343231514
-0.134102573827
1.00095665273
0.903389573838
0.603704028453
0.425985267492
1.03144828674
1.39734219273
-0.277446214214
0.155964379216
0.0538057464137
-0.832265553218
0.0844797123496
0.540292809676
-0.747293380949
0.915711302965
0.85905564699
0.68402816393
0.368774446786
0.878360579484
0.365635327823
1.09716193991
-0.824041870556
-0.782807041318
-0.89900936269
-0.788586556821
0.0578504168152
-0.981171789622
0.052390365807
-0.675072342675
0.107554994178
0.507509613591
-0.45398576364
-0.949741345872
0.0973537935237
0.342420946329
0.287546648641
-0.154451126893
-0.195882329649
-0.774877552359
0.853855015663
0.734707963193
-0.125149629685
0.244461939541
0.910390551514
1.24085695532
0.0659939853681
0.381760931468
0.451448479971
-0.178582639216
-0.508173322142
0.426577617535
0.44388154581
-0.234173502741
0.639409497619
0.117964643254
-0.983887148804
0.841287047882
-0.52980628501
-0.198774545637
0.737478568758
-0.86263753989
0.129279613169
0.0808843117435
0.985156261581
0.151527263433
-0.657817859552
0.484531465554
-0.767431722549
-0.483587214466
-0.554890939611
-0.198065283509
0.0866810468616
0.0136037590428
0.741038964509
0.189244575145
1.56769744133
0.111517414874
1.91972611683
-0.604135679346
-0.973883462789
-0.0910613820951
-0.855749218241
-0.512925503052
-0.0827670932904
0.353412468199
1.28895870376
1.10912120015
-0.160436558204
0.0925802353138
-0.800580956001
-0.81102312253
-0.844100851865
0.826597719642
0.657149757983
0.0675337533951
-0.642037767874
0.444145703351
-0.623599878319
