4
0
3
2
1
136
-0.542956027406
0.57558298298
0.849314395764
0.66828739115
-0.668900041887
0.455817731701
0.077804271913
0.457480582386
1.18698610966
0.816808975667
-0.440645668846
-0.495826742225
-0.136346676898
0.467277580505
0.740270856561
-0.0421759893267
0.945949840137
2.25109795091
-0.740387705656
0.212221312962
-0.216102813604
-0.460179939791
0.909867784597
-0.156550966869
0.0486528900606
-0.258178893415
0.795492439549
0.509982661873
0.224725131674
-0.372318362353
-0.566347073663
0.803193724862
0.769903040948
3.2768786056
0.687976356388
-0.00688712251397
-0.822547815143
-0.102343231514
-0.144342594587
0.990717436168
0.893151161351
0.603704028453
0.40701535672
1.02208902813
1.35747489775
-0.277446214214
0.155964379216
0.0348424518425
-0.841624029634
0.0446250967246
0.540292809676
-0.747293380949
0.915711302965
0.85905564699
0.68402816393
0.354662848685
0.878360579484
0.365635327823
0.956336999159
-0.824041870556
-0.782807041318
-0.89900936269
-0.788586556821
0.0578504168152
-0.981171789622
0.0479641591155
-0.688502409063
0.107554994178
0.507509613591
-0.45398576364
-0.949741345872
0.0973537935237
0.342420946329
0.287546648641
-0.154451126893
-0.221910535309
-0.783494132827
0.819450052756
0.734707963193
-0.125149629685
0.218443025631
0.901775885429
1.20646395208
0.0659939853681
0.381760931468
0.451448479971
-0.178582639216
-0.508173322142
0.397788357955
0.44388154581
-0.234173502741
0.538827520178
0.117964643254
-0.983887148804
0.841287047882
-0.52980628501
-0.198774545637
0.737478568758
-0.864732779066
0.12798667319
0.0808843117435
0.985156261581
0.151527263433
-0.657817859552
0.484531465554
-0.767431722549
-0.483587214466
-0.558137006489
-0.218550636958
0.0858094820723
-0.0139732755234
0.741038964509
0.185999671157
1.54721829588
0.110646177569
1.8921570729
-0.604135679346
-0.973883462789
-0.0910613820951
-0.855749218241
-0.512925503052
-0.108570725441
0.346341775462
1.28188840041
1.0329678499
-0.160436558204
0.0925802353138
-0.800580956001
-0.81102312253
-0.844100851865
0.826597719642
0.65369962727
0.0675337533951
-0.642438118468
0.444145703351
-0.623599878319
