4
0
3
2
1
136
-0.543380020082
0.556906060114
0.848404790582
0.65109170616
-0.668900041887
0.455393781536
0.0591286780638
0.456571005076
1.16979161938
0.816808975667
-0.440645668846
-0.495826742225
-0.136346676898
0.467277580505
0.667402338844
-0.0459526477208
0.942173225441
1.99297512574
-0.740387705656
0.212221312962
-0.216102813604
-0.460179939791
0.909867784597
-0.156550966869
0.0375258077258
-0.281903041356
0.795463833947
0.473870792844
0.188617032729
-0.408422691993
-0.566347073663
0.803193724862
0.769903040948
3.05506923366
0.687976356388
-0.0219792235298
-0.822547815143
-0.102343231514
-0.1804431557
0.954620642803
0.857058134955
0.603704028453
0.327193547345
0.991529201438
1.19323787734
-0.277446214214
0.155964379216
-0.044938165332
-0.872180317311
-0.119537184092
0.540292809676
-0.747293380949
0.915711302965
0.85905564699
0.68402816393
0.293460477308
0.878360579484
0.365635327823
0.486247336212
-0.824041870556
-0.782807041318
-0.89900936269
-0.788586556821
0.0578504168152
-0.981171789622
0.0280070265103
-0.72990400334
0.107554994178
0.507509613591
-0.45398576364
-0.949741345872
0.0973537935237
0.342420946329
0.287546648641
-0.154451126893
-0.324997294815
-0.814274867793
0.681942501771
0.734707963193
-0.125149629685
0.115409456345
0.871006580366
1.06902401222
0.0659939853681
0.381760931468
0.451448479971
-0.178582639216
-0.508173322142
0.288085370808
0.44388154581
-0.234173502741
0.210223232235
0.117964643254
-0.983887148804
0.841287047882
-0.52980628501
-0.198774545637
0.737478568758
-0.872330957283
0.122834688312
0.0808843117435
0.985156261581
0.151527263433
-0.657817859552
0.484531465554
-0.767431722549
-0.483587214466
-0.571559042958
-0.298157011086
0.0822377108884
-0.119931318139
0.741038964509
0.172584790471
1.46764819256
0.107076372225
1.78624458803
-0.604135679346
-0.973883462789
-0.0910613820951
-0.855749218241
-0.512925503052
-0.207051742479
0.317276966838
1.25282612854
0.784784641629
-0.160436558204
0.0925802353138
-0.800580956001
-0.81102312253
-0.844100851865
0.826597719642
0.641181915889
0.0675337533951
-0.644151030016
0.444145703351
-0.623599878319
