4
0
3
2
1
136
0.460006468982
-0.747962606942
0.125594812047
-0.442232336317
0.731620888425
-0.983164715398
0.756262267121
-0.843972953774
1.00341349573
-0.206148253119
-0.844611633722
0.753104955419
0.31177309864
-0.989008969419
0.471585222853
0.40460398831
-0.89954930773
1.11026592165
0.442683614171
0.633676384472
0.541671472831
-0.217106278727
0.402610617009
0.0794071756768
0.730915560192
-0.834941249092
-0.975858738717
0.566385786638
0.0323084351979
-0.924684070646
-0.37141279685
-0.666631896108
-0.291384701993
1.58296512925
-0.923177382774
0.945162857194
0.13952757069
-0.200406291451
0.880466490491
-0.113842068056
0.724556035808
-0.407551581222
0.213704842589
-0.956629483786
0.701624544774
0.708281213852
-0.207320968033
-0.951753772456
0.0850986904187
-0.788455875359
0.395567061295
-0.372358144143
0.644246950645
-0.560741409989
0.887613233366
0.0821924277523
0.0249241149426
0.270352889772
1.03898025936
0.770552295307
-0.113329695897
0.593746283323
-0.0692156549379
0.308223783161
-0.925003413907
-0.537203890044
0.23404403578
-0.800810246359
-0.413623846621
-0.345642427457
-0.384551154654
-0.366611219086
0.906863550535
0.723528304794
0.134136593497
0.731268292185
0.906436760723
-0.755777435341
-0.0284945552565
-0.128632744751
0.149431805927
0.60455332981
0.821426938558
0.167821372003
0.415753662098
0.72020036289
0.964567217668
-0.723619704565
0.0494768042926
0.488099227411
-0.0245252243888
0.583727413831
-0.55109349169
-0.3233259529
0.698084332482
-0.865970557334
0.840419622854
0.916167658693
-0.0384332443947
-0.42018442608
-0.402689060303
-0.57105922015
0.641896697221
-0.960390287718
0.109943654647
-0.685791212527
0.243679258584
-0.265142783975
-0.271347996509
0.506024526467
0.838727597343
0.0220383348954
0.966805059683
-0.142294749772
-0.0253168450171
-0.0685049555134
-0.357171856114
-0.306852882494
-0.240947122158
-0.309623945315
0.658174301327
0.846704199338
-0.893816824341
-0.11824034461
0.0761704036166
-0.371845374049
0.632881688671
-0.692969295025
0.58635664661
0.534357715074
0.0948878780752
0.703744747779
-0.46616594752
0.405919832915
-0.199854509962
0.977326749477
