4
0
3
2
1
136
-0.542835324278
0.5810710838
0.849588493884
0.673273266835
-0.668900041887
0.455938426666
0.0832921086053
0.457754675097
1.19197175285
0.816808975667
-0.440645668846
-0.495826742225
-0.136346676898
0.467277580505
0.761679510574
-0.0410741935517
0.947051627294
2.33018835052
-0.740387705656
0.212221312962
-0.216102813604
-0.460179939791
0.909867784597
-0.156550966869
0.0519012520851
-0.251007409557
0.795500416689
0.521361503955
0.236103085888
-0.360941295871
-0.566347073663
0.803193724862
0.769903040948
3.34454584082
0.687976356388
-0.00252143768749
-0.822547815143
-0.102343231514
-0.1329664157
1.0020927276
0.904525565454
0.603704028453
0.427996709364
1.03250098136
1.40158275624
-0.277446214214
0.155964379216
0.0558165577823
-0.831212939642
0.0887190530823
0.540292809676
-0.747293380949
0.915711302965
0.85905564699
0.68402816393
0.370259475727
0.878360579484
0.365635327823
1.11297134642
-0.824041870556
-0.782807041318
-0.89900936269
-0.788586556821
0.0578504168152
-0.981171789622
0.0528521844159
-0.673536819086
0.107554994178
0.507509613591
-0.45398576364
-0.949741345872
0.0973537935237
0.342420946329
0.287546648641
-0.154451126893
-0.193077811667
-0.773921042111
0.857546284625
0.734707963193
-0.125149629685
0.247265550845
0.911346876261
1.24454705454
0.0659939853681
0.381760931468
0.451448479971
-0.178582639216
-0.508173322142
0.429712148225
0.44388154581
-0.234173502741
0.650791679789
0.117964643254
-0.983887148804
0.841287047882
-0.52980628501
-0.198774545637
0.737478568758
-0.862408077808
0.129418269035
0.0808843117435
0.985156261581
0.151527263433
-0.657817859552
0.484531465554
-0.767431722549
-0.483587214466
-0.554543956936
-0.195843766508
0.0867743095589
0.0166014169387
0.741038964509
0.189591444653
1.56991834726
0.111610645577
1.92272298396
-0.604135679346
-0.973883462789
-0.0910613820951
-0.855749218241
-0.512925503052
-0.0799579795038
0.354169585862
1.28971578396
1.11775275946
-0.160436558204
0.0925802353138
-0.800580956001
-0.81102312253
-0.844100851865
0.826597719642
0.657529468298
0.0675337533951
-0.641995307652
0.444145703351
-0.623599878319
