4
0
3
2
1
136
-0.54303909877
0.571850981096
0.849129820933
0.664879810842
-0.668900041887
0.455734666837
0.0740724777759
0.457296011844
1.18357871361
0.816808975667
-0.440645668846
-0.495826742225
-0.136346676898
0.467277580505
0.72570947354
-0.0429272579189
0.945198578343
2.19815652988
-0.740387705656
0.212221312962
-0.216102813604
-0.460179939791
0.909867784597
-0.156550966869
0.0464379962462
-0.263004465406
0.795486905962
0.502439757647
0.217182886649
-0.379859948289
-0.566347073663
0.803193724862
0.769903040948
3.23151374138
0.687976356388
-0.00987359163505
-0.822547815143
-0.102343231514
-0.151883521547
0.98317716807
0.885611552002
0.603704028453
0.392037514846
1.0153650313
1.32618865362
-0.277446214214
0.155964379216
0.0198707101896
-0.848347388287
0.0133503280045
0.540292809676
-0.747293380949
0.915711302965
0.85905564699
0.68402816393
0.343392438367
0.878360579484
0.365635327823
0.854627558328
-0.824041870556
-0.782807041318
-0.89900936269
-0.788586556821
0.0578504168152
-0.981171789622
0.044380449478
-0.697917760719
0.107554994178
0.507509613591
-0.45398576364
-0.949741345872
0.0973537935237
0.342420946329
0.287546648641
-0.154451126893
-0.24197139161
-0.789850579824
0.792793554062
0.734707963193
-0.125149629685
0.198390453355
0.895421167068
1.17981807176
0.0659939853681
0.381760931468
0.451448479971
-0.178582639216
-0.508173322142
0.37594449006
0.44388154581
-0.234173502741
0.466970618682
0.117964643254
-0.983887148804
0.841287047882
-0.52980628501
-0.198774545637
0.737478568758
-0.866301934482
0.12698491723
0.0808843117435
0.985156261581
0.151527263433
-0.657817859552
0.484531465554
-0.767431722549
-0.483587214466
-0.560671872409
-0.234189467851
0.0851303760779
-0.0349442577629
0.741038964509
0.183465852382
1.5315849585
0.109967364473
1.87119310351
-0.604135679346
-0.973883462789
-0.0910613820951
-0.855749218241
-0.512925503052
-0.128145589353
0.340834126422
1.27638110831
0.978678199359
-0.160436558204
0.0925802353138
-0.800580956001
-0.81102312253
-0.844100851865
0.826597719642
0.651128462421
0.0675337533951
-0.642754623974
0.444145703351
-0.623599878319
