4
0
3
2
1
136
-0.543313558318
0.559773797061
0.848542216205
0.653755436455
-0.668900041887
0.455460234934
0.0619961582764
0.456708425243
1.17245511627
0.816808975667
-0.440645668846
-0.495826742225
-0.136346676898
0.467277580505
0.678587630892
-0.0453699764677
0.942755888219
2.03150021801
-0.740387705656
0.212221312962
-0.216102813604
-0.460179939791
0.909867784597
-0.156550966869
0.0392407247904
-0.278330357138
0.795468376774
0.479145480077
0.193891063554
-0.403149317418
-0.566347073663
0.803193724862
0.769903040948
3.08828289856
0.687976356388
-0.0196379684901
-0.822547815143
-0.102343231514
-0.175170437217
0.959892705354
0.862329541732
0.603704028453
0.340119599517
0.995712302592
1.2193912102
-0.277446214214
0.155964379216
-0.0320201487725
-0.867997805097
-0.0933980158898
0.540292809676
-0.747293380949
0.915711302965
0.85905564699
0.68402816393
0.303549328085
0.878360579484
0.365635327823
0.552118608137
-0.824041870556
-0.782807041318
-0.89900936269
-0.788586556821
0.0578504168152
-0.981171789622
0.0313775814738
-0.724436616245
0.107554994178
0.507509613591
-0.45398576364
-0.949741345872
0.0973537935237
0.342420946329
0.287546648641
-0.154451126893
-0.308852475813
-0.809709354551
0.70351850793
0.734707963193
-0.125149629685
0.131544252552
0.875569885635
1.09058735999
0.0659939853681
0.381760931468
0.451448479971
-0.178582639216
-0.508173322142
0.304901911021
0.44388154581
-0.234173502741
0.255889826581
0.117964643254
-0.983887148804
0.841287047882
-0.52980628501
-0.198774545637
0.737478568758
-0.871218105685
0.123639390595
0.0808843117435
0.985156261581
0.151527263433
-0.657817859552
0.484531465554
-0.767431722549
-0.483587214466
-0.569379247686
-0.285735611609
0.0828129695892
-0.103531969979
0.741038964509
0.174763133555
1.48006243408
0.107651238554
1.80263506533
-0.604135679346
-0.973883462789
-0.0910613820951
-0.855749218241
-0.512925503052
-0.191878084552
0.321984302388
1.25753293236
0.819361173854
-0.160436558204
0.0925802353138
-0.800580956001
-0.81102312253
-0.844100851865
0.826597719642
0.643041591353
0.0675337533951
-0.643866767767
0.444145703351
-0.623599878319
