4
0
3
2
1
136
-0.543364520464
0.557572908484
0.848436676853
0.651711889843
-0.668900041887
0.455409279137
0.0597954647323
0.456602890033
1.17041174687
0.816808975667
-0.440645668846
-0.495826742225
-0.136346676898
0.467277580505
0.670003074527
-0.0458170642004
0.942308806923
2.00189768672
-0.740387705656
0.212221312962
-0.216102813604
-0.460179939791
0.909867784597
-0.156550966869
0.0379247678161
-0.281074580066
0.795464895304
0.475088406155
0.18983449087
-0.407205388984
-0.566347073663
0.803193724862
0.769903040948
3.06276543062
0.687976356388
-0.0214340156005
-0.822547815143
-0.102343231514
-0.179226007784
0.955837635664
0.858274972799
0.603704028453
0.330213489875
0.992485330836
1.1993322964
-0.277446214214
0.155964379216
-0.0419201406663
-0.871224325661
-0.113446132018
0.540292809676
-0.747293380949
0.915711302965
0.85905564699
0.68402816393
0.295823172195
0.878360579484
0.365635327823
0.501360591855
-0.824041870556
-0.782807041318
-0.89900936269
-0.788586556821
0.0578504168152
-0.981171789622
0.0287990395613
-0.72865955993
0.107554994178
0.507509613591
-0.45398576364
-0.949741345872
0.0973537935237
0.342420946329
0.287546648641
-0.154451126893
-0.321240076791
-0.813218543982
0.68696333502
0.734707963193
-0.125149629685
0.119164290857
0.872062377193
1.07404183736
0.0659939853681
0.381760931468
0.451448479971
-0.178582639216
-0.508173322142
0.291989329318
0.44388154581
-0.234173502741
0.220697032607
0.117964643254
-0.983887148804
0.841287047882
-0.52980628501
-0.198774545637
0.737478568758
-0.872074491045
0.123021776446
0.0808843117435
0.985156261581
0.151527263433
-0.657817859552
0.484531465554
-0.767431722549
-0.483587214466
-0.571048354548
-0.295263089899
0.0823722775008
-0.116115237419
0.741038964509
0.173095127545
1.47054038955
0.107210844203
1.79005853636
-0.604135679346
-0.973883462789
-0.0910613820951
-0.855749218241
-0.512925503052
-0.203523064179
0.318379546436
1.25392857879
0.792723761947
-0.160436558204
0.0925802353138
-0.800580956001
-0.81102312253
-0.844100851865
0.826597719642
0.641612099941
0.0675337533951
-0.644084227458
0.444145703351
-0.623599878319
