4
0
3
2
1
136
-0.546702567948
0.436900854431
0.843160372619
0.530291072083
-0.668900041887
0.452074583083
-0.0607974730386
0.451328689754
1.04907589717
0.816808975667
-0.440645668846
-0.495826742225
-0.136346676898
0.467277580505
0.213516416217
-0.0715000243216
0.916628649741
0.726618257767
-0.740387705656
0.212221312962
-0.216102813604
-0.460179939791
0.909867784597
-0.156550966869
-0.0333518201914
-0.404722538445
0.795213378364
0.340286693455
0.0550718182169
-0.541929044129
-0.566347073663
0.803193724862
0.769903040948
1.92728822426
0.687976356388
-0.128587933225
-0.822547815143
-0.102343231514
-0.313910667945
0.821191947984
0.723668235113
0.603704028453
0.0257583590292
0.926258651365
0.613509358445
-0.277446214214
0.155964379216
-0.34619857466
-0.937440360628
-0.698965328348
0.540292809676
-0.747293380949
0.915711302965
0.85905564699
0.68402816393
0.0446833733699
0.878360579484
0.365635327823
-0.640501601256
-0.824041870556
-0.782807041318
-0.89900936269
-0.788586556821
0.0578504168152
-0.981171789622
-0.0603754549685
-0.807674156718
0.107554994178
0.507509613591
-0.45398576364
-0.949741345872
0.0973537935237
0.342420946329
0.287546648641
-0.154451126893
-0.687875290098
-0.908908551511
0.195067631232
0.734707963193
-0.125149629685
-0.247239637696
0.776424562376
0.582449451307
0.0659939853681
0.381760931468
0.451448479971
-0.178582639216
-0.508173322142
-0.0792710483981
0.44388154581
-0.234173502741
-0.592967689124
0.117964643254
-0.983887148804
0.841287047882
-0.52980628501
-0.198774545637
0.737478568758
-0.892483468518
0.105196872035
0.0808843117435
0.985156261581
0.151527263433
-0.657817859552
0.484531465554
-0.767431722549
-0.483587214466
-0.67490005497
-0.766870007853
0.0598829939507
-0.702593736381
0.741038964509
0.069470192256
0.999852235172
0.084762339041
1.20462614629
-0.604135679346
-0.973883462789
-0.0910613820951
-0.855749218241
-0.512925503052
-0.737034974286
0.0814947688462
1.01718479487
-0.0562471242832
-0.160436558204
0.0925802353138
-0.800580956001
-0.81102312253
-0.844100851865
0.826597719642
0.591365081603
0.0675337533951
-0.659351511328
0.444145703351
-0.623599878319
