4
0
3
2
1
136
-0.544053679945
0.529013345403
0.847106593535
0.624714548882
-0.668900041887
0.454720259562
0.0312399999971
0.455272896917
1.1434182417
0.816808975667
-0.440645668846
-0.495826742225
-0.136346676898
0.467277580505
0.558878446277
-0.0516760898207
0.936449917983
1.6391760313
-0.740387705656
0.212221312962
-0.216102813604
-0.460179939791
0.909867784597
-0.156550966869
0.0207669196793
-0.315255313543
0.795416614748
0.427911569064
0.142665602456
-0.45436633134
-0.566347073663
0.803193724862
0.769903040948
2.74772793475
0.687976356388
-0.0452192951271
-0.822547815143
-0.102343231514
-0.226379006701
0.908692577569
0.811137852911
0.603704028453
0.203644342717
0.960088731029
0.951048159011
-0.277446214214
0.155964379216
-0.16839922842
-0.903615436262
-0.361577166982
0.540292809676
-0.747293380949
0.915711302965
0.85905564699
0.68402816393
0.194212942468
0.878360579484
0.365635327823
-0.033967369414
-0.824041870556
-0.782807041318
-0.89900936269
-0.788586556821
0.0578504168152
-0.981171789622
-0.00645323827539
-0.76911505768
0.107554994178
0.507509613591
-0.45398576364
-0.949741345872
0.0973537935237
0.342420946329
0.287546648641
-0.154451126893
-0.474108024362
-0.854301919141
0.483016809874
0.734707963193
-0.125149629685
-0.0335922516238
0.831004378728
0.870236183682
0.0659939853681
0.381760931468
0.451448479971
-0.178582639216
-0.508173322142
0.136193174378
0.44388154581
-0.234173502741
-0.152403769813
0.117964643254
-0.983887148804
0.841287047882
-0.52980628501
-0.198774545637
0.737478568758
-0.881448902207
0.115519073733
0.0808843117435
0.985156261581
0.151527263433
-0.657817859552
0.484531465554
-0.767431722549
-0.483587214466
-0.594904810345
-0.421343869975
0.076267979282
-0.279650851389
0.741038964509
0.149263577903
1.34457415879
0.101112840233
1.62666061134
-0.604135679346
-0.973883462789
-0.0910613820951
-0.855749218241
-0.512925503052
-0.353664311844
0.266820466551
1.20237957838
0.497857351089
-0.160436558204
0.0925802353138
-0.800580956001
-0.81102312253
-0.844100851865
0.826597719642
0.624554170037
0.0675337533951
-0.647329916749
0.444145703351
-0.623599878319
