4
0
3
2
1
136
-0.544078936713
0.528007382537
0.847060982121
0.623746700627
-0.668900041887
0.454695010371
0.0302342513729
0.455227290351
1.14245059845
0.816808975667
-0.440645668846
-0.495826742225
-0.136346676898
0.467277580505
0.554978946595
-0.0518845053272
0.936241509681
1.62712124898
-0.740387705656
0.212221312962
-0.216102813604
-0.460179939791
0.909867784597
-0.156550966869
0.0201609812963
-0.316409040938
0.795414804395
0.426437942353
0.141192299541
-0.455839310593
-0.566347073663
0.803193724862
0.769903040948
2.73717032246
0.687976356388
-0.0460736797264
-0.822547815143
-0.102343231514
-0.227851662426
0.907220245239
0.809665843841
0.603704028453
0.199648865552
0.959241421192
0.943394911598
-0.277446214214
0.155964379216
-0.172391930297
-0.904462591814
-0.369225754407
0.540292809676
-0.747293380949
0.915711302965
0.85905564699
0.68402816393
0.190928522796
0.878360579484
0.365635327823
-0.0486621828532
-0.824041870556
-0.782807041318
-0.89900936269
-0.788586556821
0.0578504168152
-0.981171789622
-0.00762347886576
-0.770125327483
0.107554994178
0.507509613591
-0.45398576364
-0.949741345872
0.0973537935237
0.342420946329
0.287546648641
-0.154451126893
-0.478861031413
-0.855539713559
0.476676606983
0.734707963193
-0.125149629685
-0.0383417202857
0.829767399907
0.863900518538
0.0659939853681
0.381760931468
0.451448479971
-0.178582639216
-0.508173322142
0.131407251132
0.44388154581
-0.234173502741
-0.16279498929
0.117964643254
-0.983887148804
0.841287047882
-0.52980628501
-0.198774545637
0.737478568758
-0.881712075469
0.115288988169
0.0808843117435
0.985156261581
0.151527263433
-0.657817859552
0.484531465554
-0.767431722549
-0.483587214466
-0.595814232121
-0.425830238714
0.0760443094961
-0.285365420285
0.741038964509
0.148355490611
1.34009361849
0.100889486262
1.6209528982
-0.604135679346
-0.973883462789
-0.0910613820951
-0.855749218241
-0.512925503052
-0.358876044986
0.264844405743
1.20040410278
0.488875638576
-0.160436558204
0.0925802353138
-0.800580956001
-0.81102312253
-0.844100851865
0.826597719642
0.624007940232
0.0675337533951
-0.647458331163
0.444145703351
-0.623599878319
