4
0
3
2
1
136
-0.542811568698
0.582160477644
0.849643287725
0.67425944503
-0.668900041887
0.455962180801
0.0843814553299
0.457809467978
1.19295788978
0.816808975667
-0.440645668846
-0.495826742225
-0.136346676898
0.467277580505
0.765928191337
-0.0408559038523
0.947269915455
2.34606310226
-0.740387705656
0.212221312962
-0.216102813604
-0.460179939791
0.909867784597
-0.156550966869
0.0525447587218
-0.249573318296
0.795501977765
0.523660157013
0.238401573914
-0.358642972854
-0.566347073663
0.803193724862
0.769903040948
3.35811382527
0.687976356388
-0.00165851060247
-0.822547815143
-0.102343231514
-0.130668257668
1.00439072067
0.906823393586
0.603704028453
0.432010238788
1.03463810705
1.41005061728
-0.277446214214
0.155964379216
0.0598288688221
-0.829075974517
0.0971845434208
0.540292809676
-0.747293380949
0.915711302965
0.85905564699
0.68402816393
0.373215915077
0.878360579484
0.365635327823
1.14505846053
-0.824041870556
-0.782807041318
-0.89900936269
-0.788586556821
0.0578504168152
-0.981171789622
0.0537693270348
-0.670403349113
0.107554994178
0.507509613591
-0.45398576364
-0.949741345872
0.0973537935237
0.342420946329
0.287546648641
-0.154451126893
-0.187454538921
-0.771985314766
0.864936627168
0.734707963193
-0.125149629685
0.252887059141
0.913282243202
1.25193511943
0.0659939853681
0.381760931468
0.451448479971
-0.178582639216
-0.508173322142
0.43601712507
0.44388154581
-0.234173502741
0.673954471395
0.117964643254
-0.983887148804
0.841287047882
-0.52980628501
-0.198774545637
0.737478568758
-0.861945967706
0.129695811512
0.0808843117435
0.985156261581
0.151527263433
-0.657817859552
0.484531465554
-0.767431722549
-0.483587214466
-0.553849843824
-0.191380826495
0.0869609194967
0.0226276989644
0.741038964509
0.190285337562
1.57438009434
0.111797193193
1.92874771988
-0.604135679346
-0.973883462789
-0.0910613820951
-0.855749218241
-0.512925503052
-0.0743082549397
0.355684953584
1.29123107901
1.13532738261
-0.160436558204
0.0925802353138
-0.800580956001
-0.81102312253
-0.844100851865
0.826597719642
0.658295563781
0.0675337533951
-0.641910565268
0.444145703351
-0.623599878319
