4
0
3
2
1
136
-0.545980944742
0.459524028306
0.844100741371
0.554705882653
-0.668900041887
0.45279463131
-0.0382088012386
0.452268073739
1.0734517871
0.816808975667
-0.440645668846
-0.495826742225
-0.136346676898
0.467277580505
0.29522751368
-0.0664689679912
0.921658452736
0.916956273201
-0.740387705656
0.212221312962
-0.216102813604
-0.460179939791
0.909867784597
-0.156550966869
-0.0205507120517
-0.385957932076
0.795271174258
0.354184177217
0.0689625197281
-0.528045119664
-0.566347073663
0.803193724862
0.769903040948
2.10213613423
0.687976356388
-0.107096615141
-0.822547815143
-0.102343231514
-0.300033515325
0.835062333954
0.737531859625
0.603704028453
0.0447247885357
0.929657401133
0.649452843586
-0.277446214214
0.155964379216
-0.327237647787
-0.934041995844
-0.663032099079
0.540292809676
-0.747293380949
0.915711302965
0.85905564699
0.68402816393
0.0608880676159
0.878360579484
0.365635327823
-0.578360144668
-0.824041870556
-0.782807041318
-0.89900936269
-0.788586556821
0.0578504168152
-0.981171789622
-0.0545108064206
-0.803947616744
0.107554994178
0.507509613591
-0.45398576364
-0.949741345872
0.0973537935237
0.342420946329
0.287546648641
-0.154451126893
-0.664771157623
-0.903087321398
0.226585170999
0.734707963193
-0.125149629685
-0.224143929174
0.782244011348
0.613954513141
0.0659939853681
0.381760931468
0.451448479971
-0.178582639216
-0.508173322142
-0.0558648085984
0.44388154581
-0.234173502741
-0.546731393578
0.117964643254
-0.983887148804
0.841287047882
-0.52980628501
-0.198774545637
0.737478568758
-0.891337205939
0.106317024274
0.0808843117435
0.985156261581
0.151527263433
-0.657817859552
0.484531465554
-0.767431722549
-0.483587214466
-0.659163780466
-0.703313002178
0.0626332082374
-0.626766365113
0.741038964509
0.0851630274574
1.06323352405
0.0875064871973
1.28025754314
-0.604135679346
-0.973883462789
-0.0910613820951
-0.855749218241
-0.512925503052
-0.668375744756
0.120521724678
1.05617565762
0.0332232305242
-0.160436558204
0.0925802353138
-0.800580956001
-0.81102312253
-0.844100851865
0.826597719642
0.596457637624
0.0675337533951
-0.656922980379
0.444145703351
-0.623599878319
