4
0
3
2
1
136
-0.544140993803
0.525547390456
0.846949769713
0.621374850643
-0.668900041887
0.45463297282
0.0277748091097
0.455116090432
1.14007927625
0.816808975667
-0.440645668846
-0.495826742225
-0.136346676898
0.467277580505
0.545448993236
-0.0523947834673
0.93573125005
1.59784763642
-0.740387705656
0.212221312962
-0.216102813604
-0.460179939791
0.909867784597
-0.156550966869
0.0186791400999
-0.319215420474
0.795410344445
0.422888423318
0.137643582645
-0.459387225691
-0.566347073663
0.803193724862
0.769903040948
2.71150566254
0.687976356388
-0.0481678663663
-0.822547815143
-0.102343231514
-0.231398776066
0.903673932717
0.806120332097
0.603704028453
0.190099456407
0.957243133368
0.925132342274
-0.277446214214
0.155964379216
-0.181934820325
-0.906460517527
-0.387477365851
0.540292809676
-0.747293380949
0.915711302965
0.85905564699
0.68402816393
0.183061971802
0.878360579484
0.365635327823
-0.0834521536014
-0.824041870556
-0.782807041318
-0.89900936269
-0.788586556821
0.0578504168152
-0.981171789622
-0.0104313876463
-0.772498221422
0.107554994178
0.507509613591
-0.45398576364
-0.949741345872
0.0973537935237
0.342420946329
0.287546648641
-0.154451126893
-0.490220683446
-0.858492150228
0.461518688273
0.734707963193
-0.125149629685
-0.0496930079157
0.826816889574
0.848753358716
0.0659939853681
0.381760931468
0.451448479971
-0.178582639216
-0.508173322142
0.119974057841
0.44388154581
-0.234173502741
-0.187446144205
0.117964643254
-0.983887148804
0.841287047882
-0.52980628501
-0.198774545637
0.737478568758
-0.88233600564
0.114739583304
0.0808843117435
0.985156261581
0.151527263433
-0.657817859552
0.484531465554
-0.767431722549
-0.483587214466
-0.598055440837
-0.436800800123
0.0754964479291
-0.299309208476
0.741038964509
0.146117702806
1.32913789469
0.100342425317
1.60702651742
-0.604135679346
-0.973883462789
-0.0910613820951
-0.855749218241
-0.512925503052
-0.371584939316
0.259968392892
1.1955296088
0.467243459713
-0.160436558204
0.0925802353138
-0.800580956001
-0.81102312253
-0.844100851865
0.826597719642
0.622688673183
0.0675337533951
-0.647776123057
0.444145703351
-0.623599878319
