4
0
3
2
1
136
-0.547019741135
0.427476375018
0.842769549833
0.519839086502
-0.668900041887
0.451758362618
-0.0702021869142
0.450938463605
1.03864699882
0.816808975667
-0.440645668846
-0.495826742225
-0.136346676898
0.467277580505
0.180341883834
-0.0736357576084
0.914493649717
0.653084206603
-0.740387705656
0.212221312962
-0.216102813604
-0.460179939791
0.909867784597
-0.156550966869
-0.0385178223258
-0.411898837819
0.795187473145
0.335535657406
0.0503232667685
-0.546675112908
-0.566347073663
0.803193724862
0.769903040948
1.85926347091
0.687976356388
-0.137751903707
-0.822547815143
-0.102343231514
-0.318654255983
0.816450838759
0.718929602775
0.603704028453
0.0199983970555
0.925229984391
0.602586273193
-0.277446214214
0.155964379216
-0.351957013493
-0.938468917621
-0.709885538447
0.540292809676
-0.747293380949
0.915711302965
0.85905564699
0.68402816393
0.039752926351
0.878360579484
0.365635327823
-0.659331515871
-0.824041870556
-0.782807041318
-0.89900936269
-0.788586556821
0.0578504168152
-0.981171789622
-0.0621593433462
-0.80879671981
0.107554994178
0.507509613591
-0.45398576364
-0.949741345872
0.0973537935237
0.342420946329
0.287546648641
-0.154451126893
-0.694906886638
-0.910677365447
0.185452187009
0.734707963193
-0.125149629685
-0.254268874892
0.774656242397
0.572837560535
0.0659939853681
0.381760931468
0.451448479971
-0.178582639216
-0.508173322142
-0.0864035277411
0.44388154581
-0.234173502741
-0.607021465132
0.117964643254
-0.983887148804
0.841287047882
-0.52980628501
-0.198774545637
0.737478568758
-0.892831450242
0.104855494444
0.0808843117435
0.985156261581
0.151527263433
-0.657817859552
0.484531465554
-0.767431722549
-0.483587214466
-0.680227339501
-0.788345767203
0.0589842083908
-0.728116127798
0.741038964509
0.0641561097543
0.978432279328
0.0838653529629
1.17916607769
-0.604135679346
-0.973883462789
-0.0910613820951
-0.855749218241
-0.512925503052
-0.760153838231
0.067912227598
1.00361442943
-0.0859501106282
-0.160436558204
0.0925802353138
-0.800580956001
-0.81102312253
-0.844100851865
0.826597719642
0.589702430015
0.0675337533951
-0.660176527594
0.444145703351
-0.623599878319
