4
0
3
2
1
136
-0.543536695616
0.550230649234
0.848087887109
0.644857288476
-0.668900041887
0.455237128807
0.0524539579025
0.456254116425
1.16355783489
0.816808975667
-0.440645668846
-0.495826742225
-0.136346676898
0.467277580505
0.641378140733
-0.047313010762
0.940812885266
1.90485379419
-0.740387705656
0.212221312962
-0.216102813604
-0.460179939791
0.909867784597
-0.156550966869
0.0335264623626
-0.290118221265
0.795453040517
0.461983265999
0.176731143252
-0.42030694454
-0.566347073663
0.803193724862
0.769903040948
2.97893032214
0.687976356388
-0.0274633512808
-0.822547815143
-0.102343231514
-0.192325771752
0.942739662809
0.845178790584
0.603704028453
0.296672399908
0.982507266052
1.13217417894
-0.277446214214
0.155964379216
-0.0754387498814
-0.881200863414
-0.180565231645
0.540292809676
-0.747293380949
0.915711302965
0.85905564699
0.68402816393
0.269397893494
0.878360579484
0.365635327823
0.341796459153
-0.824041870556
-0.782807041318
-0.89900936269
-0.788586556821
0.0578504168152
-0.981171789622
0.0198529272224
-0.741495563948
0.107554994178
0.507509613591
-0.45398576364
-0.949741345872
0.0973537935237
0.342420946329
0.287546648641
-0.154451126893
-0.362537301568
-0.824655042869
0.63180113057
0.734707963193
-0.125149629685
0.0778947835438
0.860632070335
1.01891456148
0.0659939853681
0.381760931468
0.451448479971
-0.178582639216
-0.508173322142
0.24935778676
0.44388154581
-0.234173502741
0.110125730356
0.117964643254
-0.983887148804
0.841287047882
-0.52980628501
-0.198774545637
0.737478568758
-0.874812491732
0.120972500336
0.0808843117435
0.985156261581
0.151527263433
-0.657817859552
0.484531465554
-0.767431722549
-0.483587214466
-0.576797452055
-0.327295089995
0.0808654544691
-0.158195079212
0.741038964509
0.167350398351
1.43852952553
0.105705184816
1.74800466359
-0.604135679346
-0.973883462789
-0.0910613820951
-0.855749218241
-0.512925503052
-0.242361996968
0.305973026609
1.24152369744
0.708479967173
-0.160436558204
0.0925802353138
-0.800580956001
-0.81102312253
-0.844100851865
0.826597719642
0.63695420597
0.0675337533951
-0.644843364714
0.444145703351
-0.623599878319
