4
0
3
2
1
136
-0.543102784353
0.569014323217
0.848990490282
0.662280365435
-0.668900041887
0.455670986776
0.0712359949136
0.457156684828
1.18097942424
0.816808975667
-0.440645668846
-0.495826742225
-0.136346676898
0.467277580505
0.714640776282
-0.0434994028083
0.944626439193
2.15837187991
-0.740387705656
0.212221312962
-0.216102813604
-0.460179939791
0.909867784597
-0.156550966869
0.0447514359946
-0.266644289241
0.795482639982
0.496813932994
0.211557593939
-0.385484709156
-0.566347073663
0.803193724862
0.769903040948
3.19738254772
0.687976356388
-0.0121532574289
-0.822547815143
-0.102343231514
-0.157507750668
0.977553470597
0.879988386078
0.603704028453
0.380287809771
1.01045605711
1.30178371328
-0.277446214214
0.155964379216
0.00812633767423
-0.853255850947
-0.0110447242544
0.540292809676
-0.747293380949
0.915711302965
0.85905564699
0.68402816393
0.334477032928
0.878360579484
0.365635327823
0.779923655511
-0.824041870556
-0.782807041318
-0.89900936269
-0.788586556821
0.0578504168152
-0.981171789622
0.041515418431
-0.704676546102
0.107554994178
0.507509613591
-0.45398576364
-0.949741345872
0.0973537935237
0.342420946329
0.287546648641
-0.154451126893
-0.257441171321
-0.794608316607
0.772182161726
0.734707963193
-0.125149629685
0.182927750101
0.890664923351
1.15921571859
0.0659939853681
0.381760931468
0.451448479971
-0.178582639216
-0.508173322142
0.359284749288
0.44388154581
-0.234173502741
0.414535877323
0.117964643254
-0.983887148804
0.841287047882
-0.52980628501
-0.198774545637
0.737478568758
-0.867482891453
0.126210848415
0.0808843117435
0.985156261581
0.151527263433
-0.657817859552
0.484531465554
-0.767431722549
-0.483587214466
-0.56264798581
-0.246174275361
0.0846021397826
-0.0509657287466
0.741038964509
0.181490646216
1.51960484788
0.109439380445
1.85517759078
-0.604135679346
-0.973883462789
-0.0910613820951
-0.855749218241
-0.512925503052
-0.143072527643
0.336547806133
1.27209510168
0.939105237929
-0.160436558204
0.0925802353138
-0.800580956001
-0.81102312253
-0.844100851865
0.826597719642
0.649195036646
0.0675337533951
-0.643003671429
0.444145703351
-0.623599878319
