4
0
3
2
1
136
-0.543282513965
0.561120791107
0.848607038435
0.65500362575
-0.668900041887
0.455491275623
0.063343039238
0.45677324508
1.17370320309
0.816808975667
-0.440645668846
-0.495826742225
-0.136346676898
0.467277580505
0.683842233313
-0.0450966472656
0.943029213692
2.04973442847
-0.740387705656
0.212221312962
-0.216102813604
-0.460179939791
0.909867784597
-0.156550966869
0.0400455064291
-0.276643337687
0.795470491349
0.481657459955
0.196402744913
-0.400637934508
-0.566347073663
0.803193724862
0.769903040948
3.10398865847
0.687976356388
-0.0185412949365
-0.822547815143
-0.102343231514
-0.172659352687
0.962403491571
0.864840029706
0.603704028453
0.346129142668
0.997741386444
1.2316107451
-0.277446214214
0.155964379216
-0.0260141804016
-0.865968994145
-0.0811848340804
0.540292809676
-0.747293380949
0.915711302965
0.85905564699
0.68402816393
0.308218084642
0.878360579484
0.365635327823
0.583847784416
-0.824041870556
-0.782807041318
-0.89900936269
-0.788586556821
0.0578504168152
-0.981171789622
0.0329271089071
-0.721763016959
0.107554994178
0.507509613591
-0.45398576364
-0.949741345872
0.0973537935237
0.342420946329
0.287546648641
-0.154451126893
-0.301287342542
-0.807544781218
0.713629005145
0.734707963193
-0.125149629685
0.139104892022
0.87773347616
1.1006921729
0.0659939853681
0.381760931468
0.451448479971
-0.178582639216
-0.508173322142
0.312820566185
0.44388154581
-0.234173502741
0.277907314877
0.117964643254
-0.983887148804
0.841287047882
-0.52980628501
-0.198774545637
0.737478568758
-0.87068685881
0.124017097696
0.0808843117435
0.985156261581
0.151527263433
-0.657817859552
0.484531465554
-0.767431722549
-0.483587214466
-0.568370160067
-0.279923199006
0.0830800224966
-0.0958405220464
0.741038964509
0.17577159007
1.48587170894
0.107918119929
1.81032260879
-0.604135679346
-0.973883462789
-0.0910613820951
-0.855749218241
-0.512925503052
-0.184752997604
0.324164611009
1.25971301236
0.836002594418
-0.160436558204
0.0925802353138
-0.800580956001
-0.81102312253
-0.844100851865
0.826597719642
0.643923658198
0.0675337533951
-0.643735953198
0.444145703351
-0.623599878319
