4
0
3
2
1
136
-0.543993697331
0.531413552658
0.847215739454
0.627019000639
-0.668900041887
0.454780225016
0.0336397197171
0.455382031847
1.1457222283
0.816808975667
-0.440645668846
-0.495826742225
-0.136346676898
0.467277580505
0.568187934852
-0.0511793998427
0.936946591586
1.66813569264
-0.740387705656
0.212221312962
-0.216102813604
-0.460179939791
0.909867784597
-0.156550966869
0.0222125339262
-0.312488301555
0.795420902935
0.431479555815
0.146232827025
-0.450799868646
-0.566347073663
0.803193724862
0.769903040948
2.77306517807
0.687976356388
-0.0431853961596
-0.822547815143
-0.102343231514
-0.222813305575
0.912257517434
0.814702031821
0.603704028453
0.213379653227
0.962183207614
0.969728896335
-0.277446214214
0.155964379216
-0.158670784375
-0.901521342242
-0.342907951195
0.540292809676
-0.747293380949
0.915711302965
0.85905564699
0.68402816393
0.20219812457
0.878360579484
0.365635327823
0.00220828703678
-0.824041870556
-0.782807041318
-0.89900936269
-0.788586556821
0.0578504168152
-0.981171789622
-0.00361375435305
-0.766607202199
0.107554994178
0.507509613591
-0.45398576364
-0.949741345872
0.0973537935237
0.342420946329
0.287546648641
-0.154451126893
-0.462524237454
-0.85127876114
0.498464849542
0.734707963193
-0.125149629685
-0.0220171665099
0.834025529927
0.885673094691
0.0659939853681
0.381760931468
0.451448479971
-0.178582639216
-0.508173322142
0.147863728484
0.44388154581
-0.234173502741
-0.126873812241
0.117964643254
-0.983887148804
0.841287047882
-0.52980628501
-0.198774545637
0.737478568758
-0.880801976533
0.116080404391
0.0808843117435
0.985156261581
0.151527263433
-0.657817859552
0.484531465554
-0.767431722549
-0.483587214466
-0.592752148228
-0.410641887398
0.0768004687727
-0.265990063644
0.741038964509
0.151413203071
1.35526278699
0.101644603507
1.64030564992
-0.604135679346
-0.973883462789
-0.0910613820951
-0.855749218241
-0.512925503052
-0.341197515039
0.271492693472
1.20705048911
0.519615495157
-0.160436558204
0.0925802353138
-0.800580956001
-0.81102312253
-0.844100851865
0.826597719642
0.625873161558
0.0675337533951
-0.647027216249
0.444145703351
-0.623599878319
