4
0
3
2
1
136
-0.543362818694
0.557646196322
0.848440183786
0.651780020471
-0.668900041887
0.455410980688
0.0598687458652
0.456606396824
1.1704798714
0.816808975667
-0.440645668846
-0.495826742225
-0.136346676898
0.467277580505
0.670288909259
-0.0458021667452
0.942323704157
2.00287961748
-0.740387705656
0.212221312962
-0.216102813604
-0.460179939791
0.909867784597
-0.156550966869
0.0379686076281
-0.28098344503
0.795465011764
0.475222555019
0.189968622773
-0.407071274036
-0.566347073663
0.803193724862
0.769903040948
3.06361225858
0.687976356388
-0.021374125313
-0.822547815143
-0.102343231514
-0.179091909788
0.955971716712
0.858409036904
0.603704028453
0.330544904667
0.992591023471
1.2000016973
-0.277446214214
0.155964379216
-0.0415889348864
-0.871118648139
-0.112777098553
0.540292809676
-0.747293380949
0.915711302965
0.85905564699
0.68402816393
0.296082252915
0.878360579484
0.365635327823
0.503029113014
-0.824041870556
-0.782807041318
-0.89900936269
-0.788586556821
0.0578504168152
-0.981171789622
0.0288857893982
-0.728521806795
0.107554994178
0.507509613591
-0.45398576364
-0.949741345872
0.0973537935237
0.342420946329
0.287546648641
-0.154451126893
-0.320827222705
-0.813102252559
0.687515055339
0.734707963193
-0.125149629685
0.119576884885
0.872178611188
1.07459322939
0.0659939853681
0.381760931468
0.451448479971
-0.178582639216
-0.508173322142
0.292418651702
0.44388154581
-0.234173502741
0.221853461027
0.117964643254
-0.983887148804
0.841287047882
-0.52980628501
-0.198774545637
0.737478568758
-0.872046217295
0.123042341288
0.0808843117435
0.985156261581
0.151527263433
-0.657817859552
0.484531465554
-0.767431722549
-0.483587214466
-0.570992369575
-0.294945242762
0.0823870374315
-0.115695935281
0.741038964509
0.173151074421
1.47085804944
0.107225593861
1.79047760676
-0.604135679346
-0.973883462789
-0.0910613820951
-0.855749218241
-0.512925503052
-0.203135260591
0.31850042749
1.25404944584
0.793599969789
-0.160436558204
0.0925802353138
-0.800580956001
-0.81102312253
-0.844100851865
0.826597719642
0.641659462161
0.0675337533951
-0.644076911721
0.444145703351
-0.623599878319
