4
0
3
2
1
136
-0.542855146565
0.580164417187
0.849542988791
0.672451617445
-0.668900041887
0.455918605623
0.082385482502
0.45770917083
1.19115013897
0.816808975667
-0.440645668846
-0.495826742225
-0.136346676898
0.467277580505
0.758143197352
-0.0412559739384
0.946869848228
2.31702057468
-0.740387705656
0.212221312962
-0.216102813604
-0.460179939791
0.909867784597
-0.156550966869
0.0513653489861
-0.252198305418
0.795499111835
0.519458425203
0.234200147277
-0.36284409436
-0.566347073663
0.803193724862
0.769903040948
3.33328806446
0.687976356388
-0.00324054647636
-0.822547815143
-0.102343231514
-0.134869074088
1.00019020929
0.902623187208
0.603704028453
0.424617971648
1.03073958748
1.3944609338
-0.277446214214
0.155964379216
0.052438886808
-0.832974197167
0.0815992978683
0.540292809676
-0.747293380949
0.915711302965
0.85905564699
0.68402816393
0.367763717231
0.878360579484
0.365635327823
1.08651657218
-0.824041870556
-0.782807041318
-0.89900936269
-0.788586556821
0.0578504168152
-0.981171789622
0.0520756124697
-0.676103174716
0.107554994178
0.507509613591
-0.45398576364
-0.949741345872
0.0973537935237
0.342420946329
0.287546648641
-0.154451126893
-0.197783612414
-0.775522715364
0.851350605476
0.734707963193
-0.125149629685
0.242561281661
0.909745516483
1.23835335105
0.0659939853681
0.381760931468
0.451448479971
-0.178582639216
-0.508173322142
0.424456330676
0.44388154581
-0.234173502741
0.63175617411
0.117964643254
-0.983887148804
0.841287047882
-0.52980628501
-0.198774545637
0.737478568758
-0.862792709817
0.12918552919
0.0808843117435
0.985156261581
0.151527263433
-0.657817859552
0.484531465554
-0.767431722549
-0.483587214466
-0.55512647632
-0.199569711894
0.0866177480366
0.0115744984072
0.741038964509
0.189009116444
1.5661934334
0.111454138091
1.91769739982
-0.604135679346
-0.973883462789
-0.0910613820951
-0.855749218241
-0.512925503052
-0.084668252455
0.352898676971
1.28844493841
1.10331905006
-0.160436558204
0.0925802353138
-0.800580956001
-0.81102312253
-0.844100851865
0.826597719642
0.656893231208
0.0675337533951
-0.642066627581
0.444145703351
-0.623599878319
