4
0
3
2
1
136
-0.543963402238
0.532631804759
0.847271311348
0.628186071768
-0.668900041887
0.454810511875
0.0348577366368
0.455437598462
1.14688907577
0.816808975667
-0.440645668846
-0.495826742225
-0.136346676898
0.467277580505
0.5729158268
-0.0509276123174
0.93719837122
1.68294096005
-0.740387705656
0.212221312962
-0.216102813604
-0.460179939791
0.909867784597
-0.156550966869
0.0229461646417
-0.311076237167
0.795423062697
0.433318550935
0.14807144109
-0.448961635487
-0.566347073663
0.803193724862
0.769903040948
2.78600474533
0.687976356388
-0.0421555643806
-0.822547815143
-0.102343231514
-0.220975453173
0.914094989229
0.816539123158
0.603704028453
0.218424961966
0.963286420283
0.979429866903
-0.277446214214
0.155964379216
-0.153629085731
-0.900418331427
-0.333213035768
0.540292809676
-0.747293380949
0.915711302965
0.85905564699
0.68402816393
0.206326439701
0.878360579484
0.365635327823
0.021176354644
-0.824041870556
-0.782807041318
-0.89900936269
-0.788586556821
0.0578504168152
-0.981171789622
-0.00214909459602
-0.765280202433
0.107554994178
0.507509613591
-0.45398576364
-0.949741345872
0.0973537935237
0.342420946329
0.287546648641
-0.154451126893
-0.45651830841
-0.849707518156
0.506472556205
0.734707963193
-0.125149629685
-0.0160157846846
0.835595723973
0.893675001846
0.0659939853681
0.381760931468
0.451448479971
-0.178582639216
-0.508173322142
0.15391888751
0.44388154581
-0.234173502741
-0.113515556932
0.117964643254
-0.983887148804
0.841287047882
-0.52980628501
-0.198774545637
0.737478568758
-0.880463329586
0.116371791804
0.0808843117435
0.985156261581
0.151527263433
-0.657817859552
0.484531465554
-0.767431722549
-0.483587214466
-0.591669051143
-0.405212412182
0.0770699705342
-0.259043810917
0.741038964509
0.152494836211
1.36068577751
0.101913751403
1.64724423328
-0.604135679346
-0.973883462789
-0.0910613820951
-0.855749218241
-0.512925503052
-0.33485387746
0.273840914101
1.20939808317
0.530840380043
-0.160436558204
0.0925802353138
-0.800580956001
-0.81102312253
-0.844100851865
0.826597719642
0.62655104431
0.0675337533951
-0.646875599135
0.444145703351
-0.623599878319
