4
0
3
2
1
136
-0.542977051484
0.574635031721
0.849267374873
0.667423165267
-0.668900041887
0.455796709196
0.0768563711326
0.457433562534
1.18612192842
0.816808975667
-0.440645668846
-0.495826742225
-0.136346676898
0.467277580505
0.736572344909
-0.0423666594637
0.94575917165
2.23758597489
-0.740387705656
0.212221312962
-0.216102813604
-0.460179939791
0.909867784597
-0.156550966869
0.0480907365652
-0.259408567539
0.795491042414
0.508051622648
0.222794255567
-0.374249075368
-0.566347073663
0.803193724862
0.769903040948
3.26530593619
0.687976356388
-0.00764433810755
-0.822547815143
-0.102343231514
-0.146273144537
0.988787049255
0.891220937448
0.603704028453
0.403264213779
1.02035300088
1.34962205609
-0.277446214214
0.155964379216
0.0310927633652
-0.843359898643
0.036775008431
0.540292809676
-0.747293380949
0.915711302965
0.85905564699
0.68402816393
0.351850492484
0.878360579484
0.365635327823
0.930133112035
-0.824041870556
-0.782807041318
-0.89900936269
-0.788586556821
0.0578504168152
-0.981171789622
0.0470739210315
-0.690951311538
0.107554994178
0.507509613591
-0.45398576364
-0.949741345872
0.0973537935237
0.342420946329
0.287546648641
-0.154451126893
-0.226972848698
-0.785119715443
0.8127327476
0.734707963193
-0.125149629685
0.213382708678
0.900150717496
1.19974920972
0.0659939853681
0.381760931468
0.451448479971
-0.178582639216
-0.508173322142
0.39224917487
0.44388154581
-0.234173502741
0.520257584883
0.117964643254
-0.983887148804
0.841287047882
-0.52980628501
-0.198774545637
0.737478568758
-0.865132660279
0.127734199462
0.0808843117435
0.985156261581
0.151527263433
-0.657817859552
0.484531465554
-0.767431722549
-0.483587214466
-0.558773870266
-0.222508540778
0.0856387205063
-0.0192874623081
0.741038964509
0.18536305857
1.54326171753
0.110475486435
1.88684458283
-0.604135679346
-0.973883462789
-0.0910613820951
-0.855749218241
-0.512925503052
-0.113535034785
0.344956957903
1.28050366795
1.01892979272
-0.160436558204
0.0925802353138
-0.800580956001
-0.81102312253
-0.844100851865
0.826597719642
0.653043760967
0.0675337533951
-0.642517321755
0.444145703351
-0.623599878319
