4
0
3
2
1
136
-0.543549737138
0.549680293706
0.848061942693
0.644341149791
-0.668900041887
0.455224089396
0.0519036656877
0.456228173377
1.16304175458
0.816808975667
-0.440645668846
-0.495826742225
-0.136346676898
0.467277580505
0.639233561158
-0.0474254219942
0.940700476132
1.89768568192
-0.740387705656
0.212221312962
-0.216102813604
-0.460179939791
0.909867784597
-0.156550966869
0.0331963152137
-0.290789134244
0.795452136806
0.461027816968
0.175775835972
-0.421262110108
-0.566347073663
0.803193724862
0.769903040948
2.9727260996
0.687976356388
-0.0279176437925
-0.822547815143
-0.102343231514
-0.19328079565
0.941784780542
0.844224049907
0.603704028453
0.294145892343
0.981807567013
1.12716126507
-0.277446214214
0.155964379216
-0.0779634746484
-0.881900448227
-0.185575087489
0.540292809676
-0.747293380949
0.915711302965
0.85905564699
0.68402816393
0.267391526582
0.878360579484
0.365635327823
0.330444129359
-0.824041870556
-0.782807041318
-0.89900936269
-0.788586556821
0.0578504168152
-0.981171789622
0.0191661620494
-0.742383203844
0.107554994178
0.507509613591
-0.45398576364
-0.949741345872
0.0973537935237
0.342420946329
0.287546648641
-0.154451126893
-0.36561415735
-0.825493630445
0.627693862958
0.734707963193
-0.125149629685
0.0748201124356
0.859793976072
1.01481004421
0.0659939853681
0.381760931468
0.451448479971
-0.178582639216
-0.508173322142
0.246203483091
0.44388154581
-0.234173502741
0.102253375083
0.117964643254
-0.983887148804
0.841287047882
-0.52980628501
-0.198774545637
0.737478568758
-0.875009593351
0.120820488967
0.0808843117435
0.985156261581
0.151527263433
-0.657817859552
0.484531465554
-0.767431722549
-0.483587214466
-0.577239492835
-0.329710043721
0.0807503824225
-0.16135318309
0.741038964509
0.166908732392
1.43611635759
0.105590211329
1.74484873825
-0.604135679346
-0.973883462789
-0.0910613820951
-0.855749218241
-0.512925503052
-0.245270633194
0.305019381687
1.24057019604
0.702432881334
-0.160436558204
0.0925802353138
-0.800580956001
-0.81102312253
-0.844100851865
0.826597719642
0.636612228638
0.0675337533951
-0.644902370156
0.444145703351
-0.623599878319
