4
0
3
2
1
136
-0.543428616008
0.554822884729
0.848305450986
0.649151268608
-0.668900041887
0.455345192201
0.0570457036123
0.456471669771
1.16785136528
0.816808975667
-0.440645668846
-0.495826742225
-0.136346676898
0.467277580505
0.65927892321
-0.0463765610113
0.941749318793
1.9652417769
-0.740387705656
0.212221312962
-0.216102813604
-0.460179939791
0.909867784597
-0.156550966869
0.0362788090874
-0.284482007233
0.795460498749
0.470102132417
0.184848866904
-0.412190363341
-0.566347073663
0.803193724862
0.769903040948
3.03113271324
0.687976356388
-0.0236854790767
-0.822547815143
-0.102343231514
-0.184210332697
0.950853960031
0.853291946283
0.603704028453
0.317714781102
0.988606861119
1.1741713907
-0.277446214214
0.155964379216
-0.0544107631264
-0.875102225156
-0.138592894527
0.540292809676
-0.747293380949
0.915711302965
0.85905564699
0.68402816393
0.28602290519
0.878360579484
0.365635327823
0.439832648092
-0.824041870556
-0.782807041318
-0.89900936269
-0.788586556821
0.0578504168152
-0.981171789622
0.0255034648411
-0.733688480767
0.107554994178
0.507509613591
-0.45398576364
-0.949741345872
0.0973537935237
0.342420946329
0.287546648641
-0.154451126893
-0.336736204913
-0.817553131875
0.666257842964
0.734707963193
-0.125149629685
0.103678182566
0.867730012112
1.05334898349
0.0659939853681
0.381760931468
0.451448479971
-0.178582639216
-0.508173322142
0.275922910372
0.44388154581
-0.234173502741
0.17806412188
0.117964643254
-0.983887148804
0.841287047882
-0.52980628501
-0.198774545637
0.737478568758
-0.873122573071
0.122250941014
0.0808843117435
0.985156261581
0.151527263433
-0.657817859552
0.484531465554
-0.767431722549
-0.483587214466
-0.573169204232
-0.307217960115
0.0818143051065
-0.13186124668
0.741038964509
0.170975782649
1.45859287235
0.106653275828
1.77432160261
-0.604135679346
-0.973883462789
-0.0910613820951
-0.855749218241
-0.512925503052
-0.218074718586
0.313801479664
1.24935106911
0.760365348911
-0.160436558204
0.0925802353138
-0.800580956001
-0.81102312253
-0.844100851865
0.826597719642
0.639847069721
0.0675337533951
-0.644362466272
0.444145703351
-0.623599878319
