4
0
3
2
1
136
-0.543232684086
0.563292917323
0.848711940691
0.657012436846
-0.668900041887
0.455541099927
0.0655149926153
0.45687814369
1.175711858
0.816808975667
-0.440645668846
-0.495826742225
-0.136346676898
0.467277580505
0.692316500792
-0.0446563582959
0.943469496968
2.07932525459
-0.740387705656
0.212221312962
-0.216102813604
-0.460179939791
0.909867784597
-0.156550966869
0.0413422502654
-0.273910987159
0.795473875598
0.485754225288
0.200499042047
-0.396542105469
-0.566347073663
0.803193724862
0.769903040948
3.12945718012
0.687976356388
-0.0167768887476
-0.822547815143
-0.102343231514
-0.168563991638
0.966498384734
0.868934455086
0.603704028453
0.355720825872
1.00110002595
1.25119329866
-0.277446214214
0.155964379216
-0.0164279758862
-0.862610788246
-0.0616120864971
0.540292809676
-0.747293380949
0.915711302965
0.85905564699
0.68402816393
0.315640285765
0.878360579484
0.365635327823
0.636075283521
-0.824041870556
-0.782807041318
-0.89900936269
-0.788586556821
0.0578504168152
-0.981171789622
0.0353767537629
-0.717306082183
0.107554994178
0.507509613591
-0.45398576364
-0.949741345872
0.0973537935237
0.342420946329
0.287546648641
-0.154451126893
-0.289127545362
-0.804027872062
0.729878206261
0.734707963193
-0.125149629685
0.151257749648
0.881248877021
1.11693258301
0.0659939853681
0.381760931468
0.451448479971
-0.178582639216
-0.508173322142
0.325604962732
0.44388154581
-0.234173502741
0.314191841284
0.117964643254
-0.983887148804
0.841287047882
-0.52980628501
-0.198774545637
0.737478568758
-0.869819707072
0.124624890091
0.0808843117435
0.985156261581
0.151527263433
-0.657817859552
0.484531465554
-0.767431722549
-0.483587214466
-0.5667629084
-0.270581502602
0.0835062869596
-0.0834556635034
0.741038964509
0.177377888436
1.49520863187
0.108344124105
1.82270150736
-0.604135679346
-0.973883462789
-0.0910613820951
-0.855749218241
-0.512925503052
-0.173268575075
0.327639194334
1.26318725331
0.863400964105
-0.160436558204
0.0925802353138
-0.800580956001
-0.81102312253
-0.844100851865
0.826597719642
0.64535718584
0.0675337533951
-0.643528623781
0.444145703351
-0.623599878319
