4
0
3
2
1
136
-0.543565244742
0.54902691697
0.848031177263
0.64372796747
-0.668900041887
0.455208584346
0.0512503654649
0.456197409602
1.16242864289
0.816808975667
-0.440645668846
-0.495826742225
-0.136346676898
0.467277580505
0.636687766258
-0.047558926674
0.940566973991
1.88919495394
-0.740387705656
0.212221312962
-0.216102813604
-0.460179939791
0.909867784597
-0.156550966869
0.0328042915085
-0.29158436054
0.795451061162
0.459898418551
0.174646607162
-0.422391169361
-0.566347073663
0.803193724862
0.769903040948
2.96537491794
0.687976356388
-0.0284574035161
-0.822547815143
-0.102343231514
-0.194409685394
0.940656060258
0.843095499033
0.603704028453
0.291147211817
0.980985504765
1.12121947168
-0.277446214214
0.155964379216
-0.0809600265318
-0.882722375161
-0.19151323541
0.540292809676
-0.747293380949
0.915711302965
0.85905564699
0.68402816393
0.26500741373
0.878360579484
0.365635327823
0.317077368598
-0.824041870556
-0.782807041318
-0.89900936269
-0.788586556821
0.0578504168152
-0.981171789622
0.0183488003424
-0.743423988533
0.107554994178
0.507509613591
-0.45398576364
-0.949741345872
0.0973537935237
0.342420946329
0.287546648641
-0.154451126893
-0.369260827538
-0.826485448173
0.622826469889
0.734707963193
-0.125149629685
0.0711760496229
0.858802747964
1.00994593357
0.0659939853681
0.381760931468
0.451448479971
-0.178582639216
-0.508173322142
0.242468444946
0.44388154581
-0.234173502741
0.0929818191587
0.117964643254
-0.983887148804
0.841287047882
-0.52980628501
-0.198774545637
0.737478568758
-0.875242014573
0.120640452579
0.0808843117435
0.985156261581
0.151527263433
-0.657817859552
0.484531465554
-0.767431722549
-0.483587214466
-0.577766269816
-0.332579349242
0.0806134098157
-0.165102800814
0.741038964509
0.166382409651
1.43324921094
0.105453357899
1.74110175128
-0.604135679346
-0.973883462789
-0.0910613820951
-0.855749218241
-0.512925503052
-0.248722957551
0.303882925786
1.23943391465
0.695299571507
-0.160436558204
0.0925802353138
-0.800580956001
-0.81102312253
-0.844100851865
0.826597719642
0.636207573324
0.0675337533951
-0.644972803143
0.444145703351
-0.623599878319
