4
0
3
2
1
136
-0.543498885908
0.551830798474
0.848163476462
0.646356088884
-0.668900041887
0.455274932589
0.0540539288159
0.456329701933
1.16505647114
0.816808975667
-0.440645668846
-0.495826742225
-0.136346676898
0.467277580505
0.647614419009
-0.0469863999771
0.941139490138
1.92577891951
-0.740387705656
0.212221312962
-0.216102813604
-0.460179939791
0.909867784597
-0.156550966869
0.0344860150913
-0.288161992537
0.79545565598
0.46478261537
0.179530086287
-0.417508407726
-0.566347073663
0.803193724862
0.769903040948
2.99703210523
0.687976356388
-0.0261443728101
-0.822547815143
-0.102343231514
-0.189527641046
0.945537387522
0.847976109416
0.603704028453
0.304017089258
0.984579509392
1.14678245413
-0.277446214214
0.155964379216
-0.0680991824009
-0.87912895311
-0.165965768108
0.540292809676
-0.747293380949
0.915711302965
0.85905564699
0.68402816393
0.275218194913
0.878360579484
0.365635327823
0.37528638365
-0.824041870556
-0.782807041318
-0.89900936269
-0.788586556821
0.0578504168152
-0.981171789622
0.0218394073477
-0.738857140341
0.107554994178
0.507509613591
-0.45398576364
-0.949741345872
0.0973537935237
0.342420946329
0.287546648641
-0.154451126893
-0.353568586916
-0.822201054475
0.643775643999
0.734707963193
-0.125149629685
0.0868572150923
0.863084643828
1.0308811641
0.0659939853681
0.381760931468
0.451448479971
-0.178582639216
-0.508173322142
0.258568061996
0.44388154581
-0.234173502741
0.133341093098
0.117964643254
-0.983887148804
0.841287047882
-0.52980628501
-0.198774545637
0.737478568758
-0.874232665563
0.121416149902
0.0808843117435
0.985156261581
0.151527263433
-0.657817859552
0.484531465554
-0.767431722549
-0.483587214466
-0.57552096667
-0.320284026002
0.0811984118137
-0.149014984563
0.741038964509
0.168625833459
1.44553556382
0.106037864924
1.75717861505
-0.604135679346
-0.973883462789
-0.0910613820951
-0.855749218241
-0.512925503052
-0.233902205938
0.308726939184
1.24427721026
0.726265635593
-0.160436558204
0.0925802353138
-0.800580956001
-0.81102312253
-0.844100851865
0.826597719642
0.637954295075
0.0675337533951
-0.64467347833
0.444145703351
-0.623599878319
