4
0
3
2
1
136
-0.543334489262
0.558868310098
0.848498739198
0.652915300083
-0.668900041887
0.455439306546
0.0610907499866
0.456664949905
1.1716150513
0.816808975667
-0.440645668846
-0.495826742225
-0.136346676898
0.467277580505
0.675055608322
-0.0455538432456
0.942572024036
2.01929251779
-0.740387705656
0.212221312962
-0.216102813604
-0.460179939791
0.909867784597
-0.156550966869
0.0386994634131
-0.27946122563
0.795466948411
0.477469198114
0.192214985785
-0.404825191042
-0.566347073663
0.803193724862
0.769903040948
3.0777628318
0.687976356388
-0.0203762696097
-0.822547815143
-0.102343231514
-0.176846106743
0.958217239877
0.860654280256
0.603704028453
0.336056203364
0.994371395996
1.21115062762
-0.277446214214
0.155964379216
-0.0360810684695
-0.869338526778
-0.101634216665
0.540292809676
-0.747293380949
0.915711302965
0.85905564699
0.68402816393
0.300384626312
0.878360579484
0.365635327823
0.531072753254
-0.824041870556
-0.782807041318
-0.89900936269
-0.788586556821
0.0578504168152
-0.981171789622
0.0303235182699
-0.726195687134
0.107554994178
0.507509613591
-0.45398576364
-0.949741345872
0.0973537935237
0.342420946329
0.287546648641
-0.154451126893
-0.313945803522
-0.811157292992
0.696711454526
0.734707963193
-0.125149629685
0.12645402438
0.874122627719
1.08378422385
0.0659939853681
0.381760931468
0.451448479971
-0.178582639216
-0.508173322142
0.299584872752
0.44388154581
-0.234173502741
0.241294132794
0.117964643254
-0.983887148804
0.841287047882
-0.52980628501
-0.198774545637
0.737478568758
-0.871572239773
0.12338531164
0.0808843117435
0.985156261581
0.151527263433
-0.657817859552
0.484531465554
-0.767431722549
-0.483587214466
-0.570062900025
-0.289650912242
0.0826323060033
-0.108706706395
0.741038964509
0.174079923425
1.47614932203
0.107470694791
1.79746304642
-0.604135679346
-0.973883462789
-0.0910613820951
-0.855749218241
-0.512925503052
-0.196668713533
0.320507595985
1.25605638705
0.80832015513
-0.160436558204
0.0925802353138
-0.800580956001
-0.81102312253
-0.844100851865
0.826597719642
0.642451687045
0.0675337533951
-0.643955674976
0.444145703351
-0.623599878319
