4
0
3
2
1
136
-0.543031677871
0.572182892215
0.84914617772
0.66518343508
-0.668900041887
0.455742087124
0.0744043694186
0.457312368228
1.18388232053
0.816808975667
-0.440645668846
-0.495826742225
-0.136346676898
0.467277580505
0.727004571829
-0.0428603755578
0.945265460067
2.20283735932
-0.740387705656
0.212221312962
-0.216102813604
-0.460179939791
0.909867784597
-0.156550966869
0.0466351682996
-0.26257698906
0.795487401716
0.50310411847
0.217847186987
-0.379195708427
-0.566347073663
0.803193724862
0.769903040948
3.23552709522
0.687976356388
-0.0096074005678
-0.822547815143
-0.102343231514
-0.151219342149
0.983841287014
0.886275610504
0.603704028453
0.39339212599
1.01595092664
1.32901037806
-0.277446214214
0.155964379216
0.0212247374484
-0.847761551334
0.016170962021
0.540292809676
-0.747293380949
0.915711302965
0.85905564699
0.68402816393
0.344416182253
0.878360579484
0.365635327823
0.863515431104
-0.824041870556
-0.782807041318
-0.89900936269
-0.788586556821
0.0578504168152
-0.981171789622
0.0447077416501
-0.69710472824
0.107554994178
0.507509613591
-0.45398576364
-0.949741345872
0.0973537935237
0.342420946329
0.287546648641
-0.154451126893
-0.240173345083
-0.789289855097
0.795186491637
0.734707963193
-0.125149629685
0.200187716485
0.895981727428
1.18221000693
0.0659939853681
0.381760931468
0.451448479971
-0.178582639216
-0.508173322142
0.377890958415
0.44388154581
-0.234173502741
0.473227050349
0.117964643254
-0.983887148804
0.841287047882
-0.52980628501
-0.198774545637
0.737478568758
-0.866163004623
0.127074822055
0.0808843117435
0.985156261581
0.151527263433
-0.657817859552
0.484531465554
-0.767431722549
-0.483587214466
-0.56044343607
-0.232792535943
0.0851915103875
-0.0330739874076
0.741038964509
0.183694189088
1.53298137121
0.110028470995
1.8730627132
-0.604135679346
-0.973883462789
-0.0910613820951
-0.855749218241
-0.512925503052
-0.126401510804
0.341330012743
1.27687696043
0.983402013168
-0.160436558204
0.0925802353138
-0.800580956001
-0.81102312253
-0.844100851865
0.826597719642
0.651355911126
0.0675337533951
-0.642725964036
0.444145703351
-0.623599878319
