4
0
3
2
1
136
-0.542966455567
0.575112496563
0.849291046599
0.667858571246
-0.668900041887
0.455807304315
0.0773338103598
0.457457233733
1.18655731174
0.816808975667
-0.440645668846
-0.495826742225
-0.136346676898
0.467277580505
0.738435231679
-0.0422706092894
0.945855220989
2.24438620476
-0.740387705656
0.212221312962
-0.216102813604
-0.460179939791
0.909867784597
-0.156550966869
0.0483739207909
-0.258789539347
0.795491746838
0.509022971378
0.223765521773
-0.373277891674
-0.566347073663
0.803193724862
0.769903040948
3.27113062985
0.687976356388
-0.00726282715525
-0.822547815143
-0.102343231514
-0.14530204334
0.989758067969
0.892191873692
0.603704028453
0.405158194052
1.02122504216
1.35358563343
-0.277446214214
0.155964379216
0.0329860031662
-0.842487937402
0.0407371854423
0.540292809676
-0.747293380949
0.915711302965
0.85905564699
0.68402816393
0.353271347527
0.878360579484
0.365635327823
0.943300096595
-0.824041870556
-0.782807041318
-0.89900936269
-0.788586556821
0.0578504168152
-0.981171789622
0.0475240216412
-0.689722775886
0.107554994178
0.507509613591
-0.45398576364
-0.949741345872
0.0973537935237
0.342420946329
0.287546648641
-0.154451126893
-0.224420148335
-0.78430190827
0.816120872081
0.734707963193
-0.125149629685
0.215934394466
0.900968313778
1.20313603211
0.0659939853681
0.381760931468
0.451448479971
-0.178582639216
-0.508173322142
0.39504000023
0.44388154581
-0.234173502741
0.529583408073
0.117964643254
-0.983887148804
0.841287047882
-0.52980628501
-0.198774545637
0.737478568758
-0.864931341268
0.127861542699
0.0808843117435
0.985156261581
0.151527263433
-0.657817859552
0.484531465554
-0.767431722549
-0.483587214466
-0.55845249715
-0.220513760301
0.0857248788712
-0.0166096874851
0.741038964509
0.185684303954
1.54525582463
0.110561608998
1.88952149606
-0.604135679346
-0.973883462789
-0.0910613820951
-0.855749218241
-0.512925503052
-0.111033891064
0.345655668947
1.28120233568
1.02597894433
-0.160436558204
0.0925802353138
-0.800580956001
-0.81102312253
-0.844100851865
0.826597719642
0.653373881539
0.0675337533951
-0.642477327666
0.444145703351
-0.623599878319
