4
0
3
2
1
136
-0.542981924629
0.574415641284
0.849256505956
0.66722302415
-0.668900041887
0.455791836422
0.0766369925977
0.457422693862
1.18592179785
0.816808975667
-0.440645668846
-0.495826742225
-0.136346676898
0.467277580505
0.735716355453
-0.0424108026363
0.945715028867
2.2344650739
-0.740387705656
0.212221312962
-0.216102813604
-0.460179939791
0.909867784597
-0.156550966869
0.0479605902505
-0.259692776658
0.79549071825
0.507606169123
0.222348840211
-0.374694452563
-0.566347073663
0.803193724862
0.769903040948
3.26263242892
0.687976356388
-0.00781971767124
-0.822547815143
-0.102343231514
-0.146718483576
0.988341748366
0.890775674702
0.603704028453
0.402390830446
1.01995392157
1.34779527193
-0.277446214214
0.155964379216
0.0302197256904
-0.843758940958
0.0349488769611
0.540292809676
-0.747293380949
0.915711302965
0.85905564699
0.68402816393
0.351194687231
0.878360579484
0.365635327823
0.924104390652
-0.824041870556
-0.782807041318
-0.89900936269
-0.788586556821
0.0578504168152
-0.981171789622
0.0468659431677
-0.691512468377
0.107554994178
0.507509613591
-0.45398576364
-0.949741345872
0.0973537935237
0.342420946329
0.287546648641
-0.154451126893
-0.228147752393
-0.785494839111
0.811172750166
0.734707963193
-0.125149629685
0.212208277345
0.89977569212
1.19818981829
0.0659939853681
0.381760931468
0.451448479971
-0.178582639216
-0.508173322142
0.390966254892
0.44388154581
-0.234173502741
0.515991064437
0.117964643254
-0.983887148804
0.841287047882
-0.52980628501
-0.198774545637
0.737478568758
-0.865225096468
0.127675568032
0.0808843117435
0.985156261581
0.151527263433
-0.657817859552
0.484531465554
-0.767431722549
-0.483587214466
-0.558921944281
-0.223425973301
0.0855990304586
-0.0205186240801
0.741038964509
0.185215044083
1.54234459838
0.110435813062
1.88561382176
-0.604135679346
-0.973883462789
-0.0910613820951
-0.855749218241
-0.512925503052
-0.114684761085
0.344635086867
1.28018181713
1.01570533712
-0.160436558204
0.0925802353138
-0.800580956001
-0.81102312253
-0.844100851865
0.826597719642
0.652892230415
0.0675337533951
-0.642535767442
0.444145703351
-0.623599878319
