4
0
3
2
1
136
-0.545754016612
0.466994768517
0.84441339947
0.562573248852
-0.668900041887
0.453021206187
-0.0307462363726
0.452580510866
1.08131025227
0.816808975667
-0.440645668846
-0.495826742225
-0.136346676898
0.467277580505
0.322779447481
-0.064834388894
0.923292740627
0.984330317825
-0.740387705656
0.212221312962
-0.216102813604
-0.460179939791
0.909867784597
-0.156550966869
-0.0162204347117
-0.379285301231
0.795289004058
0.359672822889
0.0744486933306
-0.522561416299
-0.566347073663
0.803193724862
0.769903040948
2.16356875632
0.687976356388
-0.100152162018
-0.822547815143
-0.102343231514
-0.294552280367
0.840541102336
0.743008163256
0.603704028453
0.0531339747146
0.931171202018
0.665378887935
-0.277446214214
0.155964379216
-0.318831154068
-0.932528377232
-0.647111006887
0.540292809676
-0.747293380949
0.915711302965
0.85905564699
0.68402816393
0.0680570469699
0.878360579484
0.365635327823
-0.550725777091
-0.824041870556
-0.782807041318
-0.89900936269
-0.788586556821
0.0578504168152
-0.981171789622
-0.0519157309918
-0.802278781661
0.107554994178
0.507509613591
-0.45398576364
-0.949741345872
0.0973537935237
0.342420946329
0.287546648641
-0.154451126893
-0.654552595714
-0.900507853466
0.240487985899
0.734707963193
-0.125149629685
-0.213929434735
0.784822610232
0.627851406423
0.0659939853681
0.381760931468
0.451448479971
-0.178582639216
-0.508173322142
-0.045526534029
0.44388154581
-0.234173502741
-0.526243499241
0.117964643254
-0.983887148804
0.841287047882
-0.52980628501
-0.198774545637
0.737478568758
-0.890828545621
0.106811733392
0.0808843117435
0.985156261581
0.151527263433
-0.657817859552
0.484531465554
-0.767431722549
-0.483587214466
-0.653054583784
-0.678447781582
0.0637485420279
-0.596943656544
0.741038964509
0.0912542403673
1.0880283413
0.0886191956661
1.31000168697
-0.604135679346
-0.973883462789
-0.0910613820951
-0.855749218241
-0.512925503052
-0.641383276351
0.135253330174
1.07089383279
0.0690535117958
-0.160436558204
0.0925802353138
-0.800580956001
-0.81102312253
-0.844100851865
0.826597719642
0.598535526828
0.0675337533951
-0.65598414678
0.444145703351
-0.623599878319
