4
0
3
2
1
136
-0.543635570038
0.546078130406
0.847892803706
0.640954781076
-0.668900041887
0.455138271272
0.0483019431606
0.456059043956
1.15965579372
0.816808975667
-0.440645668846
-0.495826742225
-0.136346676898
0.467277580505
0.625201551657
-0.0481621482375
0.939963764528
1.85113403537
-0.740387705656
0.212221312962
-0.216102813604
-0.460179939791
0.909867784597
-0.156550966869
0.0310340518631
-0.295156031321
0.795446169037
0.454867672385
0.169616644125
-0.427420349502
-0.566347073663
0.803193724862
0.769903040948
2.93239229809
0.687976356388
-0.0308992175132
-0.822547815143
-0.102343231514
-0.199438082875
0.935628445203
0.83806866617
0.603704028453
0.277644625785
0.977390767571
1.09456877502
-0.277446214214
0.155964379216
-0.0944528827113
-0.886316507266
-0.218147341215
0.540292809676
-0.747293380949
0.915711302965
0.85905564699
0.68402816393
0.254235364127
0.878360579484
0.365635327823
0.258248415339
-0.824041870556
-0.782807041318
-0.89900936269
-0.788586556821
0.0578504168152
-0.981171789622
0.0146387767336
-0.747948647918
0.107554994178
0.507509613591
-0.45398576364
-0.949741345872
0.0973537935237
0.342420946329
0.287546648641
-0.154451126893
-0.385616971286
-0.830908264849
0.601001814694
0.734707963193
-0.125149629685
0.0548318178375
0.854382635869
0.988136276994
0.0659939853681
0.381760931468
0.451448479971
-0.178582639216
-0.508173322142
0.225758497751
0.44388154581
-0.234173502741
0.0521394748508
0.117964643254
-0.983887148804
0.841287047882
-0.52980628501
-0.198774545637
0.737478568758
-0.876269100557
0.119834646175
0.0808843117435
0.985156261581
0.151527263433
-0.657817859552
0.484531465554
-0.767431722549
-0.483587214466
-0.580170414791
-0.34555843603
0.0799905426106
-0.182027703956
0.741038964509
0.163980444318
1.42028040683
0.104831058561
1.72418933672
-0.604135679346
-0.973883462789
-0.0910613820951
-0.855749218241
-0.512925503052
-0.264291308043
0.298695849581
1.23424768466
0.66370680256
-0.160436558204
0.0925802353138
-0.800580956001
-0.81102312253
-0.844100851865
0.826597719642
0.63439958764
0.0675337533951
-0.645295845906
0.444145703351
-0.623599878319
