4
0
3
2
1
136
-0.543218678081
0.563905692054
0.848741618137
0.65757825347
-0.668900041887
0.455555104431
0.0661277206259
0.456907820153
1.17627763251
0.816808975667
-0.440645668846
-0.495826742225
-0.136346676898
0.467277580505
0.694707314468
-0.0445322544945
0.943593599234
2.08771478506
-0.740387705656
0.212221312962
-0.216102813604
-0.460179939791
0.909867784597
-0.156550966869
0.0417078367102
-0.273137521962
0.795474824625
0.486920178527
0.201664866142
-0.395376410491
-0.566347073663
0.803193724862
0.769903040948
3.13667377517
0.687976356388
-0.0162800390127
-0.822547815143
-0.102343231514
-0.16739842575
0.967663821561
0.87009976288
0.603704028453
0.358402528751
1.00206684174
1.25668562771
-0.277446214214
0.155964379216
-0.0137477530402
-0.861644093152
-0.056122421914
0.540292809676
-0.747293380949
0.915711302965
0.85905564699
0.68402816393
0.317708806628
0.878360579484
0.365635327823
0.65104620454
-0.824041870556
-0.782807041318
-0.89900936269
-0.788586556821
0.0578504168152
-0.981171789622
0.0360564004741
-0.71601574394
0.107554994178
0.507509613591
-0.45398576364
-0.949741345872
0.0973537935237
0.342420946329
0.287546648641
-0.154451126893
-0.285707975497
-0.803029875721
0.734446954305
0.734707963193
-0.125149629685
0.15467543238
0.882246465265
1.12149893739
0.0659939853681
0.381760931468
0.451448479971
-0.178582639216
-0.508173322142
0.329213369032
0.44388154581
-0.234173502741
0.324604620838
0.117964643254
-0.983887148804
0.841287047882
-0.52980628501
-0.198774545637
0.737478568758
-0.869572889063
0.124795936993
0.0808843117435
0.985156261581
0.151527263433
-0.657817859552
0.484531465554
-0.767431722549
-0.483587214466
-0.566313959501
-0.267953346316
0.0836255435841
-0.0799662564198
0.741038964509
0.177826582183
1.49783550321
0.10846331082
1.82618930576
-0.604135679346
-0.973883462789
-0.0910613820951
-0.855749218241
-0.512925503052
-0.17003028217
0.328610189533
1.26415815749
0.871259424362
-0.160436558204
0.0925802353138
-0.800580956001
-0.81102312253
-0.844100851865
0.826597719642
0.645764018742
0.0675337533951
-0.643470938647
0.444145703351
-0.623599878319
