4
0
3
2
1
136
-0.542827564115
0.581426614054
0.849606362024
0.673595239582
-0.668900041887
0.455946186351
0.0836476232953
0.45777254292
1.19229371196
0.816808975667
-0.440645668846
-0.495826742225
-0.136346676898
0.467277580505
0.763066134311
-0.041002938265
0.947122882073
2.33536279093
-0.740387705656
0.212221312962
-0.216102813604
-0.460179939791
0.909867784597
-0.156550966869
0.0521113127122
-0.25053976695
0.795500926965
0.522110242399
0.236851770073
-0.360192665939
-0.566347073663
0.803193724862
0.769903040948
3.34896887074
0.687976356388
-0.00223968327068
-0.822547815143
-0.102343231514
-0.132217840012
1.00284124905
0.905274032677
0.603704028453
0.429312089676
1.03319597789
1.40435706074
-0.277446214214
0.155964379216
0.0571315329834
-0.830517995905
0.0914925704795
0.540292809676
-0.747293380949
0.915711302965
0.85905564699
0.68402816393
0.371229399242
0.878360579484
0.365635327823
1.12340714321
-0.824041870556
-0.782807041318
-0.89900936269
-0.788586556821
0.0578504168152
-0.981171789622
0.0531534044251
-0.672520193761
0.107554994178
0.507509613591
-0.45398576364
-0.949741345872
0.0973537935237
0.342420946329
0.287546648641
-0.154451126893
-0.19123889744
-0.773290673161
0.859964703055
0.734707963193
-0.125149629685
0.249103880248
0.91197712567
1.24696471823
0.0659939853681
0.381760931468
0.451448479971
-0.178582639216
-0.508173322142
0.431771036445
0.44388154581
-0.234173502741
0.658315881002
0.117964643254
-0.983887148804
0.841287047882
-0.52980628501
-0.198774545637
0.737478568758
-0.862257252817
0.129509101828
0.0808843117435
0.985156261581
0.151527263433
-0.657817859552
0.484531465554
-0.767431722549
-0.483587214466
-0.55431673214
-0.194385573346
0.0868353918286
0.0185698054414
0.741038964509
0.189818596462
1.5713761456
0.111671707199
1.9246908611
-0.604135679346
-0.973883462789
-0.0910613820951
-0.855749218241
-0.512925503052
-0.0781129508266
0.354665536553
1.29021171053
1.12346031047
-0.160436558204
0.0925802353138
-0.800580956001
-0.81102312253
-0.844100851865
0.826597719642
0.657779297315
0.0675337533951
-0.641967537554
0.444145703351
-0.623599878319
