4
0
3
2
1
136
-0.543305668957
0.5601156582
0.848558651198
0.654072401177
-0.668900041887
0.455468123349
0.0623379902749
0.456724859618
1.17277205456
0.816808975667
-0.440645668846
-0.495826742225
-0.136346676898
0.467277580505
0.679921182784
-0.0453005853163
0.942825278409
2.03611958233
-0.740387705656
0.212221312962
-0.216102813604
-0.460179939791
0.909867784597
-0.156550966869
0.0394450198396
-0.277902736246
0.795468914602
0.479780933308
0.194526440429
-0.402514016881
-0.566347073663
0.803193724862
0.769903040948
3.09226258272
0.687976356388
-0.0193594546774
-0.822547815143
-0.102343231514
-0.174535212999
0.960527853269
0.862964613362
0.603704028453
0.341648914369
0.996223382375
1.22249721083
-0.277446214214
0.155964379216
-0.0304917537072
-0.867486794834
-0.0902936466727
0.540292809676
-0.747293380949
0.915711302965
0.85905564699
0.68402816393
0.304738766774
0.878360579484
0.365635327823
0.560123596225
-0.824041870556
-0.782807041318
-0.89900936269
-0.788586556821
0.0578504168152
-0.981171789622
0.0317729725294
-0.723764534136
0.107554994178
0.507509613591
-0.45398576364
-0.949741345872
0.0973537935237
0.342420946329
0.287546648641
-0.154451126893
-0.306931024463
-0.809161192699
0.706086475629
0.734707963193
-0.125149629685
0.133464549966
0.876117794677
1.09315386863
0.0659939853681
0.381760931468
0.451448479971
-0.178582639216
-0.508173322142
0.306910707122
0.44388154581
-0.234173502741
0.261443085519
0.117964643254
-0.983887148804
0.841287047882
-0.52980628501
-0.198774545637
0.737478568758
-0.871083771612
0.123735288469
0.0808843117435
0.985156261581
0.151527263433
-0.657817859552
0.484531465554
-0.767431722549
-0.483587214466
-0.569122249462
-0.284259079076
0.082880940245
-0.101579160596
0.741038964509
0.175019968618
1.48153815705
0.107719164922
1.80458686829
-0.604135679346
-0.973883462789
-0.0910613820951
-0.855749218241
-0.512925503052
-0.190069587564
0.32253951461
1.25808808533
0.823559923169
-0.160436558204
0.0925802353138
-0.800580956001
-0.81102312253
-0.844100851865
0.826597719642
0.643264946412
0.0675337533951
-0.643833404393
0.444145703351
-0.623599878319
