4
0
3
2
1
136
0.449652342728
-0.875447853647
0.109182135232
-0.571994875662
0.731620888425
-0.993431220433
0.629647317583
-0.860293113266
0.874612492969
-0.206148253119
-0.844611633722
0.753104955419
0.31177309864
-0.989008969419
0.233298245518
0.339917072594
-0.964103688373
0.607656844682
0.442683614171
0.633676384472
0.541671472831
-0.217106278727
0.402610617009
0.0794071756768
0.712718078655
-0.886142934451
-0.98025980617
0.548404428596
0.0143356552998
-0.942648278892
-0.37141279685
-0.666631896108
-0.291384701993
1.10605407926
-0.923177382774
0.840650704028
0.13952757069
-0.200406291451
0.86251084741
-0.131789152452
0.706617503622
-0.407551581222
0.192451970967
-0.960582476813
0.665318741883
0.708281213852
-0.207320968033
-0.972995404945
0.0811463078301
-0.824741301124
0.395567061295
-0.372358144143
0.644246950645
-0.560741409989
0.887613233366
0.0652640679063
0.0249241149426
0.270352889772
0.980252087819
0.770552295307
-0.113329695897
0.593746283323
-0.0692156549379
0.308223783161
-0.925003413907
-0.544208277135
0.231158281266
-0.800810246359
-0.413623846621
-0.345642427457
-0.384551154654
-0.366611219086
0.906863550535
0.723528304794
0.134136593497
0.718602472838
0.90502899027
-0.778784098153
-0.0284945552565
-0.128632744751
0.136775868527
0.603146674478
0.798433572312
0.167821372003
0.415753662098
0.72020036289
0.964567217668
-0.723619704565
0.0336841986883
0.488099227411
-0.0245252243888
0.54706174231
-0.55109349169
-0.3233259529
0.698084332482
-0.865970557334
0.840419622854
0.916167658693
-0.0395473679246
-0.421102579552
-0.402689060303
-0.57105922015
0.641896697221
-0.960390287718
0.109943654647
-0.685791212527
0.243679258584
-0.285676842699
-0.367243465489
0.503777821788
0.726853161823
0.0220383348954
0.946334895832
-0.237952582428
-0.0275534303963
-0.180112921808
-0.357171856114
-0.306852882494
-0.240947122158
-0.309623945315
0.658174301327
0.747817319791
-0.965713335052
-0.190081831879
-0.052859288717
-0.371845374049
0.632881688671
-0.692969295025
0.58635664661
0.534357715074
0.0948878780752
0.699478708952
-0.46616594752
0.402216184281
-0.199854509962
0.977326749477
