4
0
3
2
1
136
-0.543129061071
0.567850024413
0.848933539731
0.661211066153
-0.668900041887
0.455644712483
0.0700717725514
0.457099735871
1.17991019332
0.816808975667
-0.440645668846
-0.495826742225
-0.136346676898
0.467277580505
0.71009763466
-0.0437345188642
0.944391325645
2.14215627223
-0.740387705656
0.212221312962
-0.216102813604
-0.460179939791
0.909867784597
-0.156550966869
0.0440584620025
-0.268131177175
0.795480873881
0.494531992885
0.209275880001
-0.387766196966
-0.566347073663
0.803193724862
0.769903040948
3.18346075987
0.687976356388
-0.0130913731298
-0.822547815143
-0.102343231514
-0.159789012395
0.97527243491
0.877707576387
0.603704028453
0.375378666175
1.00849265741
1.29162589584
-0.277446214214
0.155964379216
0.00321956350695
-0.855219034456
-0.0211981862704
0.540292809676
-0.747293380949
0.915711302965
0.85905564699
0.68402816393
0.330733656464
0.878360579484
0.365635327823
0.749911798039
-0.824041870556
-0.782807041318
-0.89900936269
-0.788586556821
0.0578504168152
-0.981171789622
0.0403046305173
-0.707353761988
0.107554994178
0.507509613591
-0.45398576364
-0.949741345872
0.0973537935237
0.342420946329
0.287546648641
-0.154451126893
-0.263840831436
-0.796543862086
0.763645402816
0.734707963193
-0.125149629685
0.176531194109
0.888730037444
1.15068291635
0.0659939853681
0.381760931468
0.451448479971
-0.178582639216
-0.508173322142
0.352436452038
0.44388154581
-0.234173502741
0.39353987369
0.117964643254
-0.983887148804
0.841287047882
-0.52980628501
-0.198774545637
0.737478568758
-0.867963815732
0.125890461162
0.0808843117435
0.985156261581
0.151527263433
-0.657817859552
0.484531465554
-0.767431722549
-0.483587214466
-0.563471390164
-0.251116489357
0.0843823851137
-0.0575597241696
0.741038964509
0.180667644532
1.51466470189
0.109219737305
1.8485862087
-0.604135679346
-0.973883462789
-0.0910613820951
-0.855749218241
-0.512925503052
-0.149209005388
0.334763470172
1.27031090616
0.923265378655
-0.160436558204
0.0925802353138
-0.800580956001
-0.81102312253
-0.844100851865
0.826597719642
0.648407116022
0.0675337533951
-0.643108033204
0.444145703351
-0.623599878319
