4
0
3
2
1
136
-0.54451400334
0.51110347513
0.846305639036
0.607299531668
-0.668900041887
0.454260112369
0.0133349830709
0.454472054615
1.12600794689
0.816808975667
-0.440645668846
-0.495826742225
-0.136346676898
0.467277580505
0.489693700882
-0.055409153244
0.932717018814
1.4318056462
-0.740387705656
0.212221312962
-0.216102813604
-0.460179939791
0.909867784597
-0.156550966869
0.00998339688896
-0.335255553628
0.795383190692
0.403583408573
0.118343523742
-0.478682331117
-0.566347073663
0.803193724862
0.769903040948
2.5651746291
0.687976356388
-0.0606051419067
-0.822547815143
-0.102343231514
-0.250688930382
0.884388727146
0.78684007291
0.603704028453
0.140830191255
0.947422553199
0.831402402578
-0.277446214214
0.155964379216
-0.231173615659
-0.916279387578
-0.481155644643
0.540292809676
-0.747293380949
0.915711302965
0.85905564699
0.68402816393
0.142127429737
0.878360579484
0.365635327823
-0.256928673927
-0.824041870556
-0.782807041318
-0.89900936269
-0.788586556821
0.0578504168152
-0.981171789622
-0.0251323118076
-0.783964487936
0.107554994178
0.507509613591
-0.45398576364
-0.949741345872
0.0973537935237
0.342420946329
0.287546648641
-0.154451126893
-0.548937988533
-0.873638311773
0.382996110089
0.734707963193
-0.125149629685
-0.108370015352
0.8116799406
0.770283446301
0.0659939853681
0.381760931468
0.451448479971
-0.178582639216
-0.508173322142
0.0609280655053
0.44388154581
-0.234173502741
-0.311505515459
0.117964643254
-0.983887148804
0.841287047882
-0.52980628501
-0.198774545637
0.737478568758
-0.88546465953
0.111907202361
0.0808843117435
0.985156261581
0.151527263433
-0.657817859552
0.484531465554
-0.767431722549
-0.483587214466
-0.611637623697
-0.500899397759
0.072286050861
-0.379946253018
0.741038964509
0.132560354418
1.26514343032
0.0971374874031
1.52651018203
-0.604135679346
-0.973883462789
-0.0910613820951
-0.855749218241
-0.512925503052
-0.444892114354
0.2301830596
1.16575605871
0.349006979313
-0.160436558204
0.0925802353138
-0.800580956001
-0.81102312253
-0.844100851865
0.826597719642
0.615423812652
0.0675337533951
-0.649738943789
0.444145703351
-0.623599878319
