4
0
3
2
1
136
-0.543194156121
0.564980930668
0.848793782928
0.658570156701
-0.668900041887
0.45557962383
0.0672028793713
0.456959983266
1.17726946384
0.816808975667
-0.440645668846
-0.495826742225
-0.136346676898
0.467277580505
0.698902615331
-0.0443146005022
0.9438112506
2.10248030231
-0.740387705656
0.212221312962
-0.216102813604
-0.460179939791
0.909867784597
-0.156550966869
0.04234907561
-0.271777516018
0.795476483858
0.488976902016
0.203721366137
-0.393320133942
-0.566347073663
0.803193724862
0.769903040948
3.14937054882
0.687976356388
-0.0154091732395
-0.822547815143
-0.102343231514
-0.165342372599
0.96971965136
0.872155369374
0.603704028453
0.363080522653
1.00378382392
1.26628444163
-0.277446214214
0.155964379216
-0.00907228526916
-0.859927320858
-0.0465281719363
0.540292809676
-0.747293380949
0.915711302965
0.85905564699
0.68402816393
0.321310086456
0.878360579484
0.365635327823
0.677568058321
-0.824041870556
-0.782807041318
-0.89900936269
-0.788586556821
0.0578504168152
-0.981171789622
0.037236439097
-0.713715980602
0.107554994178
0.507509613591
-0.45398576364
-0.949741345872
0.0973537935237
0.342420946329
0.287546648641
-0.154451126893
-0.279720965987
-0.801272463908
0.742444591
0.734707963193
-0.125149629685
0.160659207098
0.884003179685
1.12949246771
0.0659939853681
0.381760931468
0.451448479971
-0.178582639216
-0.508173322142
0.335545604346
0.44388154581
-0.234173502741
0.343066568503
0.117964643254
-0.983887148804
0.841287047882
-0.52980628501
-0.198774545637
0.737478568758
-0.869137624291
0.125095507258
0.0808843117435
0.985156261581
0.151527263433
-0.657817859552
0.484531465554
-0.767431722549
-0.483587214466
-0.56553095069
-0.263349620594
0.0838337264037
-0.0738485385082
0.741038964509
0.17860915736
1.50243703768
0.108671374587
1.83230427588
-0.604135679346
-0.973883462789
-0.0910613820951
-0.855749218241
-0.512925503052
-0.164350072951
0.330304211277
1.26585202517
0.885189613392
-0.160436558204
0.0925802353138
-0.800580956001
-0.81102312253
-0.844100851865
0.826597719642
0.646480402804
0.0675337533951
-0.643370569849
0.444145703351
-0.623599878319
