4
0
3
2
1
136
-0.542846349145
0.580566545537
0.84956316043
0.672816138084
-0.668900041887
0.455927402486
0.08278759274
0.4577293421
1.19151464372
0.816808975667
-0.440645668846
-0.495826742225
-0.136346676898
0.467277580505
0.759711666574
-0.0411753381869
0.946950483388
2.32285583704
-0.740387705656
0.212221312962
-0.216102813604
-0.460179939791
0.909867784597
-0.156550966869
0.0516030720149
-0.251670412261
0.795499691201
0.520301360616
0.23504302022
-0.362001283879
-0.566347073663
0.803193724862
0.769903040948
3.33827730288
0.687976356388
-0.00292150091598
-0.822547815143
-0.102343231514
-0.13402632606
1.00103289487
0.903465810358
0.603704028453
0.426120824824
1.03151885111
1.39762790658
-0.277446214214
0.155964379216
0.0539412608344
-0.832194994324
0.0847653430621
0.540292809676
-0.747293380949
0.915711302965
0.85905564699
0.68402816393
0.368874597453
0.878360579484
0.365635327823
1.09822178814
-0.824041870556
-0.782807041318
-0.89900936269
-0.788586556821
0.0578504168152
-0.981171789622
0.0524215348038
-0.674969575705
0.107554994178
0.507509613591
-0.45398576364
-0.949741345872
0.0973537935237
0.342420946329
0.287546648641
-0.154451126893
-0.195693607016
-0.774813368917
0.854103519478
0.734707963193
-0.125149629685
0.244650600599
0.910454722352
1.24110537971
0.0659939853681
0.381760931468
0.451448479971
-0.178582639216
-0.508173322142
0.426788341471
0.44388154581
-0.234173502741
0.640171938129
0.117964643254
-0.983887148804
0.841287047882
-0.52980628501
-0.198774545637
0.737478568758
-0.862622120299
0.129288948353
0.0808843117435
0.985156261581
0.151527263433
-0.657817859552
0.484531465554
-0.767431722549
-0.483587214466
-0.554867573516
-0.197915881766
0.0866873267479
0.0138053150902
0.741038964509
0.189267933554
1.56784680161
0.111523692588
1.91992761925
-0.604135679346
-0.973883462789
-0.0910613820951
-0.855749218241
-0.512925503052
-0.0825782403102
0.353463444771
1.28900967779
1.10969929585
-0.160436558204
0.0925802353138
-0.800580956001
-0.81102312253
-0.844100851865
0.826597719642
0.657175260302
0.0675337533951
-0.642034906521
0.444145703351
-0.623599878319
