4
0
3
2
1
136
-0.542826793259
0.581461948571
0.849608138605
0.673627232213
-0.668900041887
0.45594695716
0.0836829562767
0.457774319469
1.19232570325
0.816808975667
-0.440645668846
-0.495826742225
-0.136346676898
0.467277580505
0.763203942333
-0.0409958573307
0.947129962957
2.33587739253
-0.740387705656
0.212221312962
-0.216102813604
-0.460179939791
0.909867784597
-0.156550966869
0.0521321871199
-0.250493269881
0.795500977636
0.522184732427
0.236926254729
-0.360118186653
-0.566347073663
0.803193724862
0.769903040948
3.34940871801
0.687976356388
-0.00221168803562
-0.822547815143
-0.102343231514
-0.132143366096
1.00291571759
0.905348495856
0.603704028453
0.429442526056
1.03326518166
1.40463221772
-0.277446214214
0.155964379216
0.0572619295007
-0.830448797363
0.0917676499506
0.540292809676
-0.747293380949
0.915711302965
0.85905564699
0.68402816393
0.371325526858
0.878360579484
0.365635327823
1.12444621782
-0.824041870556
-0.782807041318
-0.89900936269
-0.788586556821
0.0578504168152
-0.981171789622
0.0531832402382
-0.672418838768
0.107554994178
0.507509613591
-0.45398576364
-0.949741345872
0.0973537935237
0.342420946329
0.287546648641
-0.154451126893
-0.191056332983
-0.773227951797
0.860204714221
0.734707963193
-0.125149629685
0.249286387061
0.912039835256
1.24720465499
0.0659939853681
0.381760931468
0.451448479971
-0.178582639216
-0.508173322142
0.431975595561
0.44388154581
-0.234173502741
0.659065529466
0.117964643254
-0.983887148804
0.841287047882
-0.52980628501
-0.198774545637
0.737478568758
-0.862242263452
0.129518115857
0.0808843117435
0.985156261581
0.151527263433
-0.657817859552
0.484531465554
-0.767431722549
-0.483587214466
-0.55429418619
-0.194240739015
0.0868414529474
0.018765346609
0.741038964509
0.189841135217
1.57152094098
0.111677766282
1.92488635181
-0.604135679346
-0.973883462789
-0.0910613820951
-0.855749218241
-0.512925503052
-0.0779296450378
0.354714752644
1.29026092425
1.12402903582
-0.160436558204
0.0925802353138
-0.800580956001
-0.81102312253
-0.844100851865
0.826597719642
0.657804136925
0.0675337533951
-0.641964783648
0.444145703351
-0.623599878319
