4
0
3
2
1
136
-0.544173810286
0.524253203725
0.846891444911
0.620124129381
-0.668900041887
0.45460016722
0.0264809269831
0.455057772579
1.13882884836
0.816808975667
-0.440645668846
-0.495826742225
-0.136346676898
0.467277580505
0.540438875534
-0.0526635920908
0.935462451694
1.58256375944
-0.740387705656
0.212221312962
-0.216102813604
-0.460179939791
0.909867784597
-0.156550966869
0.0178995465621
-0.320683267324
0.795407979218
0.421051828419
0.135807415383
-0.461222965501
-0.566347073663
0.803193724862
0.769903040948
2.69809072809
0.687976356388
-0.0492723874327
-0.822547815143
-0.102343231514
-0.233234088612
0.90183904725
0.804285873523
0.603704028453
0.185205506732
0.956232824741
0.915787735211
-0.277446214214
0.155964379216
-0.186825496505
-0.907470644289
-0.396816462521
0.540292809676
-0.747293380949
0.915711302965
0.85905564699
0.68402816393
0.179021562937
0.878360579484
0.365635327823
-0.101111480877
-0.824041870556
-0.782807041318
-0.89900936269
-0.788586556821
0.0578504168152
-0.981171789622
-0.0118761645239
-0.773692747379
0.107554994178
0.507509613591
-0.45398576364
-0.949741345872
0.0973537935237
0.342420946329
0.287546648641
-0.154451126893
-0.496043128843
-0.860002365742
0.453746305545
0.734707963193
-0.125149629685
-0.0555112234012
0.825307647043
0.840986435459
0.0659939853681
0.381760931468
0.451448479971
-0.178582639216
-0.508173322142
0.114116227232
0.44388154581
-0.234173502741
-0.199986718257
0.117964643254
-0.983887148804
0.841287047882
-0.52980628501
-0.198774545637
0.737478568758
-0.882653170042
0.114458228568
0.0808843117435
0.985156261581
0.151527263433
-0.657817859552
0.484531465554
-0.767431722549
-0.483587214466
-0.599244060706
-0.442570641895
0.0752078708639
-0.306625723445
0.741038964509
0.144930974167
1.32337619537
0.100054285452
1.59971952899
-0.604135679346
-0.973883462789
-0.0910613820951
-0.855749218241
-0.512925503052
-0.378249151042
0.257378617011
1.19294068396
0.456047571146
-0.160436558204
0.0925802353138
-0.800580956001
-0.81102312253
-0.844100851865
0.826597719642
0.62200406265
0.0675337533951
-0.647945411657
0.444145703351
-0.623599878319
