4
0
3
2
1
136
-0.544528130707
0.51056771246
0.846282021778
0.606772413481
-0.668900041887
0.454245991854
0.0127994045784
0.454448441703
1.12548101074
0.816808975667
-0.440645668846
-0.495826742225
-0.136346676898
0.467277580505
0.487633182337
-0.055521584633
0.932604593697
1.42583717132
-0.740387705656
0.212221312962
-0.216102813604
-0.460179939791
0.909867784597
-0.156550966869
0.00966124832296
-0.335835841433
0.79538215087
0.402917193291
0.117677498668
-0.479348166084
-0.566347073663
0.803193724862
0.769903040948
2.55988941572
0.687976356388
-0.0610711753048
-0.822547815143
-0.102343231514
-0.251354575341
0.883723272097
0.78617480767
0.603704028453
0.13923026407
0.947114751923
0.828368612268
-0.277446214214
0.155964379216
-0.232772654356
-0.916587137933
-0.484187911292
0.540292809676
-0.747293380949
0.915711302965
0.85905564699
0.68402816393
0.140789044385
0.878360579484
0.365635327823
-0.262426038898
-0.824041870556
-0.782807041318
-0.89900936269
-0.788586556821
0.0578504168152
-0.981171789622
-0.0256148764254
-0.78431874263
0.107554994178
0.507509613591
-0.45398576364
-0.949741345872
0.0973537935237
0.342420946329
0.287546648641
-0.154451126893
-0.550850283261
-0.874128731009
0.380432299551
0.734707963193
-0.125149629685
-0.11028109968
0.811189795412
0.767721244891
0.0659939853681
0.381760931468
0.451448479971
-0.178582639216
-0.508173322142
0.0590049933678
0.44388154581
-0.234173502741
-0.315469644995
0.117964643254
-0.983887148804
0.841287047882
-0.52980628501
-0.198774545637
0.737478568758
-0.885564273071
0.111815069393
0.0808843117435
0.985156261581
0.151527263433
-0.657817859552
0.484531465554
-0.767431722549
-0.483587214466
-0.612152464926
-0.503255606621
0.0721682704549
-0.382884139019
0.741038964509
0.132046593161
1.26279163425
0.0970199315209
1.5235773658
-0.604135679346
-0.973883462789
-0.0910613820951
-0.855749218241
-0.512925503052
-0.447557917794
0.229044523602
1.16461806388
0.344891314704
-0.160436558204
0.0925802353138
-0.800580956001
-0.81102312253
-0.844100851865
0.826597719642
0.615170423415
0.0675337533951
-0.649814475823
0.444145703351
-0.623599878319
