4
0
3
2
1
136
-0.542919446163
0.577237990028
0.849396715507
0.669794080831
-0.668900041887
0.455854310318
0.079459194392
0.457562900391
1.18849272469
0.816808975667
-0.440645668846
-0.495826742225
-0.136346676898
0.467277580505
0.746727631773
-0.0418433568216
0.946282469882
2.27479354826
-0.740387705656
0.212221312962
-0.216102813604
-0.460179939791
0.909867784597
-0.156550966869
0.0496335994962
-0.256025621278
0.795494865112
0.51337846162
0.228120653599
-0.368923118205
-0.566347073663
0.803193724862
0.769903040948
3.297164412
0.687976356388
-0.00556733782533
-0.822547815143
-0.102343231514
-0.140947628171
0.994112124896
0.896545572436
0.603704028453
0.413475520604
1.02516481581
1.37102400528
-0.277446214214
0.155964379216
0.0413002248938
-0.838548511815
0.0581696528162
0.540292809676
-0.747293380949
0.915711302965
0.85905564699
0.68402816393
0.359489622074
0.878360579484
0.365635327823
1.00268787639
-0.824041870556
-0.782807041318
-0.89900936269
-0.788586556821
0.0578504168152
-0.981171789622
0.049485777434
-0.684131813875
0.107554994178
0.507509613591
-0.45398576364
-0.949741345872
0.0973537935237
0.342420946329
0.287546648641
-0.154451126893
-0.213129015949
-0.780637098751
0.831084476641
0.734707963193
-0.125149629685
0.227221229897
0.904632233593
1.21809411503
0.0659939853681
0.381760931468
0.451448479971
-0.178582639216
-0.508173322142
0.407442304563
0.44388154581
-0.234173502741
0.571781310097
0.117964643254
-0.983887148804
0.841287047882
-0.52980628501
-0.198774545637
0.737478568758
-0.864033064173
0.128423963884
0.0808843117435
0.985156261581
0.151527263433
-0.657817859552
0.484531465554
-0.767431722549
-0.483587214466
-0.557036576829
-0.21166517376
0.0861047369542
-0.00471750282437
0.741038964509
0.187099684969
1.55410155321
0.110941315613
1.90141001486
-0.604135679346
-0.973883462789
-0.0910613820951
-0.855749218241
-0.512925503052
-0.0999180336325
0.348736389034
1.28428287385
1.05789518643
-0.160436558204
0.0925802353138
-0.800580956001
-0.81102312253
-0.844100851865
0.826597719642
0.654848913899
0.0675337533951
-0.642301768556
0.444145703351
-0.623599878319
