4
0
3
2
1
136
-0.542979971056
0.574503576683
0.849260861797
0.667303249867
-0.668900041887
0.455793789847
0.0767249232163
0.457427049605
1.18600201933
0.816808975667
-0.440645668846
-0.495826742225
-0.136346676898
0.467277580505
0.736059451318
-0.0423931086208
0.945732722726
2.23571570118
-0.740387705656
0.212221312962
-0.216102813604
-0.460179939791
0.909867784597
-0.156550966869
0.0480127570499
-0.259578878106
0.795490848217
0.50778464846
0.22252730423
-0.374516003858
-0.566347073663
0.803193724862
0.769903040948
3.26370379798
0.687976356388
-0.00774941659941
-0.822547815143
-0.102343231514
-0.146540050184
0.988520166448
0.890954077477
0.603704028453
0.402741132436
1.0201137569
1.34852789596
-0.277446214214
0.155964379216
0.0305698887232
-0.843599120471
0.0356812386771
0.540292809676
-0.747293380949
0.915711302965
0.85905564699
0.68402816393
0.351457766769
0.878360579484
0.365635327823
0.926519187591
-0.824041870556
-0.782807041318
-0.89900936269
-0.788586556821
0.0578504168152
-0.981171789622
0.0469493920245
-0.69128779955
0.107554994178
0.507509613591
-0.45398576364
-0.949741345872
0.0973537935237
0.342420946329
0.287546648641
-0.154451126893
-0.227676683433
-0.7853445321
0.811798262792
0.734707963193
-0.125149629685
0.212679156506
0.899925959628
1.19881508743
0.0659939853681
0.381760931468
0.451448479971
-0.178582639216
-0.508173322142
0.391480512992
0.44388154581
-0.234173502741
0.51769975562
0.117964643254
-0.983887148804
0.841287047882
-0.52980628501
-0.198774545637
0.737478568758
-0.865188051786
0.127699077376
0.0808843117435
0.985156261581
0.151527263433
-0.657817859552
0.484531465554
-0.767431722549
-0.483587214466
-0.558862563003
-0.223058186818
0.0856149465344
-0.0200250973686
0.741038964509
0.185274401437
1.54271225896
0.110451722437
1.8861071875
-0.604135679346
-0.973883462789
-0.0910613820951
-0.855749218241
-0.512925503052
-0.114223895891
0.344764160235
1.28031088238
1.01699665664
-0.160436558204
0.0925802353138
-0.800580956001
-0.81102312253
-0.844100851865
0.826597719642
0.652952954489
0.0675337533951
-0.642528368892
0.444145703351
-0.623599878319
