4
0
3
2
1
136
-0.543616169942
0.546889273501
0.847930789956
0.641718571238
-0.668900041887
0.45515766789
0.0491129828885
0.456097027956
1.16041948802
0.816808975667
-0.440645668846
-0.495826742225
-0.136346676898
0.467277580505
0.628360572438
-0.0479961019944
0.940129807336
1.86156144825
-0.740387705656
0.212221312962
-0.216102813604
-0.460179939791
0.909867784597
-0.156550966869
0.0315211579342
-0.294176381055
0.795447520906
0.456240654773
0.170989408226
-0.426047803621
-0.566347073663
0.803193724862
0.769903040948
2.94143335773
0.687976356388
-0.0302265825572
-0.822547815143
-0.102343231514
-0.198065755147
0.937000554845
0.839440557792
0.603704028453
0.281351560542
0.978360880294
1.10186867488
-0.277446214214
0.155964379216
-0.0907486399376
-0.885346559898
-0.210852020536
0.540292809676
-0.747293380949
0.915711302965
0.85905564699
0.68402816393
0.257198594197
0.878360579484
0.365635327823
0.274186147903
-0.824041870556
-0.782807041318
-0.89900936269
-0.788586556821
0.0578504168152
-0.981171789622
0.0156620538762
-0.746731834963
0.107554994178
0.507509613591
-0.45398576364
-0.949741345872
0.0973537935237
0.342420946329
0.287546648641
-0.154451126893
-0.38113647399
-0.829700687501
0.606979260704
0.734707963193
-0.125149629685
0.0593090194525
0.855589463268
0.994109572558
0.0659939853681
0.381760931468
0.451448479971
-0.178582639216
-0.508173322142
0.230329329063
0.44388154581
-0.234173502741
0.0632111141685
0.117964643254
-0.983887148804
0.841287047882
-0.52980628501
-0.198774545637
0.737478568758
-0.875990202804
0.120055107385
0.0808843117435
0.985156261581
0.151527263433
-0.657817859552
0.484531465554
-0.767431722549
-0.483587214466
-0.57950474656
-0.341983545417
0.0801626248003
-0.177371936325
0.741038964509
0.164645491318
1.42385237919
0.105002979568
1.72884156682
-0.604135679346
-0.973883462789
-0.0910613820951
-0.855749218241
-0.512925503052
-0.260011070428
0.300132178495
1.23568377093
0.672300946941
-0.160436558204
0.0925802353138
-0.800580956001
-0.81102312253
-0.844100851865
0.826597719642
0.634893913819
0.0675337533951
-0.645206140294
0.444145703351
-0.623599878319
