4
0
3
2
1
136
-0.543513362201
0.5512173409
0.848134469772
0.645781813199
-0.668900041887
0.455260458532
0.0534405386094
0.456300696694
1.16448225741
0.816808975667
-0.440645668846
-0.495826742225
-0.136346676898
0.467277580505
0.645223422355
-0.0471115753303
0.941014317019
1.91774197411
-0.740387705656
0.212221312962
-0.216102813604
-0.460179939791
0.909867784597
-0.156550966869
0.0341182079834
-0.288912938569
0.795454655394
0.463705655002
0.178453280674
-0.418585058627
-0.566347073663
0.803193724862
0.769903040948
2.99008122274
0.687976356388
-0.0266497080382
-0.822547815143
-0.102343231514
-0.190604137278
0.944461045916
0.846899922393
0.603704028453
0.301201932779
0.983778381662
1.14117693414
-0.277446214214
0.155964379216
-0.0709123869229
-0.879929953035
-0.17156792522
0.540292809676
-0.747293380949
0.915711302965
0.85905564699
0.68402816393
0.272989502667
0.878360579484
0.365635327823
0.362362250388
-0.824041870556
-0.782807041318
-0.89900936269
-0.788586556821
0.0578504168152
-0.981171789622
0.0210797757273
-0.739878849399
0.107554994178
0.507509613591
-0.45398576364
-0.949741345872
0.0973537935237
0.342420946329
0.287546648641
-0.154451126893
-0.35701059263
-0.8231445797
0.639179681367
0.734707963193
-0.125149629685
0.0834176052481
0.862141657435
1.02628821823
0.0659939853681
0.381760931468
0.451448479971
-0.178582639216
-0.508173322142
0.255030495764
0.44388154581
-0.234173502741
0.124383342419
0.117964643254
-0.983887148804
0.841287047882
-0.52980628501
-0.198774545637
0.737478568758
-0.874456131289
0.121245789844
0.0808843117435
0.985156261581
0.151527263433
-0.657817859552
0.484531465554
-0.767431722549
-0.483587214466
-0.576008799129
-0.322970038369
0.0810710513649
-0.152533996993
0.741038964509
0.168138396795
1.44285144923
0.105910609137
1.75366192453
-0.604135679346
-0.973883462789
-0.0910613820951
-0.855749218241
-0.512925503052
-0.237145962717
0.307674461967
1.24322488328
0.719410821142
-0.160436558204
0.0925802353138
-0.800580956001
-0.81102312253
-0.844100851865
0.826597719642
0.637569871447
0.0675337533951
-0.644738314835
0.444145703351
-0.623599878319
