4
0
3
2
1
136
-0.545434478416
0.477818077788
0.844869474483
0.573811981047
-0.668900041887
0.453340340207
-0.0199325650231
0.45303633271
1.0925386931
0.816808975667
-0.440645668846
-0.495826742225
-0.136346676898
0.467277580505
0.363123961019
-0.0624875136288
0.925639275983
1.08612095167
-0.740387705656
0.212221312962
-0.216102813604
-0.460179939791
0.909867784597
-0.156550966869
-0.00987599081294
-0.369205113732
0.79531381352
0.368535653604
0.0833077794657
-0.513706072073
-0.566347073663
0.803193724862
0.769903040948
2.25590512359
0.687976356388
-0.0902213215643
-0.822547815143
-0.102343231514
-0.285700675383
0.849388970744
0.751852297752
0.603704028453
0.0678739825887
0.933837468542
0.693283057971
-0.277446214214
0.155964379216
-0.304096264596
-0.929862448021
-0.619216148954
0.540292809676
-0.747293380949
0.915711302965
0.85905564699
0.68402816393
0.0805981879046
0.878360579484
0.365635327823
-0.502133174373
-0.824041870556
-0.782807041318
-0.89900936269
-0.788586556821
0.0578504168152
-0.981171789622
-0.0473757543893
-0.799325222186
0.107554994178
0.507509613591
-0.45398576364
-0.949741345872
0.0973537935237
0.342420946329
0.287546648641
-0.154451126893
-0.636679585462
-0.895988525965
0.264752136553
0.734707963193
-0.125149629685
-0.196064063908
0.78934029119
0.652104590264
0.0659939853681
0.381760931468
0.451448479971
-0.178582639216
-0.508173322142
-0.0274635305139
0.44388154581
-0.234173502741
-0.490331963852
0.117964643254
-0.983887148804
0.841287047882
-0.52980628501
-0.198774545637
0.737478568758
-0.889935784878
0.107676047074
0.0808843117435
0.985156261581
0.151527263433
-0.657817859552
0.484531465554
-0.767431722549
-0.483587214466
-0.643516915298
-0.639198089188
0.0655549685075
-0.549637716996
0.741038964509
0.100763637896
1.12716868916
0.0904212919998
1.35718535221
-0.604135679346
-0.973883462789
-0.0910613820951
-0.855749218241
-0.512925503052
-0.598574993865
0.157824484894
1.09344539724
0.12685833435
-0.160436558204
0.0925802353138
-0.800580956001
-0.81102312253
-0.844100851865
0.826597719642
0.601935035002
0.0675337533951
-0.654524331862
0.444145703351
-0.623599878319
