4
0
3
2
1
136
-0.543397641292
0.556149358833
0.848368658834
0.650387386828
-0.668900041887
0.455376162668
0.0583720483203
0.456534874854
1.16908736528
0.816808975667
-0.440645668846
-0.495826742225
-0.136346676898
0.467277580505
0.66445136382
-0.0461065681369
0.942019307389
1.98287663103
-0.740387705656
0.212221312962
-0.216102813604
-0.460179939791
0.909867784597
-0.156550966869
0.0370729608645
-0.282841428045
0.795462625899
0.472495697901
0.18724211572
-0.409797431112
-0.566347073663
0.803193724862
0.769903040948
3.04635591893
0.687976356388
-0.0225984717367
-0.822547815143
-0.102343231514
-0.181817716974
0.95324625933
0.855683929238
0.603704028453
0.323757721694
0.990456386791
1.18631586533
-0.277446214214
0.155964379216
-0.0483717805334
-0.873252975193
-0.126455325412
0.540292809676
-0.747293380949
0.915711302965
0.85905564699
0.68402816393
0.290768318145
0.878360579484
0.365635327823
0.469247623338
-0.824041870556
-0.782807041318
-0.89900936269
-0.788586556821
0.0578504168152
-0.981171789622
0.0271026212787
-0.731296648115
0.107554994178
0.507509613591
-0.45398576364
-0.949741345872
0.0973537935237
0.342420946329
0.287546648641
-0.154451126893
-0.32926160806
-0.81546951128
0.676244409145
0.734707963193
-0.125149629685
0.111147884457
0.869812544379
1.06332937789
0.0659939853681
0.381760931468
0.451448479971
-0.178582639216
-0.508173322142
0.283661203995
0.44388154581
-0.234173502741
0.198443802744
0.117964643254
-0.983887148804
0.841287047882
-0.52980628501
-0.198774545637
0.737478568758
-0.872620209116
0.122622493846
0.0808843117435
0.985156261581
0.151527263433
-0.657817859552
0.484531465554
-0.767431722549
-0.483587214466
-0.572141331804
-0.301444786203
0.0820844378639
-0.124263326191
0.741038964509
0.17200291068
1.46436241909
0.106923209147
1.78191505216
-0.604135679346
-0.973883462789
-0.0910613820951
-0.855749218241
-0.512925503052
-0.2110558958
0.316019972667
1.25156928553
0.775848216371
-0.160436558204
0.0925802353138
-0.800580956001
-0.81102312253
-0.844100851865
0.826597719642
0.640695451892
0.0675337533951
-0.644227350434
0.444145703351
-0.623599878319
