4
0
3
2
1
136
-0.545603211157
0.472057890842
0.844626239167
0.567853610172
-0.668900041887
0.453171808216
-0.0256879223494
0.452793223203
1.08658544975
0.816808975667
-0.440645668846
-0.495826742225
-0.136346676898
0.467277580505
0.341592768132
-0.0637334955077
0.924393463949
1.03132319262
-0.740387705656
0.212221312962
-0.216102813604
-0.460179939791
0.909867784597
-0.156550966869
-0.0132620690934
-0.374630236146
0.79530075688
0.363679284003
0.0784534241227
-0.518558414577
-0.566347073663
0.803193724862
0.769903040948
2.20626905721
0.687976356388
-0.095487581127
-0.822547815143
-0.102343231514
-0.290551006465
0.844540649666
0.747005985263
0.603704028453
0.0596167028615
0.932341673813
0.67765289803
-0.277446214214
0.155964379216
-0.312350613155
-0.93135805096
-0.634840991563
0.540292809676
-0.747293380949
0.915711302965
0.85905564699
0.68402816393
0.0735767145806
0.878360579484
0.365635327823
-0.529380537299
-0.824041870556
-0.782807041318
-0.89900936269
-0.788586556821
0.0578504168152
-0.981171789622
-0.0499175787318
-0.800984463693
0.107554994178
0.507509613591
-0.45398576364
-0.949741345872
0.0973537935237
0.342420946329
0.287546648641
-0.154451126893
-0.646685855682
-0.898519916272
0.251175957689
0.734707963193
-0.125149629685
-0.206065973818
0.786809842875
0.638534647431
0.0659939853681
0.381760931468
0.451448479971
-0.178582639216
-0.508173322142
-0.0375732004471
0.44388154581
-0.234173502741
-0.51045040621
0.117964643254
-0.983887148804
0.841287047882
-0.52980628501
-0.198774545637
0.737478568758
-0.890436117767
0.107192304136
0.0808843117435
0.985156261581
0.151527263433
-0.657817859552
0.484531465554
-0.767431722549
-0.483587214466
-0.648684663334
-0.660541523572
0.064565768189
-0.575399699641
0.741038964509
0.095611180268
1.10588426203
0.0894344681799
1.33148940339
-0.604135679346
-0.973883462789
-0.0910613820951
-0.855749218241
-0.512925503052
-0.621886783549
0.145657147116
1.08128843435
0.095218399543
-0.160436558204
0.0925802353138
-0.800580956001
-0.81102312253
-0.844100851865
0.826597719642
0.600067148427
0.0675337533951
-0.655314299323
0.444145703351
-0.623599878319
