4
0
3
2
1
136
-0.543754880575
0.541127967078
0.847662230664
0.636277805391
-0.668900041887
0.455018984027
0.0433524665275
0.455828485949
1.15497945819
0.816808975667
-0.440645668846
-0.495826742225
-0.136346676898
0.467277580505
0.605933672845
-0.0491773745627
0.93894856107
1.78819317746
-0.740387705656
0.212221312962
-0.216102813604
-0.460179939791
0.909867784597
-0.156550966869
0.0280591278684
-0.301087497866
0.7954378166
0.446668247705
0.161418597663
-0.435617018191
-0.566347073663
0.803193724862
0.769903040948
2.87773742699
0.687976356388
-0.0350197916468
-0.822547815143
-0.102343231514
-0.207633374233
0.927434530731
0.829876128141
0.603704028453
0.255247968374
0.971772326416
1.0507153797
-0.277446214214
0.155964379216
-0.11683307113
-0.891933964971
-0.261972869598
0.540292809676
-0.747293380949
0.915711302965
0.85905564699
0.68402816393
0.236239645373
0.878360579484
0.365635327823
0.165023055926
-0.824041870556
-0.782807041318
-0.89900936269
-0.788586556821
0.0578504168152
-0.981171789622
0.00838340467231
-0.754933618422
0.107554994178
0.507509613591
-0.45398576364
-0.949741345872
0.0973537935237
0.342420946329
0.287546648641
-0.154451126893
-0.412556052318
-0.838113417309
0.565076508128
0.734707963193
-0.125149629685
0.0279129416151
0.847182103957
0.952236445623
0.0659939853681
0.381760931468
0.451448479971
-0.178582639216
-0.508173322142
0.198366942073
0.44388154581
-0.234173502741
-0.0127562530153
0.117964643254
-0.983887148804
0.841287047882
-0.52980628501
-0.198774545637
0.737478568758
-0.877909018331
0.118513429867
0.0808843117435
0.985156261581
0.151527263433
-0.657817859552
0.484531465554
-0.767431722549
-0.483587214466
-0.584303223195
-0.36744310005
0.0789290858923
-0.210430087584
0.741038964509
0.159851807333
1.39841510509
0.103770670729
1.69581030151
-0.604135679346
-0.973883462789
-0.0910613820951
-0.855749218241
-0.512925503052
-0.290365197612
0.289774404193
1.22532789749
0.612763828238
-0.160436558204
0.0925802353138
-0.800580956001
-0.81102312253
-0.844100851865
0.826597719642
0.631433384894
0.0675337533951
-0.645857163758
0.444145703351
-0.623599878319
