4
0
3
2
1
136
-0.542903630531
0.577955734022
0.849432506225
0.670446658211
-0.668900041887
0.455870124856
0.0801769030728
0.457598690385
1.18914527093
0.816808975667
-0.440645668846
-0.495826742225
-0.136346676898
0.467277580505
0.749527636422
-0.0416992008089
0.946426624743
2.28511150613
-0.740387705656
0.212221312962
-0.216102813604
-0.460179939791
0.909867784597
-0.156550966869
0.0500586161473
-0.255089263407
0.795495911652
0.514860766276
0.229602840498
-0.367441049045
-0.566347073663
0.803193724862
0.769903040948
3.30599416874
0.687976356388
-0.00499584925786
-0.822547815143
-0.102343231514
-0.139465676731
0.995593958634
0.898027288489
0.603704028453
0.416241693042
1.02651620715
1.37683474526
-0.277446214214
0.155964379216
0.0440654174035
-0.837197234956
0.0639785177021
0.540292809676
-0.747293380949
0.915711302965
0.85905564699
0.68402816393
0.361549832406
0.878360579484
0.365635327823
1.02302712565
-0.824041870556
-0.782807041318
-0.89900936269
-0.788586556821
0.0578504168152
-0.981171789622
0.0501328272489
-0.682198425977
0.107554994178
0.507509613591
-0.45398576364
-0.949741345872
0.0973537935237
0.342420946329
0.287546648641
-0.154451126893
-0.209343527985
-0.77939030115
0.836091992481
0.734707963193
-0.125149629685
0.231005346044
0.905878748317
1.22309986568
0.0659939853681
0.381760931468
0.451448479971
-0.178582639216
-0.508173322142
0.411622062626
0.44388154581
-0.234173502741
0.586286933339
0.117964643254
-0.983887148804
0.841287047882
-0.52980628501
-0.198774545637
0.737478568758
-0.863729127151
0.128612164642
0.0808843117435
0.985156261581
0.151527263433
-0.657817859552
0.484531465554
-0.767431722549
-0.483587214466
-0.55656387535
-0.208689030558
0.0862316375537
-0.000712618292591
0.741038964509
0.187572214739
1.55707678116
0.111068167881
1.90541372219
-0.604135679346
-0.973883462789
-0.0910613820951
-0.855749218241
-0.512925503052
-0.0961716233886
0.349765749933
1.28531217717
1.06887450397
-0.160436558204
0.0925802353138
-0.800580956001
-0.81102312253
-0.844100851865
0.826597719642
0.655348929473
0.0675337533951
-0.642243395351
0.444145703351
-0.623599878319
