4
0
3
2
1
136
-0.542942068801
0.576213656199
0.849345731196
0.668861865955
-0.668900041887
0.455831689288
0.078434912382
0.457511917144
1.18756055552
0.816808975667
-0.440645668846
-0.495826742225
-0.136346676898
0.467277580505
0.742731399088
-0.0420491950567
0.946076633336
2.26011183089
-0.740387705656
0.212221312962
-0.216102813604
-0.460179939791
0.909867784597
-0.156550966869
0.049026720878
-0.257359306337
0.795493365902
0.511273042232
0.226015405124
-0.371028195795
-0.566347073663
0.803193724862
0.769903040948
3.28459670787
0.687976356388
-0.0063838596881
-0.822547815143
-0.102343231514
-0.143052534904
0.992007388994
0.894441007337
0.603704028453
0.409490524233
1.0232544315
1.36266249558
-0.277446214214
0.155964379216
0.037316686327
-0.840458730065
0.0498109222045
0.540292809676
-0.747293380949
0.915711302965
0.85905564699
0.68402816393
0.356514703518
0.878360579484
0.365635327823
0.973909662426
-0.824041870556
-0.782807041318
-0.89900936269
-0.788586556821
0.0578504168152
-0.981171789622
0.0485488868659
-0.686851233844
0.107554994178
0.507509613591
-0.45398576364
-0.949741345872
0.0973537935237
0.342420946329
0.287546648641
-0.154451126893
-0.218555574629
-0.782408293723
0.823897787169
0.734707963193
-0.125149629685
0.221796697732
0.902861457525
1.21091003107
0.0659939853681
0.381760931468
0.451448479971
-0.178582639216
-0.508173322142
0.401469766157
0.44388154581
-0.234173502741
0.551304660459
0.117964643254
-0.983887148804
0.841287047882
-0.52980628501
-0.198774545637
0.737478568758
-0.8644663498
0.128153847185
0.0808843117435
0.985156261581
0.151527263433
-0.657817859552
0.484531465554
-0.767431722549
-0.483587214466
-0.557715947159
-0.215923069807
0.0859224275117
-0.0104427858558
0.741038964509
0.186420568678
1.54984500646
0.110759077581
1.89568646442
-0.604135679346
-0.973883462789
-0.0910613820951
-0.855749218241
-0.512925503052
-0.105271216133
0.347257755821
1.28280432613
1.04240353087
-0.160436558204
0.0925802353138
-0.800580956001
-0.81102312253
-0.844100851865
0.826597719642
0.654136966035
0.0675337533951
-0.642385870962
0.444145703351
-0.623599878319
