4
0
3
2
1
136
-0.543254233523
0.562352035105
0.848666444421
0.656142898725
-0.668900041887
0.455519552855
0.0645741838561
0.456832648967
1.17484238619
0.816808975667
-0.440645668846
-0.495826742225
-0.136346676898
0.467277580505
0.68864565895
-0.0448470030298
0.943278854654
2.06647932113
-0.740387705656
0.212221312962
-0.216102813604
-0.460179939791
0.909867784597
-0.156550966869
0.0407807085817
-0.275096336826
0.795472413546
0.483972710606
0.198717728175
-0.398323218575
-0.566347073663
0.803193724862
0.769903040948
3.11840367142
0.687976356388
-0.0175405479943
-0.822547815143
-0.102343231514
-0.170344904023
0.964717673026
0.867153944012
0.603704028453
0.351581992437
0.999632072176
1.24273146949
-0.277446214214
0.155964379216
-0.0205644802907
-0.86407855526
-0.0700697363637
0.540292809676
-0.747293380949
0.915711302965
0.85905564699
0.68402816393
0.312442094685
0.878360579484
0.365635327823
0.613291383323
-0.824041870556
-0.782807041318
-0.89900936269
-0.788586556821
0.0578504168152
-0.981171789622
0.0343233025702
-0.719258929353
0.107554994178
0.507509613591
-0.45398576364
-0.949741345872
0.0973537935237
0.342420946329
0.287546648641
-0.154451126893
-0.294387856156
-0.80555523706
0.722849282887
0.734707963193
-0.125149629685
0.146000397349
0.879722153607
1.10990740952
0.0659939853681
0.381760931468
0.451448479971
-0.178582639216
-0.508173322142
0.32006563953
0.44388154581
-0.234173502741
0.298355552579
0.117964643254
-0.983887148804
0.841287047882
-0.52980628501
-0.198774545637
0.737478568758
-0.870196848194
0.124361867896
0.0808843117435
0.985156261581
0.151527263433
-0.657817859552
0.484531465554
-0.767431722549
-0.483587214466
-0.567456076613
-0.27462313362
0.0833223169581
-0.0888173868333
0.741038964509
0.176685123651
1.49116902609
0.10816026443
1.81734231572
-0.604135679346
-0.973883462789
-0.0910613820951
-0.855749218241
-0.512925503052
-0.178242228281
0.326140394837
1.26168859826
0.851446261934
-0.160436558204
0.0925802353138
-0.800580956001
-0.81102312253
-0.844100851865
0.826597719642
0.644734575386
0.0675337533951
-0.643617884095
0.444145703351
-0.623599878319
