4
0
3
2
1
136
-0.542884809297
0.5788116283
0.849475257674
0.671224177144
-0.668900041887
0.455888944822
0.0810327562763
0.457641440993
1.18992275372
0.816808975667
-0.440645668846
-0.495826742225
-0.136346676898
0.467277580505
0.75286642787
-0.0415273768072
0.946598447405
2.29744838377
-0.740387705656
0.212221312962
-0.216102813604
-0.460179939791
0.909867784597
-0.156550966869
0.0505652005171
-0.253970685424
0.795497155393
0.516635947379
0.231377883317
-0.365666144489
-0.566347073663
0.803193724862
0.769903040948
3.31654896663
0.687976356388
-0.00431505279446
-0.822547815143
-0.102343231514
-0.137690910417
0.997368586727
0.899801778382
0.603704028453
0.419512030657
1.02814131669
1.38371121654
-0.277446214214
0.155964379216
0.0473346300783
-0.835572259894
0.070852829203
0.540292809676
-0.747293380949
0.915711302965
0.85905564699
0.68402816393
0.363980363721
0.878360579484
0.365635327823
1.04746902112
-0.824041870556
-0.782807041318
-0.89900936269
-0.788586556821
0.0578504168152
-0.981171789622
0.0508943154502
-0.679862637496
0.107554994178
0.507509613591
-0.45398576364
-0.949741345872
0.0973537935237
0.342420946329
0.287546648641
-0.154451126893
-0.204847842541
-0.777897178844
0.842032286938
0.734707963193
-0.125149629685
0.235499446492
0.907371544473
1.22903811922
0.0659939853681
0.381760931468
0.451448479971
-0.178582639216
-0.508173322142
0.416600597788
0.44388154581
-0.234173502741
0.603756729764
0.117964643254
-0.983887148804
0.841287047882
-0.52980628501
-0.198774545637
0.737478568758
-0.863366410582
0.128835403712
0.0808843117435
0.985156261581
0.151527263433
-0.657817859552
0.484531465554
-0.767431722549
-0.483587214466
-0.556003777178
-0.20514809856
0.0863820507149
0.00405555710039
0.741038964509
0.188132114728
1.56061665343
0.111218525195
1.91018053251
-0.604135679346
-0.973883462789
-0.0910613820951
-0.855749218241
-0.512925503052
-0.0917092454048
0.350986014425
1.28653237541
1.08210320297
-0.160436558204
0.0925802353138
-0.800580956001
-0.81102312253
-0.844100851865
0.826597719642
0.655946385732
0.0675337533951
-0.642174384054
0.444145703351
-0.623599878319
