4
0
3
2
1
136
-0.545544135816
0.474063070727
0.844710772234
0.569933616023
-0.668900041887
0.453230810171
-0.0236844975797
0.452877710296
1.08866358506
0.816808975667
-0.440645668846
-0.495826742225
-0.136346676898
0.467277580505
0.349073052997
-0.0632989880606
0.924827909556
1.05023638111
-0.740387705656
0.212221312962
-0.216102813604
-0.460179939791
0.909867784597
-0.156550966869
-0.0120856780437
-0.372757225822
0.795305339495
0.36533303706
0.0801064810847
-0.516906053216
-0.566347073663
0.803193724862
0.769903040948
2.22341978267
0.687976356388
-0.0936494773647
-0.822547815143
-0.102343231514
-0.28889934021
0.84619162131
0.74865626279
0.603704028453
0.062379006468
0.932841418545
0.682882064851
-0.277446214214
0.155964379216
-0.309589271784
-0.93085836958
-0.629613574706
0.540292809676
-0.747293380949
0.915711302965
0.85905564699
0.68402816393
0.07592675882
0.878360579484
0.365635327823
-0.520273219687
-0.824041870556
-0.782807041318
-0.89900936269
-0.788586556821
0.0578504168152
-0.981171789622
-0.0490668402883
-0.800430764439
0.107554994178
0.507509613591
-0.45398576364
-0.949741345872
0.0973537935237
0.342420946329
0.287546648641
-0.154451126893
-0.643336725111
-0.897673004856
0.25572225057
0.734707963193
-0.125149629685
-0.202718278885
0.787656444771
0.643078880444
0.0659939853681
0.381760931468
0.451448479971
-0.178582639216
-0.508173322142
-0.0341886343941
0.44388154581
-0.234173502741
-0.503720670669
0.117964643254
-0.983887148804
0.841287047882
-0.52980628501
-0.198774545637
0.737478568758
-0.890268807754
0.10735425479
0.0808843117435
0.985156261581
0.151527263433
-0.657817859552
0.484531465554
-0.767431722549
-0.483587214466
-0.646907808987
-0.653225339961
0.0649030213747
-0.566579436425
0.741038964509
0.0973827609737
1.11318006983
0.089770911507
1.34028687917
-0.604135679346
-0.973883462789
-0.0910613820951
-0.855749218241
-0.512925503052
-0.613905254351
0.149856922333
1.08548457402
0.10600574851
-0.160436558204
0.0925802353138
-0.800580956001
-0.81102312253
-0.844100851865
0.826597719642
0.600702073345
0.0675337533951
-0.655042395372
0.444145703351
-0.623599878319
