4
0
3
2
1
136
-0.543413875223
0.555453569284
0.848335483169
0.649739226142
-0.668900041887
0.455359930943
0.0576763260026
0.456501700625
1.16843926598
0.816808975667
-0.440645668846
-0.495826742225
-0.136346676898
0.467277580505
0.661738121489
-0.0462481625034
0.941877715244
1.97361571566
-0.740387705656
0.212221312962
-0.216102813604
-0.460179939791
0.909867784597
-0.156550966869
0.0366564469634
-0.283702675791
0.795461511631
0.471237482512
0.185984065682
-0.411055315841
-0.566347073663
0.803193724862
0.769903040948
3.03836263951
0.687976356388
-0.0231684152906
-0.822547815143
-0.102343231514
-0.183075436436
0.951988705092
0.854426540183
0.603704028453
0.320590883422
0.9894813056
1.17994673337
-0.277446214214
0.155964379216
-0.0515365554806
-0.874227911884
-0.132820853563
0.540292809676
-0.747293380949
0.915711302965
0.85905564699
0.68402816393
0.288283105216
0.878360579484
0.365635327823
0.453757100815
-0.824041870556
-0.782807041318
-0.89900936269
-0.788586556821
0.0578504168152
-0.981171789622
0.0262659153827
-0.732559066487
0.107554994178
0.507509613591
-0.45398576364
-0.949741345872
0.0973537935237
0.342420946329
0.287546648641
-0.154451126893
-0.333182671087
-0.81656415423
0.671005397556
0.734707963193
-0.125149629685
0.107229375239
0.868718468674
1.05809358676
0.0659939853681
0.381760931468
0.451448479971
-0.178582639216
-0.508173322142
0.279599244911
0.44388154581
-0.234173502741
0.187711200468
0.117964643254
-0.983887148804
0.841287047882
-0.52980628501
-0.198774545637
0.737478568758
-0.8728844752
0.122427519913
0.0808843117435
0.985156261581
0.151527263433
-0.657817859552
0.484531465554
-0.767431722549
-0.483587214466
-0.572679360514
-0.304471514198
0.0819429704583
-0.128248136788
0.741038964509
0.171465268035
1.46133757469
0.106781845279
1.77793256473
-0.604135679346
-0.973883462789
-0.0910613820951
-0.855749218241
-0.512925503052
-0.214737637006
0.314858669522
1.25040812559
0.76769813743
-0.160436558204
0.0925802353138
-0.800580956001
-0.81102312253
-0.844100851865
0.826597719642
0.640249741894
0.0675337533951
-0.644298012964
0.444145703351
-0.623599878319
