4
0
3
2
1
136
-0.543235519313
0.563168993774
0.848705943412
0.656897962531
-0.668900041887
0.455538265008
0.0653910786207
0.456872146612
1.1755973923
0.816808975667
-0.440645668846
-0.495826742225
-0.136346676898
0.467277580505
0.691833005573
-0.0446814618582
0.943444393721
2.07763084258
-0.740387705656
0.212221312962
-0.216102813604
-0.460179939791
0.909867784597
-0.156550966869
0.0412683036696
-0.274067266428
0.795473683368
0.485518976015
0.200263819049
-0.396777302198
-0.566347073663
0.803193724862
0.769903040948
3.12799944119
0.687976356388
-0.0168774166648
-0.822547815143
-0.102343231514
-0.168799162105
0.966263240524
0.868699337128
0.603704028453
0.355177150139
1.00090553601
1.25008072816
-0.277446214214
0.155964379216
-0.0169713487639
-0.862805253693
-0.0627241126061
0.540292809676
-0.747293380949
0.915711302965
0.85905564699
0.68402816393
0.315220566899
0.878360579484
0.365635327823
0.63306035
-0.824041870556
-0.782807041318
-0.89900936269
-0.788586556821
0.0578504168152
-0.981171789622
0.0352386844703
-0.717565252921
0.107554994178
0.507509613591
-0.45398576364
-0.949741345872
0.0973537935237
0.342420946329
0.287546648641
-0.154451126893
-0.289819725182
-0.8042293878
0.728953355858
0.734707963193
-0.125149629685
0.15056595529
0.881047444751
1.11600822136
0.0659939853681
0.381760931468
0.451448479971
-0.178582639216
-0.508173322142
0.324875281526
0.44388154581
-0.234173502741
0.312095548752
0.117964643254
-0.983887148804
0.841287047882
-0.52980628501
-0.198774545637
0.737478568758
-0.869869509001
0.124590273069
0.0808843117435
0.985156261581
0.151527263433
-0.657817859552
0.484531465554
-0.767431722549
-0.483587214466
-0.566853940286
-0.271113395992
0.0834821155079
-0.0841615881005
0.741038964509
0.177286908872
1.49467700158
0.108319966977
1.82199591191
-0.604135679346
-0.973883462789
-0.0910613820951
-0.855749218241
-0.512925503052
-0.17392355964
0.327442334035
1.26299041171
0.861818723955
-0.160436558204
0.0925802353138
-0.800580956001
-0.81102312253
-0.844100851865
0.826597719642
0.645275038544
0.0675337533951
-0.643540332568
0.444145703351
-0.623599878319
