4
0
3
2
1
136
-0.543408423493
0.555687088652
0.848346612441
0.649956817809
-0.668900041887
0.455365381927
0.0579098226509
0.456512829411
1.16865683689
0.816808975667
-0.440645668846
-0.495826742225
-0.136346676898
0.467277580505
0.662648713009
-0.0462006340651
0.941925242931
1.97672120712
-0.740387705656
0.212221312962
-0.216102813604
-0.460179939791
0.909867784597
-0.156550966869
0.0367962490849
-0.283413797074
0.79546188597
0.471659100095
0.186405627584
-0.410633809605
-0.566347073663
0.803193724862
0.769903040948
3.04104333586
0.687976356388
-0.0229770740686
-0.822547815143
-0.102343231514
-0.182653985852
0.952410100039
0.854847879506
0.603704028453
0.321654488951
0.989807346464
1.18208468311
-0.277446214214
0.155964379216
-0.0504736456506
-0.873901919549
-0.130684117956
0.540292809676
-0.747293380949
0.915711302965
0.85905564699
0.68402816393
0.289118188387
0.878360579484
0.365635327823
0.458940952883
-0.824041870556
-0.782807041318
-0.89900936269
-0.788586556821
0.0578504168152
-0.981171789622
0.0265472597314
-0.73213730296
0.107554994178
0.507509613591
-0.45398576364
-0.949741345872
0.0973537935237
0.342420946329
0.287546648641
-0.154451126893
-0.331866739592
-0.816197187006
0.672763591709
0.734707963193
-0.125149629685
0.108544446175
0.869085244615
1.05985069584
0.0659939853681
0.381760931468
0.451448479971
-0.178582639216
-0.508173322142
0.280961822898
0.44388154581
-0.234173502741
0.191302746762
0.117964643254
-0.983887148804
0.841287047882
-0.52980628501
-0.198774545637
0.737478568758
-0.872795967022
0.122492939031
0.0808843117435
0.985156261581
0.151527263433
-0.657817859552
0.484531465554
-0.767431722549
-0.483587214466
-0.572498509781
-0.303455309393
0.0819905058784
-0.126910608872
0.741038964509
0.171645988124
1.46235314268
0.106829345687
1.77926930757
-0.604135679346
-0.973883462789
-0.0910613820951
-0.855749218241
-0.512925503052
-0.21350199519
0.315249010463
1.25079841801
0.77042635146
-0.160436558204
0.0925802353138
-0.800580956001
-0.81102312253
-0.844100851865
0.826597719642
0.640399158778
0.0675337533951
-0.644274245437
0.444145703351
-0.623599878319
