4
0
3
2
1
136
-0.546127690799
0.454785815926
0.843903151508
0.549667577954
-0.668900041887
0.452648146664
-0.0429410864158
0.452070647312
1.06842002212
0.816808975667
-0.440645668846
-0.495826742225
-0.136346676898
0.467277580505
0.277890345002
-0.0675122554185
0.920615377938
0.875414662251
-0.740387705656
0.212221312962
-0.216102813604
-0.460179939791
0.909867784597
-0.156550966869
-0.0232731411833
-0.390067944841
0.795259554232
0.350949612288
0.0657294667865
-0.53127666176
-0.566347073663
0.803193724862
0.769903040948
2.06413522154
0.687976356388
-0.111539733993
-0.822547815143
-0.102343231514
-0.303263547717
0.831833810127
0.734304843222
0.603704028453
0.0400183160475
0.928812149134
0.640536751004
-0.277446214214
0.155964379216
-0.331942682667
-0.934887148975
-0.671945530641
0.540292809676
-0.747293380949
0.915711302965
0.85905564699
0.68402816393
0.0568713989824
0.878360579484
0.365635327823
-0.593802678864
-0.824041870556
-0.782807041318
-0.89900936269
-0.788586556821
0.0578504168152
-0.981171789622
-0.0559646712483
-0.804876969639
0.107554994178
0.507509613591
-0.45398576364
-0.949741345872
0.0973537935237
0.342420946329
0.287546648641
-0.154451126893
-0.67049714388
-0.904531401325
0.218784901796
0.734707963193
-0.125149629685
-0.229867729281
0.78080039616
0.606157452996
0.0659939853681
0.381760931468
0.451448479971
-0.178582639216
-0.508173322142
-0.0616615448186
0.44388154581
-0.234173502741
-0.558200369041
0.117964643254
-0.983887148804
0.841287047882
-0.52980628501
-0.198774545637
0.737478568758
-0.89162174795
0.106039626075
0.0808843117435
0.985156261581
0.151527263433
-0.657817859552
0.484531465554
-0.767431722549
-0.483587214466
-0.662810989321
-0.718088213706
0.0619811669172
-0.644441045673
0.741038964509
0.0815263465497
1.04850003374
0.0868559461406
1.26262938985
-0.604135679346
-0.973883462789
-0.0910613820951
-0.855749218241
-0.512925503052
-0.684375812468
0.111618261153
1.04728044006
0.0121771565487
-0.160436558204
0.0925802353138
-0.800580956001
-0.81102312253
-0.844100851865
0.826597719642
0.595247610048
0.0675337533951
-0.657484620409
0.444145703351
-0.623599878319
