4
0
3
2
1
136
-0.543150081872
0.566921160971
0.848888203437
0.660357000347
-0.668900041887
0.455623693686
0.0691429720966
0.457054400893
1.17905618393
0.816808975667
-0.440645668846
-0.495826742225
-0.136346676898
0.467277580505
0.706473204818
-0.0439222094209
0.944203637159
2.12926719373
-0.740387705656
0.212221312962
-0.216102813604
-0.460179939791
0.909867784597
-0.156550966869
0.0435053195686
-0.26931443284
0.795479458547
0.492722904272
0.207466975121
-0.38957491815
-0.566347073663
0.803193724862
0.769903040948
3.17239047884
0.687976356388
-0.0138408093323
-0.822547815143
-0.102343231514
-0.161597549919
0.973464081009
0.875899406073
0.603704028453
0.371427711849
1.00694796632
1.28346796313
-0.277446214214
0.155964379216
-0.000729424048781
-0.856763550596
-0.0293525202246
0.540292809676
-0.747293380949
0.915711302965
0.85905564699
0.68402816393
0.327713261378
0.878360579484
0.365635327823
0.726239712747
-0.824041870556
-0.782807041318
-0.89900936269
-0.788586556821
0.0578504168152
-0.981171789622
0.0393243534451
-0.709449850637
0.107554994178
0.507509613591
-0.45398576364
-0.949741345872
0.0973537935237
0.342420946329
0.287546648641
-0.154451126893
-0.268965633223
-0.798081056404
0.756805937007
0.734707963193
-0.125149629685
0.171408952555
0.887193389196
1.14384671032
0.0659939853681
0.381760931468
0.451448479971
-0.178582639216
-0.508173322142
0.346969867108
0.44388154581
-0.234173502741
0.37700396642
0.117964643254
-0.983887148804
0.841287047882
-0.52980628501
-0.198774545637
0.737478568758
-0.868345680815
0.125633885748
0.0808843117435
0.985156261581
0.151527263433
-0.657817859552
0.484531465554
-0.767431722549
-0.483587214466
-0.564133421907
-0.255068604875
0.0842058603901
-0.0628272435658
0.741038964509
0.180005947373
1.51071429743
0.109043305049
1.84332084719
-0.604135679346
-0.973883462789
-0.0910613820951
-0.855749218241
-0.512925503052
-0.15410809655
0.33332949365
1.2688770469
0.910791375935
-0.160436558204
0.0925802353138
-0.800580956001
-0.81102312253
-0.844100851865
0.826597719642
0.647780986367
0.0675337533951
-0.643192191072
0.444145703351
-0.623599878319
