4
0
3
2
1
136
-0.542886497895
0.578734761546
0.849471415022
0.67115437872
-0.668900041887
0.455887256335
0.0809558931657
0.457637598416
1.1898529585
0.816808975667
-0.440645668846
-0.495826742225
-0.136346676898
0.467277580505
0.752566582557
-0.0415428045941
0.946583019737
2.29633896048
-0.740387705656
0.212221312962
-0.216102813604
-0.460179939791
0.909867784597
-0.156550966869
0.0505197155198
-0.254071231865
0.795497043883
0.516476185131
0.231218133393
-0.365825882091
-0.566347073663
0.803193724862
0.769903040948
3.31559991932
0.687976356388
-0.00437616353643
-0.822547815143
-0.102343231514
-0.137850635699
0.997208873764
0.899642077737
0.603704028453
0.419219585989
1.02799476772
1.38309601433
-0.277446214214
0.155964379216
0.0470422845315
-0.835718796882
0.0702378176107
0.540292809676
-0.747293380949
0.915711302965
0.85905564699
0.68402816393
0.363763247707
0.878360579484
0.365635327823
1.04526558503
-0.824041870556
-0.782807041318
-0.89900936269
-0.788586556821
0.0578504168152
-0.981171789622
0.0508263751035
-0.680073762219
0.107554994178
0.507509613591
-0.45398576364
-0.949741345872
0.0973537935237
0.342420946329
0.287546648641
-0.154451126893
-0.20525076879
-0.778031560592
0.841500195984
0.734707963193
-0.125149629685
0.235096660354
0.907237191527
1.22850620874
0.0659939853681
0.381760931468
0.451448479971
-0.178582639216
-0.508173322142
0.416153741266
0.44388154581
-0.234173502741
0.602180079362
0.117964643254
-0.983887148804
0.841287047882
-0.52980628501
-0.198774545637
0.737478568758
-0.863398995897
0.128815408527
0.0808843117435
0.985156261581
0.151527263433
-0.657817859552
0.484531465554
-0.767431722549
-0.483587214466
-0.556053919279
-0.205465743023
0.0863685830398
0.00362767633161
0.741038964509
0.188081990138
1.56029910276
0.111205062457
1.90975277264
-0.604135679346
-0.973883462789
-0.0910613820951
-0.855749218241
-0.512925503052
-0.0921097708068
0.35087674536
1.28642311219
1.08090904628
-0.160436558204
0.0925802353138
-0.800580956001
-0.81102312253
-0.844100851865
0.826597719642
0.655892676962
0.0675337533951
-0.642180555363
0.444145703351
-0.623599878319
