4
0
3
2
1
136
-0.543264520984
0.561903688497
0.848644795149
0.655728225311
-0.668900041887
0.455509266547
0.0641258730064
0.45681100045
1.17442774509
0.816808975667
-0.440645668846
-0.495826742225
-0.136346676898
0.467277580505
0.686896497575
-0.0449378870214
0.94318797184
2.06037323712
-0.740387705656
0.212221312962
-0.216102813604
-0.460179939791
0.909867784597
-0.156550966869
0.040513038713
-0.275660209619
0.795471714771
0.48312752254
0.197872636871
-0.399168213139
-0.566347073663
0.803193724862
0.769903040948
3.11314805593
0.687976356388
-0.0179047748569
-0.822547815143
-0.102343231514
-0.171189801868
0.963872871879
0.866309239541
0.603704028453
0.349601067596
0.998939619318
1.23868786621
-0.277446214214
0.155964379216
-0.0225442714677
-0.864770918539
-0.0741113111607
0.540292809676
-0.747293380949
0.915711302965
0.85905564699
0.68402816393
0.310908949133
0.878360579484
0.365635327823
0.602520996817
-0.824041870556
-0.782807041318
-0.89900936269
-0.788586556821
0.0578504168152
-0.981171789622
0.0338171749794
-0.720177484524
0.107554994178
0.507509613591
-0.45398576364
-0.949741345872
0.0973537935237
0.342420946329
0.287546648641
-0.154451126893
-0.296898303795
-0.806280918606
0.719494501045
0.734707963193
-0.125149629685
0.143491385135
0.878996784126
1.10655444595
0.0659939853681
0.381760931468
0.451448479971
-0.178582639216
-0.508173322142
0.317426817873
0.44388154581
-0.234173502741
0.29087356321
0.117964643254
-0.983887148804
0.841287047882
-0.52980628501
-0.198774545637
0.737478568758
-0.870375753538
0.124236389835
0.0808843117435
0.985156261581
0.151527263433
-0.657817859552
0.484531465554
-0.767431722549
-0.483587214466
-0.567788014072
-0.276551656881
0.0832342897476
-0.0913739414437
0.741038964509
0.176353383502
1.48924149056
0.108072291084
1.81478699419
-0.604135679346
-0.973883462789
-0.0910613820951
-0.855749218241
-0.512925503052
-0.18061280222
0.325422827463
1.26097110177
0.845796537145
-0.160436558204
0.0925802353138
-0.800580956001
-0.81102312253
-0.844100851865
0.826597719642
0.644438779494
0.0675337533951
-0.643660711957
0.444145703351
-0.623599878319
