4
0
3
2
1
136
-0.544001448545
0.531102502214
0.847201569396
0.626720740484
-0.668900041887
0.454772475955
0.0333287306201
0.455367863168
1.14542402656
0.816808975667
-0.440645668846
-0.495826742225
-0.136346676898
0.467277580505
0.566981075968
-0.051243721198
0.936882272289
1.66436703054
-0.740387705656
0.212221312962
-0.216102813604
-0.460179939791
0.909867784597
-0.156550966869
0.022025206527
-0.312848015175
0.79542034969
0.431013038602
0.14576640774
-0.451266190042
-0.566347073663
0.803193724862
0.769903040948
2.76976995029
0.687976356388
-0.0434486071319
-0.822547815143
-0.102343231514
-0.22327952912
0.911791391701
0.814236003861
0.603704028453
0.212102427336
0.96190590319
0.967275283011
-0.277446214214
0.155964379216
-0.159947101617
-0.901798595949
-0.345360040304
0.540292809676
-0.747293380949
0.915711302965
0.85905564699
0.68402816393
0.201151945568
0.878360579484
0.365635327823
-0.00256899802409
-0.824041870556
-0.782807041318
-0.89900936269
-0.788586556821
0.0578504168152
-0.981171789622
-0.00398529426703
-0.766940101179
0.107554994178
0.507509613591
-0.45398576364
-0.949741345872
0.0973537935237
0.342420946329
0.287546648641
-0.154451126893
-0.464044300891
-0.851676011112
0.496437982021
0.734707963193
-0.125149629685
-0.0235360825186
0.833628544628
0.883647692246
0.0659939853681
0.381760931468
0.451448479971
-0.178582639216
-0.508173322142
0.146331694111
0.44388154581
-0.234173502741
-0.130241185863
0.117964643254
-0.983887148804
0.841287047882
-0.52980628501
-0.198774545637
0.737478568758
-0.880887329154
0.116006695308
0.0808843117435
0.985156261581
0.151527263433
-0.657817859552
0.484531465554
-0.767431722549
-0.483587214466
-0.593029727542
-0.412028486272
0.0767315688554
-0.267762328912
0.741038964509
0.151136005809
1.35387787527
0.101575795529
1.63853537763
-0.604135679346
-0.973883462789
-0.0910613820951
-0.855749218241
-0.512925503052
-0.342815535273
0.27089061695
1.20644857696
0.516769286728
-0.160436558204
0.0925802353138
-0.800580956001
-0.81102312253
-0.844100851865
0.826597719642
0.625700986431
0.0675337533951
-0.64706614748
0.444145703351
-0.623599878319
