4
0
3
2
1
136
-0.543451300648
0.553854376502
0.848259404479
0.648247547442
-0.668900041887
0.455322510782
0.0560772931698
0.456425625359
1.16694773361
0.816808975667
-0.440645668846
-0.495826742225
-0.136346676898
0.467277580505
0.655502790994
-0.0465738343136
0.941552048728
1.95242019564
-0.740387705656
0.212221312962
-0.216102813604
-0.460179939791
0.909867784597
-0.156550966869
0.0356987148841
-0.28567631684
0.795458937983
0.468368162978
0.183115132491
-0.41392386279
-0.566347073663
0.803193724862
0.769903040948
3.02005863509
0.687976356388
-0.024480340136
-0.822547815143
-0.102343231514
-0.185943597243
0.949120930326
0.851559151358
0.603704028453
0.313289219029
0.987281381646
1.16530139276
-0.277446214214
0.155964379216
-0.0588333728173
-0.876427502837
-0.147457761344
0.540292809676
-0.747293380949
0.915711302965
0.85905564699
0.68402816393
0.282539265676
0.878360579484
0.365635327823
0.418665735722
-0.824041870556
-0.782807041318
-0.89900936269
-0.788586556821
0.0578504168152
-0.981171789622
0.0243255416423
-0.735395564022
0.107554994178
0.507509613591
-0.45398576364
-0.949741345872
0.0973537935237
0.342420946329
0.287546648641
-0.154451126893
-0.342190649946
-0.819065710078
0.658971461217
0.734707963193
-0.125149629685
0.0982273789823
0.866218246375
1.04606719068
0.0659939853681
0.381760931468
0.451448479971
-0.178582639216
-0.508173322142
0.270288714205
0.44388154581
-0.234173502741
0.163399406432
0.117964643254
-0.983887148804
0.841287047882
-0.52980628501
-0.198774545637
0.737478568758
-0.873485476148
0.121980131985
0.0808843117435
0.985156261581
0.151527263433
-0.657817859552
0.484531465554
-0.767431722549
-0.483587214466
-0.573925418314
-0.311440834398
0.0816159269237
-0.137411654901
0.741038964509
0.170220134717
1.45437274388
0.106455048778
1.76877457164
-0.604135679346
-0.973883462789
-0.0910613820951
-0.855749218241
-0.512925503052
-0.223198832219
0.312169580614
1.2477193817
0.749204481042
-0.160436558204
0.0925802353138
-0.800580956001
-0.81102312253
-0.844100851865
0.826597719642
0.639231199205
0.0675337533951
-0.6444621905
0.444145703351
-0.623599878319
