4
0
3
2
1
136
-0.544198045231
0.523300398149
0.846848584741
0.619202034753
-0.668900041887
0.454575940564
0.0255283526859
0.455014917699
1.13790697695
0.816808975667
-0.440645668846
-0.495826742225
-0.136346676898
0.467277580505
0.536751954503
-0.0528616517724
0.935264399815
1.57136284915
-0.740387705656
0.212221312962
-0.216102813604
-0.460179939791
0.909867784597
-0.156550966869
0.0173256077502
-0.321760126203
0.795406229518
0.419713232555
0.134469136728
-0.462560927088
-0.566347073663
0.803193724862
0.769903040948
2.68825271311
0.687976356388
-0.0500867877474
-0.822547815143
-0.102343231514
-0.234571733271
0.900501719378
0.802948862298
0.603704028453
0.181661148354
0.955506615764
0.909025816494
-0.277446214214
0.155964379216
-0.190367514638
-0.908196723155
-0.403574437755
0.540292809676
-0.747293380949
0.915711302965
0.85905564699
0.68402816393
0.176091671671
0.878360579484
0.365635327823
-0.113833321617
-0.824041870556
-0.782807041318
-0.89900936269
-0.788586556821
0.0578504168152
-0.981171789622
-0.0129248601834
-0.774549231068
0.107554994178
0.507509613591
-0.45398576364
-0.949741345872
0.0973537935237
0.342420946329
0.287546648641
-0.154451126893
-0.500260621622
-0.861095047035
0.448114868901
0.734707963193
-0.125149629685
-0.0597256791888
0.82421566373
0.835358926966
0.0659939853681
0.381760931468
0.451448479971
-0.178582639216
-0.508173322142
0.10987388453
0.44388154581
-0.234173502741
-0.209032856162
0.117964643254
-0.983887148804
0.841287047882
-0.52980628501
-0.198774545637
0.737478568758
-0.882881845066
0.11425452183
0.0808843117435
0.985156261581
0.151527263433
-0.657817859552
0.484531465554
-0.767431722549
-0.483587214466
-0.600123195156
-0.446817103474
0.0749953322627
-0.312003027557
0.741038964509
0.14405327308
1.3191358778
0.0998420756896
1.59434940172
-0.604135679346
-0.973883462789
-0.0910613820951
-0.855749218241
-0.512925503052
-0.383145217052
0.255461351373
1.19102406863
0.447884506753
-0.160436558204
0.0925802353138
-0.800580956001
-0.81102312253
-0.844100851865
0.826597719642
0.621504223819
0.0675337533951
-0.648070948606
0.444145703351
-0.623599878319
