4
0
3
2
1
136
-0.542933834153
0.576586197882
0.849364260912
0.669201025213
-0.668900041887
0.455839923344
0.0788074350199
0.457530446469
1.18789969798
0.816808975667
-0.440645668846
-0.495826742225
-0.136346676898
0.467277580505
0.744184819362
-0.0419743191133
0.946151508658
2.26544551164
-0.740387705656
0.212221312962
-0.216102813604
-0.460179939791
0.909867784597
-0.156550966869
0.049247479888
-0.256874616633
0.79549391192
0.512037393509
0.226779693851
-0.370263969607
-0.566347073663
0.803193724862
0.769903040948
3.28916288729
0.687976356388
-0.00608677250712
-0.822547815143
-0.102343231514
-0.142288371244
0.992771490134
0.895205045968
0.603704028453
0.410944883117
1.02394672062
1.36571276245
-0.277446214214
0.155964379216
0.038770506845
-0.839766501704
0.0528601641794
0.540292809676
-0.747293380949
0.915711302965
0.85905564699
0.68402816393
0.357601367904
0.878360579484
0.365635327823
0.984342144677
-0.824041870556
-0.782807041318
-0.89900936269
-0.788586556821
0.0578504168152
-0.981171789622
0.0488914599441
-0.68586760335
0.107554994178
0.507509613591
-0.45398576364
-0.949741345872
0.0973537935237
0.342420946329
0.287546648641
-0.154451126893
-0.216578731449
-0.781765222511
0.82651692079
0.734707963193
-0.125149629685
0.223772794443
0.903504374289
1.21352820524
0.0659939853681
0.381760931468
0.451448479971
-0.178582639216
-0.508173322142
0.403642912749
0.44388154581
-0.234173502741
0.558721417508
0.117964643254
-0.983887148804
0.841287047882
-0.52980628501
-0.198774545637
0.737478568758
-0.86430884083
0.128252290355
0.0808843117435
0.985156261581
0.151527263433
-0.657817859552
0.484531465554
-0.767431722549
-0.483587214466
-0.557468219603
-0.214373098008
0.0859888949911
-0.00835925484043
0.741038964509
0.1866682026
1.55139448159
0.110825518753
1.89776935806
-0.604135679346
-0.973883462789
-0.0910613820951
-0.855749218241
-0.512925503052
-0.103323452714
0.347796824974
1.28334336373
1.04801375257
-0.160436558204
0.0925802353138
-0.800580956001
-0.81102312253
-0.844100851865
0.826597719642
0.654395665963
0.0675337533951
-0.642355175272
0.444145703351
-0.623599878319
