4
0
3
2
1
136
-0.542807818776
0.582332725064
0.84965196316
0.674415266574
-0.668900041887
0.4559659305
0.0845536954442
0.457818143265
1.19311370493
0.816808975667
-0.440645668846
-0.495826742225
-0.136346676898
0.467277580505
0.766599928304
-0.0408214019826
0.947304417087
2.34857842264
-0.740387705656
0.212221312962
-0.216102813604
-0.460179939791
0.909867784597
-0.156550966869
0.0526464651211
-0.249346252044
0.795502223918
0.524024802472
0.238766193613
-0.358278378912
-0.566347073663
0.803193724862
0.769903040948
3.36026323708
0.687976356388
-0.00152218120363
-0.822547815143
-0.102343231514
-0.130303689481
1.0047552631
0.907187910276
0.603704028453
0.432640214253
1.03497805617
1.41138049835
-0.277446214214
0.155964379216
0.0604586578092
-0.828736050455
0.0985140607074
0.540292809676
-0.747293380949
0.915711302965
0.85905564699
0.68402816393
0.373679146112
0.878360579484
0.365635327823
1.15016182333
-0.824041870556
-0.782807041318
-0.89900936269
-0.788586556821
0.0578504168152
-0.981171789622
0.0539127572018
-0.669902899701
0.107554994178
0.507509613591
-0.45398576364
-0.949741345872
0.0973537935237
0.342420946329
0.287546648641
-0.154451126893
-0.186568536933
-0.771678102113
0.866099660716
0.734707963193
-0.125149629685
0.253772789565
0.913589400453
1.25309780229
0.0659939853681
0.381760931468
0.451448479971
-0.178582639216
-0.508173322142
0.437013001211
0.44388154581
-0.234173502741
0.677646184382
0.117964643254
-0.983887148804
0.841287047882
-0.52980628501
-0.198774545637
0.737478568758
-0.861872917181
0.129739480493
0.0808843117435
0.985156261581
0.151527263433
-0.657817859552
0.484531465554
-0.767431722549
-0.483587214466
-0.553740675933
-0.190676590569
0.0869902739513
0.0235791225851
0.741038964509
0.19039447156
1.57508414619
0.111826538049
1.92969890464
-0.604135679346
-0.973883462789
-0.0910613820951
-0.855749218241
-0.512925503052
-0.0734159804319
0.355923385749
1.29146950002
1.13812962839
-0.160436558204
0.0925802353138
-0.800580956001
-0.81102312253
-0.844100851865
0.826597719642
0.658416849416
0.0675337533951
-0.641897261132
0.444145703351
-0.623599878319
