4
0
3
2
1
136
-0.545825042941
0.46463752992
0.844314580833
0.560100792904
-0.668900041887
0.452950284095
-0.0331010409742
0.452481757453
1.07884043106
0.816808975667
-0.440645668846
-0.495826742225
-0.136346676898
0.467277580505
0.314058474297
-0.0653488103592
0.922778405599
0.962821042625
-0.740387705656
0.212221312962
-0.216102813604
-0.460179939791
0.909867784597
-0.156550966869
-0.0175914708048
-0.38141603722
0.795283441965
0.357887866222
0.0726645276835
-0.524344791508
-0.566347073663
0.803193724862
0.769903040948
2.14398335204
0.687976356388
-0.102335342163
-0.822547815143
-0.102343231514
-0.296334865718
0.838759306262
0.74122715588
0.603704028453
0.0503400234058
0.930667705694
0.660088074678
-0.277446214214
0.155964379216
-0.321624192915
-0.933031812189
-0.652400146319
0.540292809676
-0.747293380949
0.915711302965
0.85905564699
0.68402816393
0.0656762703571
0.878360579484
0.365635327823
-0.559913725878
-0.824041870556
-0.782807041318
-0.89900936269
-0.788586556821
0.0578504168152
-0.981171789622
-0.0527775637635
-0.802834479431
0.107554994178
0.507509613591
-0.45398576364
-0.949741345872
0.0973537935237
0.342420946329
0.287546648641
-0.154451126893
-0.657945959409
-0.901364781961
0.235873632931
0.734707963193
-0.125149629685
-0.217321423857
0.783965976046
0.62323904776
0.0659939853681
0.381760931468
0.451448479971
-0.178582639216
-0.508173322142
-0.0489587333306
0.44388154581
-0.234173502741
-0.533050215654
0.117964643254
-0.983887148804
0.841287047882
-0.52980628501
-0.198774545637
0.737478568758
-0.890997590744
0.106647497722
0.0808843117435
0.985156261581
0.151527263433
-0.657817859552
0.484531465554
-0.767431722549
-0.483587214466
-0.655027740759
-0.686497667181
0.0633849777039
-0.606609875711
0.741038964509
0.0892869249735
1.08000122437
0.0882564936912
1.30036088571
-0.604135679346
-0.973883462789
-0.0910613820951
-0.855749218241
-0.512925503052
-0.650131571169
0.130519639414
1.0661644175
0.0573932437156
-0.160436558204
0.0925802353138
-0.800580956001
-0.81102312253
-0.844100851865
0.826597719642
0.597856836543
0.0675337533951
-0.656287088814
0.444145703351
-0.623599878319
