4
0
3
2
1
136
-0.543525998883
0.55068265668
0.848109215821
0.645280947838
-0.668900041887
0.455247823836
0.0529059141155
0.456275444031
1.16398144705
0.816808975667
-0.440645668846
-0.495826742225
-0.136346676898
0.467277580505
0.643139613605
-0.0472207167262
0.940905177603
1.91075202444
-0.740387705656
0.212221312962
-0.216102813604
-0.460179939791
0.909867784597
-0.156550966869
0.0337975677246
-0.289566466757
0.795453781145
0.462770797001
0.177518558595
-0.419519644821
-0.566347073663
0.803193724862
0.769903040948
2.98403416166
0.687976356388
-0.0270904867759
-0.822547815143
-0.102343231514
-0.191538587626
0.943526731375
0.845965743623
0.603704028453
0.298747517021
0.983086906889
1.13629611777
-0.277446214214
0.155964379216
-0.0733650893272
-0.880621316533
-0.176445794632
0.540292809676
-0.747293380949
0.915711302965
0.85905564699
0.68402816393
0.271044185468
0.878360579484
0.365635327823
0.351183800644
-0.824041870556
-0.782807041318
-0.89900936269
-0.788586556821
0.0578504168152
-0.981171789622
0.0204156865656
-0.740758994451
0.107554994178
0.507509613591
-0.45398576364
-0.949741345872
0.0973537935237
0.342420946329
0.287546648641
-0.154451126893
-0.360007056031
-0.82396419823
0.635179030672
0.734707963193
-0.125149629685
0.0804232434068
0.861322512261
1.02229021348
0.0659939853681
0.381760931468
0.451448479971
-0.178582639216
-0.508173322142
0.251953757837
0.44388154581
-0.234173502741
0.116634251013
0.117964643254
-0.983887148804
0.841287047882
-0.52980628501
-0.198774545637
0.737478568758
-0.874649714773
0.121097579408
0.0808843117435
0.985156261581
0.151527263433
-0.657817859552
0.484531465554
-0.767431722549
-0.483587214466
-0.576435552766
-0.325313034653
0.0809597528607
-0.155601566345
0.741038964509
0.167711995055
1.4405101363
0.105799403497
1.75059641255
-0.604135679346
-0.973883462789
-0.0910613820951
-0.855749218241
-0.512925503052
-0.23997271573
0.306753780867
1.24230433617
0.713473080514
-0.160436558204
0.0925802353138
-0.800580956001
-0.81102312253
-0.844100851865
0.826597719642
0.637235838268
0.0675337533951
-0.644795123601
0.444145703351
-0.623599878319
