4
0
3
2
1
136
-0.546403868454
0.446061277833
0.843540384444
0.540288046776
-0.668900041887
0.452372538892
-0.0516530050894
0.451708236486
1.059054629
0.816808975667
-0.440645668846
-0.495826742225
-0.136346676898
0.467277580505
0.246267769536
-0.0694473737058
0.918680716214
0.801276185046
-0.740387705656
0.212221312962
-0.216102813604
-0.460179939791
0.909867784597
-0.156550966869
-0.0282312533815
-0.397386574425
0.795237498691
0.345458131561
0.0602406461149
-0.536762824416
-0.566347073663
0.803193724862
0.769903040948
1.9960902027
0.687976356388
-0.119800793605
-0.822547815143
-0.102343231514
-0.308747054394
0.826352957393
0.728826642398
0.603704028453
0.0324385589453
0.92745355488
0.626173108202
-0.277446214214
0.155964379216
-0.339520225722
-0.936245588662
-0.686305050374
0.540292809676
-0.747293380949
0.915711302965
0.85905564699
0.68402816393
0.0503962739982
0.878360579484
0.365635327823
-0.618640704129
-0.824041870556
-0.782807041318
-0.89900936269
-0.788586556821
0.0578504168152
-0.981171789622
-0.0583081494129
-0.806367131439
0.107554994178
0.507509613591
-0.45398576364
-0.949741345872
0.0973537935237
0.342420946329
0.287546648641
-0.154451126893
-0.679728949709
-0.906857700306
0.206193799256
0.734707963193
-0.125149629685
-0.239096148107
0.778474813786
0.593571361625
0.0659939853681
0.381760931468
0.451448479971
-0.178582639216
-0.508173322142
-0.0710131017634
0.44388154581
-0.234173502741
-0.576676660773
0.117964643254
-0.983887148804
0.841287047882
-0.52980628501
-0.198774545637
0.737478568758
-0.892079844685
0.10559209332
0.0808843117435
0.985156261581
0.151527263433
-0.657817859552
0.484531465554
-0.767431722549
-0.483587214466
-0.669040808791
-0.743249308308
0.0608887468607
-0.674470582185
0.741038964509
0.0753139360575
1.0234090358
0.0857659602991
1.23267801499
-0.604135679346
-0.973883462789
-0.0910613820951
-0.855749218241
-0.512925503052
-0.711565412763
0.0962144383234
1.03189093243
-0.0232999783919
-0.160436558204
0.0925802353138
-0.800580956001
-0.81102312253
-0.844100851865
0.826597719642
0.593225019772
0.0675337533951
-0.658445722402
0.444145703351
-0.623599878319
