4
0
3
2
1
136
-0.543545364663
0.549864723408
0.848070633875
0.64451414973
-0.668900041887
0.455228461159
0.0520880740582
0.456236864098
1.16321473484
0.816808975667
-0.440645668846
-0.495826742225
-0.136346676898
0.467277580505
0.639952212103
-0.0473877474692
0.94073814995
1.90008614241
-0.740387705656
0.212221312962
-0.216102813604
-0.460179939791
0.909867784597
-0.156550966869
0.0333069574655
-0.290564413829
0.795452439886
0.461347577287
0.176095548675
-0.420942445008
-0.566347073663
0.803193724862
0.769903040948
2.97480396034
0.687976356388
-0.0277653690642
-0.822547815143
-0.102343231514
-0.192961178138
0.942104350479
0.844543572282
0.603704028453
0.294992511107
0.982041302935
1.128840377
-0.277446214214
0.155964379216
-0.077117454409
-0.881666750561
-0.18389700171
0.540292809676
-0.747293380949
0.915711302965
0.85905564699
0.68402816393
0.268064088617
0.878360579484
0.365635327823
0.334238922529
-0.824041870556
-0.782807041318
-0.89900936269
-0.788586556821
0.0578504168152
-0.981171789622
0.0193964871414
-0.74208686741
0.107554994178
0.507509613591
-0.45398576364
-0.949741345872
0.0973537935237
0.342420946329
0.287546648641
-0.154451126893
-0.364583575017
-0.825212929178
0.62906953391
0.734707963193
-0.125149629685
0.075849961431
0.860074511673
1.01618479195
0.0659939853681
0.381760931468
0.451448479971
-0.178582639216
-0.508173322142
0.247259707755
0.44388154581
-0.234173502741
0.104885089043
0.117964643254
-0.983887148804
0.841287047882
-0.52980628501
-0.198774545637
0.737478568758
-0.874943677043
0.120871393796
0.0808843117435
0.985156261581
0.151527263433
-0.657817859552
0.484531465554
-0.767431722549
-0.483587214466
-0.577091189511
-0.328900569377
0.0807889753543
-0.160294837703
0.741038964509
0.167056909322
1.43692523019
0.105628771047
1.7459063498
-0.604135679346
-0.973883462789
-0.0910613820951
-0.855749218241
-0.512925503052
-0.24429598422
0.30533932648
1.24089009239
0.704455374852
-0.160436558204
0.0925802353138
-0.800580956001
-0.81102312253
-0.844100851865
0.826597719642
0.636726714291
0.0675337533951
-0.64488256404
0.444145703351
-0.623599878319
