4
0
3
2
1
136
-0.544674241681
0.505073725402
0.846040895302
0.601345636054
-0.668900041887
0.454099957678
0.00730746307366
0.454207363864
1.12005626676
0.816808975667
-0.440645668846
-0.495826742225
-0.136346676898
0.467277580505
0.46654003687
-0.0566771825946
0.931449065566
1.36541115388
-0.740387705656
0.212221312962
-0.216102813604
-0.460179939791
0.909867784597
-0.156550966869
0.00636064370913
-0.34172436204
0.795371349135
0.396286973054
0.111049246498
-0.485974451253
-0.566347073663
0.803193724862
0.769903040948
2.50627716905
0.687976356388
-0.0658698365066
-0.822547815143
-0.102343231514
-0.257978894574
0.877100917737
0.779554417119
0.603704028453
0.123732450597
0.944161330499
0.799001204011
-0.277446214214
0.155964379216
-0.248262215187
-0.919540081393
-0.513541098578
0.540292809676
-0.747293380949
0.915711302965
0.85905564699
0.68402816393
0.127797340538
0.878360579484
0.365635327823
-0.315334046121
-0.824041870556
-0.782807041318
-0.89900936269
-0.788586556821
0.0578504168152
-0.981171789622
-0.0303033961048
-0.787702616122
0.107554994178
0.507509613591
-0.45398576364
-0.949741345872
0.0973537935237
0.342420946329
0.287546648641
-0.154451126893
-0.569398625683
-0.878877259273
0.355537749106
0.734707963193
-0.125149629685
-0.128818086293
0.806443827644
0.742841891171
0.0659939853681
0.381760931468
0.451448479971
-0.178582639216
-0.508173322142
0.0403472228901
0.44388154581
-0.234173502741
-0.353727649398
0.117964643254
-0.983887148804
0.841287047882
-0.52980628501
-0.198774545637
0.737478568758
-0.886524448191
0.110921458346
0.0808843117435
0.985156261581
0.151527263433
-0.657817859552
0.484531465554
-0.767431722549
-0.483587214466
-0.617460189172
-0.527267898444
0.0709714009264
-0.412723289511
0.741038964509
0.126750574424
1.23882669628
0.0958254340509
1.49379243804
-0.604135679346
-0.973883462789
-0.0910613820951
-0.855749218241
-0.512925503052
-0.474618334481
0.217258908859
1.15283846195
0.303738169121
-0.160436558204
0.0925802353138
-0.800580956001
-0.81102312253
-0.844100851865
0.826597719642
0.612639580665
0.0675337533951
-0.650597353446
0.444145703351
-0.623599878319
