4
0
3
2
1
136
-0.544609927769
0.507481489733
0.846146336145
0.603728782118
-0.668900041887
0.454164236421
0.0097142947606
0.454312782447
1.12243848309
0.816808975667
-0.440645668846
-0.495826742225
-0.136346676898
0.467277580505
0.475775809029
-0.0561701335477
0.931956082736
1.39171902387
-0.740387705656
0.212221312962
-0.216102813604
-0.460179939791
0.909867784597
-0.156550966869
0.00780645298514
-0.339157667113
0.795376114368
0.39914770695
0.113909114293
-0.483115449083
-0.566347073663
0.803193724862
0.769903040948
2.52964187998
0.687976356388
-0.0637623673431
-0.822547815143
-0.102343231514
-0.255120757552
0.879958190086
0.782410825272
0.603704028453
0.130323003834
0.945411310753
0.811485949665
-0.277446214214
0.155964379216
-0.241675092662
-0.918290301007
-0.501062280611
0.540292809676
-0.747293380949
0.915711302965
0.85905564699
0.68402816393
0.133328127702
0.878360579484
0.365635327823
-0.292907396448
-0.824041870556
-0.782807041318
-0.89900936269
-0.788586556821
0.0578504168152
-0.981171789622
-0.0283065316025
-0.786273809593
0.107554994178
0.507509613591
-0.45398576364
-0.949741345872
0.0973537935237
0.342420946329
0.287546648641
-0.154451126893
-0.561505156996
-0.876858275553
0.366138045549
0.734707963193
-0.125149629685
-0.120929363745
0.808461743646
0.753435813256
0.0659939853681
0.381760931468
0.451448479971
-0.178582639216
-0.508173322142
0.048288486369
0.44388154581
-0.234173502741
-0.337487299258
0.117964643254
-0.983887148804
0.841287047882
-0.52980628501
-0.198774545637
0.737478568758
-0.886117123732
0.11130174822
0.0808843117435
0.985156261581
0.151527263433
-0.657817859552
0.484531465554
-0.767431722549
-0.483587214466
-0.615128509931
-0.516780600169
0.0714932638435
-0.39971353314
0.741038964509
0.129076984508
1.24929278076
0.0963462428286
1.50677794269
-0.604135679346
-0.973883462789
-0.0910613820951
-0.855749218241
-0.512925503052
-0.462823334802
0.222447379689
1.15802419296
0.321539751251
-0.160436558204
0.0925802353138
-0.800580956001
-0.81102312253
-0.844100851865
0.826597719642
0.613733541761
0.0675337533951
-0.650252522288
0.444145703351
-0.623599878319
