4
0
3
2
1
136
-0.542892442933
0.578464259525
0.849457897359
0.670908704546
-0.668900041887
0.455881311695
0.0806854040368
0.457624081017
1.18960729568
0.816808975667
-0.440645668846
-0.495826742225
-0.136346676898
0.467277580505
0.751511384515
-0.0415971020585
0.946528722694
2.29243708353
-0.740387705656
0.212221312962
-0.216102813604
-0.460179939791
0.909867784597
-0.156550966869
0.0503596323256
-0.254424926489
0.79549665117
0.515914491428
0.23065648321
-0.36638748876
-0.566347073663
0.803193724862
0.769903040948
3.31226190498
0.687976356388
-0.00459126668623
-0.822547815143
-0.102343231514
-0.138412198862
0.9966473541
0.899080601566
0.603704028453
0.418188464054
1.02747998564
1.38092733276
-0.277446214214
0.155964379216
0.0460115143916
-0.836233536632
0.0680698120848
0.540292809676
-0.747293380949
0.915711302965
0.85905564699
0.68402816393
0.362997362777
0.878360579484
0.365635327823
1.03752455104
-0.824041870556
-0.782807041318
-0.89900936269
-0.788586556821
0.0578504168152
-0.981171789622
0.0505865839193
-0.680814609918
0.107554994178
0.507509613591
-0.45398576364
-0.949741345872
0.0973537935237
0.342420946329
0.287546648641
-0.154451126893
-0.206670006118
-0.778504012087
0.839625508032
0.734707963193
-0.125149629685
0.233677919586
0.906764842153
1.2266321603
0.0659939853681
0.381760931468
0.451448479971
-0.178582639216
-0.508173322142
0.414580798178
0.44388154581
-0.234173502741
0.59664381398
0.117964643254
-0.983887148804
0.841287047882
-0.52980628501
-0.198774545637
0.737478568758
-0.863513652102
0.128744958799
0.0808843117435
0.985156261581
0.151527263433
-0.657817859552
0.484531465554
-0.767431722549
-0.483587214466
-0.556230624948
-0.206584136801
0.0863211249095
0.00212137829275
0.741038964509
0.187905346541
1.55918104118
0.111157621824
1.9082469027
-0.604135679346
-0.973883462789
-0.0910613820951
-0.855749218241
-0.512925503052
-0.0935196331985
0.350491712072
1.28603809964
1.07671629337
-0.160436558204
0.0925802353138
-0.800580956001
-0.81102312253
-0.844100851865
0.826597719642
0.655703751176
0.0675337533951
-0.642202314396
0.444145703351
-0.623599878319
