4
0
3
2
1
136
-0.542872283535
0.57938229398
0.849503805662
0.671742184874
-0.668900041887
0.455901469758
0.0816033951915
0.457669988434
1.1904407379
0.816808975667
-0.440645668846
-0.495826742225
-0.136346676898
0.467277580505
0.755092459646
-0.0414128611313
0.946712962207
2.30569387784
-0.740387705656
0.212221312962
-0.216102813604
-0.460179939791
0.909867784597
-0.156550966869
0.0509028188624
-0.253223674867
0.795497982102
0.517824102587
0.232565947608
-0.3644781711
-0.566347073663
0.803193724862
0.769903040948
3.3236017848
0.687976356388
-0.0038615504818
-0.822547815143
-0.102343231514
-0.136503027918
0.998556378351
0.900989479145
0.603704028453
0.421675372255
1.0292329823
1.38826382203
-0.277446214214
0.155964379216
0.0494972473921
-0.83448068273
0.0754040399407
0.540292809676
-0.747293380949
0.915711302965
0.85905564699
0.68402816393
0.365585049141
0.878360579484
0.365635327823
1.06387895068
-0.824041870556
-0.782807041318
-0.89900936269
-0.788586556821
0.0578504168152
-0.981171789622
0.0513959552027
-0.678286865661
0.107554994178
0.507509613591
-0.45398576364
-0.949741345872
0.0973537935237
0.342420946329
0.287546648641
-0.154451126893
-0.201861609338
-0.776897723562
0.845973839432
0.734707963193
-0.125149629685
0.238484653128
0.908370788897
1.23297834905
0.0659939853681
0.381760931468
0.451448479971
-0.178582639216
-0.508173322142
0.419916477487
0.44388154581
-0.234173502741
0.615509840693
0.117964643254
-0.983887148804
0.841287047882
-0.52980628501
-0.198774545637
0.737478568758
-0.863124443938
0.128983513776
0.0808843117435
0.985156261581
0.151527263433
-0.657817859552
0.484531465554
-0.767431722549
-0.483587214466
-0.555632502876
-0.202792135103
0.0864817837528
0.00723002720188
0.741038964509
0.188503260769
1.56297192907
0.111318222053
1.91335411539
-0.604135679346
-0.973883462789
-0.0910613820951
-0.855749218241
-0.512925503052
-0.0887371984037
0.351795254799
1.28734157304
1.09100671459
-0.160436558204
0.0925802353138
-0.800580956001
-0.81102312253
-0.844100851865
0.826597719642
0.656345437705
0.0675337533951
-0.642128730922
0.444145703351
-0.623599878319
