4
0
3
2
1
136
-0.544846869699
0.498691641202
0.845763096258
0.594991566317
-0.668900041887
0.453927435553
0.000928149770109
0.453929631721
1.11370498309
0.816808975667
-0.440645668846
-0.495826742225
-0.136346676898
0.467277580505
0.442128148132
-0.0580258497494
0.930100493457
1.2969833388
-0.740387705656
0.212221312962
-0.216102813604
-0.460179939791
0.909867784597
-0.156550966869
0.00253489293706
-0.348420816852
0.79535847737
0.389038124198
0.103802711593
-0.49321867354
-0.566347073663
0.803193724862
0.769903040948
2.44533214566
0.687976356388
-0.0714897380963
-0.822547815143
-0.102343231514
-0.265220805574
0.869861316691
0.772317124699
0.603704028453
0.107712944295
0.941155699113
0.768672288958
-0.277446214214
0.155964379216
-0.264273871917
-0.922545247833
-0.543856351829
0.540292809676
-0.747293380949
0.915711302965
0.85905564699
0.68402816393
0.114318415286
0.878360579484
0.365635327823
-0.369449029556
-0.824041870556
-0.782807041318
-0.89900936269
-0.788586556821
0.0578504168152
-0.981171789622
-0.0351742894145
-0.791118538802
0.107554994178
0.507509613591
-0.45398576364
-0.949741345872
0.0973537935237
0.342420946329
0.287546648641
-0.154451126893
-0.588622608385
-0.883783670647
0.329680354898
0.734707963193
-0.125149629685
-0.148031064184
0.801539876731
0.716999419943
0.0659939853681
0.381760931468
0.451448479971
-0.178582639216
-0.508173322142
0.0209967963164
0.44388154581
-0.234173502741
-0.393058005575
0.117964643254
-0.983887148804
0.841287047882
-0.52980628501
-0.198774545637
0.737478568758
-0.887509287676
0.109995083486
0.0808843117435
0.985156261581
0.151527263433
-0.657817859552
0.484531465554
-0.767431722549
-0.483587214466
-0.623660939472
-0.554723428375
0.0696137416256
-0.446623967185
0.741038964509
0.120564756481
1.21143052826
0.0944706499791
1.4599593307
-0.604135679346
-0.973883462789
-0.0910613820951
-0.855749218241
-0.512925503052
-0.505334209766
0.203369360228
1.13895696889
0.258285519397
-0.160436558204
0.0925802353138
-0.800580956001
-0.81102312253
-0.844100851865
0.826597719642
0.60985552058
0.0675337533951
-0.651520692056
0.444145703351
-0.623599878319
