4
0
3
2
1
136
-0.543974632423
0.532179735892
0.847250675972
0.627753196886
-0.668900041887
0.45479928471
0.0344057541002
0.455416965022
1.14645628293
0.816808975667
-0.440645668846
-0.495826742225
-0.136346676898
0.467277580505
0.571161191664
-0.0510210211436
0.93710496529
1.67743865014
-0.740387705656
0.212221312962
-0.216102813604
-0.460179939791
0.909867784597
-0.156550966869
0.0226739390356
-0.311600823621
0.795422262563
0.43263393441
0.147386965501
-0.449645970194
-0.566347073663
0.803193724862
0.769903040948
2.78119689014
0.687976356388
-0.0425375185505
-0.822547815143
-0.102343231514
-0.221659647054
0.913410936119
0.815855210764
0.603704028453
0.216544866153
0.962873840015
0.975813228672
-0.277446214214
0.155964379216
-0.155507832532
-0.900830836195
-0.336827411404
0.540292809676
-0.747293380949
0.915711302965
0.85905564699
0.68402816393
0.204788862154
0.878360579484
0.365635327823
0.0140897247829
-0.824041870556
-0.782807041318
-0.89900936269
-0.788586556821
0.0578504168152
-0.981171789622
-0.00269432426517
-0.765776963614
0.107554994178
0.507509613591
-0.45398576364
-0.949741345872
0.0973537935237
0.342420946329
0.287546648641
-0.154451126893
-0.458756648948
-0.850293417338
0.503488290255
0.734707963193
-0.125149629685
-0.0182524281456
0.83501021627
0.890692899147
0.0659939853681
0.381760931468
0.451448479971
-0.178582639216
-0.508173322142
0.151661827512
0.44388154581
-0.234173502741
-0.118504130484
0.117964643254
-0.983887148804
0.841287047882
-0.52980628501
-0.198774545637
0.737478568758
-0.880589805152
0.116263165619
0.0808843117435
0.985156261581
0.151527263433
-0.657817859552
0.484531465554
-0.767431722549
-0.483587214466
-0.592070207402
-0.40722693055
0.0769700312231
-0.261622338395
0.741038964509
0.152094217205
1.35867364267
0.101813942248
1.6446685265
-0.604135679346
-0.973883462789
-0.0910613820951
-0.855749218241
-0.512925503052
-0.337209070203
0.272971372851
1.20852877126
0.526660556509
-0.160436558204
0.0925802353138
-0.800580956001
-0.81102312253
-0.844100851865
0.826597719642
0.626298837356
0.0675337533951
-0.646931700846
0.444145703351
-0.623599878319
