4
0
3
2
1
136
-0.543270467775
0.561644757505
0.848632301107
0.655488646097
-0.668900041887
0.455503320431
0.0638669628888
0.456798506848
1.17418818476
0.816808975667
-0.440645668846
-0.495826742225
-0.136346676898
0.467277580505
0.685886333188
-0.0449903860598
0.943135473488
2.05685130246
-0.740387705656
0.212221312962
-0.216102813604
-0.460179939791
0.909867784597
-0.156550966869
0.0403584280297
-0.275985575005
0.795471310599
0.482640506222
0.197385676751
-0.399655117073
-0.566347073663
0.803193724862
0.769903040948
3.11011621149
0.687976356388
-0.0181152218213
-0.822547815143
-0.102343231514
-0.171676649629
0.963386080278
0.865822504088
0.603704028453
0.348454564329
0.998541785553
1.23634943868
-0.277446214214
0.155964379216
-0.023690113076
-0.865168700407
-0.0764485564839
0.540292809676
-0.747293380949
0.915711302965
0.85905564699
0.68402816393
0.310020895178
0.878360579484
0.365635327823
0.596326279294
-0.824041870556
-0.782807041318
-0.89900936269
-0.788586556821
0.0578504168152
-0.981171789622
0.0335236759812
-0.720704462588
0.107554994178
0.507509613591
-0.45398576364
-0.949741345872
0.0973537935237
0.342420946329
0.287546648641
-0.154451126893
-0.298349187131
-0.806699388357
0.717555582247
0.734707963193
-0.125149629685
0.142041338251
0.878578496453
1.10461658636
0.0659939853681
0.381760931468
0.451448479971
-0.178582639216
-0.508173322142
0.315903122591
0.44388154581
-0.234173502741
0.286571321389
0.117964643254
-0.983887148804
0.841287047882
-0.52980628501
-0.198774545637
0.737478568758
-0.870478831324
0.124163886525
0.0808843117435
0.985156261581
0.151527263433
-0.657817859552
0.484531465554
-0.767431722549
-0.483587214466
-0.567980195044
-0.277666184692
0.0831833461682
-0.0928508666347
0.741038964509
0.176161317997
1.48812753995
0.108021378999
1.81331078908
-0.604135679346
-0.973883462789
-0.0910613820951
-0.855749218241
-0.512925503052
-0.181982009295
0.32500742549
1.26055574135
0.842547323306
-0.160436558204
0.0925802353138
-0.800580956001
-0.81102312253
-0.844100851865
0.826597719642
0.64426821421
0.0675337533951
-0.643685532619
0.444145703351
-0.623599878319
