4
0
3
2
1
136
-0.543523877821
0.55077235012
0.848113450361
0.645364989748
-0.668900041887
0.455249944562
0.0529955974718
0.456279678354
1.16406547967
0.816808975667
-0.440645668846
-0.495826742225
-0.136346676898
0.467277580505
0.643489162336
-0.0472024056414
0.940923488354
1.91192361669
-0.740387705656
0.212221312962
-0.216102813604
-0.460179939791
0.909867784597
-0.156550966869
0.033851359262
-0.289456901635
0.79545392794
0.462927371711
0.177675110437
-0.419363115842
-0.566347073663
0.803193724862
0.769903040948
2.98504782574
0.687976356388
-0.0270165243395
-0.822547815143
-0.102343231514
-0.191382081502
0.94368321465
0.846122204055
0.603704028453
0.299159275646
0.983202461896
1.13711452138
-0.277446214214
0.155964379216
-0.0729536188648
-0.880505780183
-0.175627886348
0.540292809676
-0.747293380949
0.915711302965
0.85905564699
0.68402816393
0.271370679894
0.878360579484
0.365635327823
0.353053387124
-0.824041870556
-0.782807041318
-0.89900936269
-0.788586556821
0.0578504168152
-0.981171789622
0.0205272120901
-0.740612020896
0.107554994178
0.507509613591
-0.45398576364
-0.949741345872
0.0973537935237
0.342420946329
0.287546648641
-0.154451126893
-0.359504647327
-0.823826888147
0.635849782594
0.734707963193
-0.125149629685
0.0809252987431
0.861459742706
1.02296052051
0.0659939853681
0.381760931468
0.451448479971
-0.178582639216
-0.508173322142
0.252469439791
0.44388154581
-0.234173502741
0.1179303711
0.117964643254
-0.983887148804
0.841287047882
-0.52980628501
-0.198774545637
0.737478568758
-0.874617318913
0.121122423058
0.0808843117435
0.985156261581
0.151527263433
-0.657817859552
0.484531465554
-0.767431722549
-0.483587214466
-0.576363863214
-0.324919874754
0.0809784420636
-0.155086955026
0.741038964509
0.167783625121
1.4409030119
0.105818077014
1.75111067654
-0.604135679346
-0.973883462789
-0.0910613820951
-0.855749218241
-0.512925503052
-0.239498559966
0.306908443338
1.24245897596
0.714466759033
-0.160436558204
0.0925802353138
-0.800580956001
-0.81102312253
-0.844100851865
0.826597719642
0.637291805417
0.0675337533951
-0.64478557454
0.444145703351
-0.623599878319
