4
0
3
2
1
136
-0.542984865859
0.574283286997
0.84924995137
0.667102259367
-0.668900041887
0.455788895418
0.076504645525
0.457416139425
1.18580103946
0.816808975667
-0.440645668846
-0.495826742225
-0.136346676898
0.467277580505
0.735199949265
-0.0424374361753
0.945688395564
2.23258342906
-0.740387705656
0.212221312962
-0.216102813604
-0.460179939791
0.909867784597
-0.156550966869
0.0478820674646
-0.259864165312
0.79549052254
0.50733770084
0.22208039503
-0.374962874645
-0.566347073663
0.803193724862
0.769903040948
3.26102042776
0.687976356388
-0.00792554506623
-0.822547815143
-0.102343231514
-0.146986882564
0.988073372469
0.890507321892
0.603704028453
0.401862987769
1.01971365761
1.34669152585
-0.277446214214
0.155964379216
0.0296920932049
-0.843999182523
0.0338455274731
0.540292809676
-0.747293380949
0.915711302965
0.85905564699
0.68402816393
0.350798159376
0.878360579484
0.365635327823
0.920473882621
-0.824041870556
-0.782807041318
-0.89900936269
-0.788586556821
0.0578504168152
-0.981171789622
0.0467401202023
-0.691849988613
0.107554994178
0.507509613591
-0.45398576364
-0.949741345872
0.0973537935237
0.342420946329
0.287546648641
-0.154451126893
-0.228857144267
-0.785720947936
0.810230670829
0.734707963193
-0.125149629685
0.211499172326
0.899549643019
1.1972481069
0.0659939853681
0.381760931468
0.451448479971
-0.178582639216
-0.508173322142
0.390192123757
0.44388154581
-0.234173502741
0.513422791478
0.117964643254
-0.983887148804
0.841287047882
-0.52980628501
-0.198774545637
0.737478568758
-0.865280839932
0.127640161128
0.0808843117435
0.985156261581
0.151527263433
-0.657817859552
0.484531465554
-0.767431722549
-0.483587214466
-0.559011398326
-0.223979701136
0.0855750554458
-0.0212615875481
0.741038964509
0.185125626208
1.54179106082
0.110411848178
1.88487110151
-0.604135679346
-0.973883462789
-0.0910613820951
-0.855749218241
-0.512925503052
-0.11537851223
0.344440658135
1.2799874007
1.01376449273
-0.160436558204
0.0925802353138
-0.800580956001
-0.81102312253
-0.844100851865
0.826597719642
0.652800862969
0.0675337533951
-0.642546916364
0.444145703351
-0.623599878319
