4
0
3
2
1
136
-0.542876431847
0.579193205737
0.84949434251
0.671570580201
-0.668900041887
0.455897321717
0.081414315764
0.457660525462
1.19026914098
0.816808975667
-0.440645668846
-0.495826742225
-0.136346676898
0.467277580505
0.754354880416
-0.041450801319
0.946675022308
2.30295999548
-0.740387705656
0.212221312962
-0.216102813604
-0.460179939791
0.909867784597
-0.156550966869
0.0507909630876
-0.253471300739
0.795497708401
0.517430008074
0.232171883107
-0.364872205595
-0.566347073663
0.803193724862
0.769903040948
3.32126348788
0.687976356388
-0.00401178006748
-0.822547815143
-0.102343231514
-0.13689703241
0.998162403856
0.900595534644
0.603704028453
0.420960078758
1.02887054716
1.38675821036
-0.277446214214
0.155964379216
0.0487821916312
-0.834843088678
0.0738988864475
0.540292809676
-0.747293380949
0.915711302965
0.85905564699
0.68402816393
0.365054748355
0.878360579484
0.365635327823
1.05843153608
-0.824041870556
-0.782807041318
-0.89900936269
-0.788586556821
0.0578504168152
-0.981171789622
0.0512302759343
-0.678810627274
0.107554994178
0.507509613591
-0.45398576364
-0.949741345872
0.0973537935237
0.342420946329
0.287546648641
-0.154451126893
-0.202850084943
-0.777229241622
0.844669531316
0.734707963193
-0.125149629685
0.23749651502
0.908039340127
1.23167447585
0.0659939853681
0.381760931468
0.451448479971
-0.178582639216
-0.508173322142
0.418818089733
0.44388154581
-0.234173502741
0.61160610798
0.117964643254
-0.983887148804
0.841287047882
-0.52980628501
-0.198774545637
0.737478568758
-0.863204627845
0.128934503897
0.0808843117435
0.985156261581
0.151527263433
-0.657817859552
0.484531465554
-0.767431722549
-0.483587214466
-0.555755331046
-0.20357233377
0.0864487868224
0.00617859998325
0.741038964509
0.188380474759
1.56219195667
0.111285237019
1.91230298014
-0.604135679346
-0.973883462789
-0.0910613820951
-0.855749218241
-0.512925503052
-0.0897216833196
0.351527502797
1.28707383508
1.08804912792
-0.160436558204
0.0925802353138
-0.800580956001
-0.81102312253
-0.844100851865
0.826597719642
0.656213152435
0.0675337533951
-0.642143826093
0.444145703351
-0.623599878319
