4
0
3
2
1
136
-0.544383589165
0.516087706887
0.846526265415
0.612185853338
-0.668900041887
0.454390467714
0.0183176210704
0.45469264364
1.13089270129
0.816808975667
-0.440645668846
-0.495826742225
-0.136346676898
0.467277580505
0.508890782119
-0.0543653641776
0.933760753714
1.48798066454
-0.740387705656
0.212221312962
-0.216102813604
-0.460179939791
0.909867784597
-0.156550966869
0.012982189175
-0.329806211267
0.79539275081
0.409950742949
0.124709107197
-0.472318497698
-0.566347073663
0.803193724862
0.769903040948
2.61483076083
0.687976356388
-0.0562858410603
-0.822547815143
-0.102343231514
-0.244326846112
0.890749063154
0.79319866154
0.603704028453
0.156490724882
0.950467832191
0.861124024022
-0.277446214214
0.155964379216
-0.21552213098
-0.91323462255
-0.451449472683
0.540292809676
-0.747293380949
0.915711302965
0.85905564699
0.68402816393
0.155198862764
0.878360579484
0.365635327823
-0.202722841756
-0.824041870556
-0.782807041318
-0.89900936269
-0.788586556821
0.0578504168152
-0.981171789622
-0.0204245709974
-0.780443094847
0.107554994178
0.507509613591
-0.45398576364
-0.949741345872
0.0973537935237
0.342420946329
0.287546648641
-0.154451126893
-0.530242328064
-0.868834796821
0.408036801161
0.734707963193
-0.125149629685
-0.0896865575711
0.816480682268
0.795308016029
0.0659939853681
0.381760931468
0.451448479971
-0.178582639216
-0.508173322142
0.0797262852959
0.44388154581
-0.234173502741
-0.272528059236
0.117964643254
-0.983887148804
0.841287047882
-0.52980628501
-0.198774545637
0.737478568758
-0.884483973356
0.112808139839
0.0808843117435
0.985156261581
0.151527263433
-0.657817859552
0.484531465554
-0.767431722549
-0.483587214466
-0.606879892662
-0.478884084324
0.0733883256386
-0.352407865392
0.741038964509
0.137308581052
1.28711953737
0.0982377420867
1.55400338131
-0.604135679346
-0.973883462789
-0.0910613820951
-0.855749218241
-0.512925503052
-0.419888839989
0.240668790367
1.17623712807
0.388192014176
-0.160436558204
0.0925802353138
-0.800580956001
-0.81102312253
-0.844100851865
0.826597719642
0.617836709903
0.0675337533951
-0.649044619376
0.444145703351
-0.623599878319
