4
0
3
2
1
136
-0.54293565514
0.576503783919
0.849360160489
0.66912600801
-0.668900041887
0.455838102487
0.0787250252501
0.457526346132
1.18782468447
0.816808975667
-0.440645668846
-0.495826742225
-0.136346676898
0.467277580505
0.743863294849
-0.0419908818201
0.946134946089
2.26426500594
-0.740387705656
0.212221312962
-0.216102813604
-0.460179939791
0.909867784597
-0.156550966869
0.0491986475592
-0.256981875589
0.795493791205
0.511868167843
0.226610481984
-0.370433167677
-0.566347073663
0.803193724862
0.769903040948
3.28815230166
0.687976356388
-0.00615248205345
-0.822547815143
-0.102343231514
-0.14245755552
0.99260231965
0.895035889274
0.603704028453
0.410623644876
1.02379332468
1.36503888657
-0.277446214214
0.155964379216
0.0384493868908
-0.839919884233
0.052186513632
0.540292809676
-0.747293380949
0.915711302965
0.85905564699
0.68402816393
0.357361438653
0.878360579484
0.365635327823
0.982030922357
-0.824041870556
-0.782807041318
-0.89900936269
-0.788586556821
0.0578504168152
-0.981171789622
0.0488158564126
-0.686085733526
0.107554994178
0.507509613591
-0.45398576364
-0.949741345872
0.0973537935237
0.342420946329
0.287546648641
-0.154451126893
-0.217015731775
-0.781907590498
0.825938041305
0.734707963193
-0.125149629685
0.223335958317
0.903362040262
1.21294953683
0.0659939853681
0.381760931468
0.451448479971
-0.178582639216
-0.508173322142
0.403162263468
0.44388154581
-0.234173502741
0.557077691224
0.117964643254
-0.983887148804
0.841287047882
-0.52980628501
-0.198774545637
0.737478568758
-0.86434369274
0.128230532579
0.0808843117435
0.985156261581
0.151527263433
-0.657817859552
0.484531465554
-0.767431722549
-0.483587214466
-0.557522958466
-0.214715845846
0.0859742070299
-0.00882004912642
0.741038964509
0.186613484328
1.55105184303
0.110810836578
1.89730870406
-0.604135679346
-0.973883462789
-0.0910613820951
-0.855749218241
-0.512925503052
-0.103754255487
0.347677699935
1.28322424562
1.04677030552
-0.160436558204
0.0925802353138
-0.800580956001
-0.81102312253
-0.844100851865
0.826597719642
0.654338413313
0.0675337533951
-0.642361955117
0.444145703351
-0.623599878319
