4
0
3
2
1
136
-0.54413640716
0.525728641551
0.846957948138
0.621549853931
-0.668900041887
0.454637557973
0.0279560184053
0.455124267905
1.14025423934
0.816808975667
-0.440645668846
-0.495826742225
-0.136346676898
0.467277580505
0.54615085974
-0.0523571563575
0.935768875752
1.59999456958
-0.740387705656
0.212221312962
-0.216102813604
-0.460179939791
0.909867784597
-0.156550966869
0.0187883229423
-0.319009375133
0.795410674653
0.423147331895
0.137902431635
-0.459128436263
-0.566347073663
0.803193724862
0.769903040948
2.71338921678
0.687976356388
-0.0480133313811
-0.822547815143
-0.102343231514
-0.231140046173
0.9039326031
0.806378942996
0.603704028453
0.190792099338
0.957386855257
0.926455664101
-0.277446214214
0.155964379216
-0.181242644517
-0.906316821583
-0.386154829861
0.540292809676
-0.747293380949
0.915711302965
0.85905564699
0.68402816393
0.183633329937
0.878360579484
0.365635327823
-0.0809437922034
-0.824041870556
-0.782807041318
-0.89900936269
-0.788586556821
0.0578504168152
-0.981171789622
-0.0102272168698
-0.772328011511
0.107554994178
0.507509613591
-0.45398576364
-0.949741345872
0.0973537935237
0.342420946329
0.287546648641
-0.154451126893
-0.489396695856
-0.858278261343
0.462618446878
0.734707963193
-0.125149629685
-0.0488696222514
0.82703063993
0.849852341484
0.0659939853681
0.381760931468
0.451448479971
-0.178582639216
-0.508173322142
0.120803166818
0.44388154581
-0.234173502741
-0.185666392518
0.117964643254
-0.983887148804
0.841287047882
-0.52980628501
-0.198774545637
0.737478568758
-0.882290979916
0.11477941312
0.0808843117435
0.985156261581
0.151527263433
-0.657817859552
0.484531465554
-0.767431722549
-0.483587214466
-0.597889490249
-0.43599259988
0.0755368482131
-0.298283424103
0.741038964509
0.146283393607
1.32994497318
0.100382765247
1.60805098795
-0.604135679346
-0.973883462789
-0.0910613820951
-0.855749218241
-0.512925503052
-0.370650374828
0.260329751918
1.19589085155
0.468821498309
-0.160436558204
0.0925802353138
-0.800580956001
-0.81102312253
-0.844100851865
0.826597719642
0.622785074365
0.0675337533951
-0.647752528477
0.444145703351
-0.623599878319
