4
0
3
2
1
136
-0.542971250797
0.574896344067
0.849280327241
0.667661487347
-0.668900041887
0.455802509445
0.0771176694145
0.457446514612
1.18636023805
0.816808975667
-0.440645668846
-0.495826742225
-0.136346676898
0.467277580505
0.73759189083
-0.0423140886977
0.945811741958
2.2413063003
-0.740387705656
0.212221312962
-0.216102813604
-0.460179939791
0.909867784597
-0.156550966869
0.0482457304245
-0.259069863107
0.795491428119
0.508582911509
0.223325499172
-0.373717877013
-0.566347073663
0.803193724862
0.769903040948
3.26849267508
0.687976356388
-0.00743551130843
-0.822547815143
-0.102343231514
-0.145741991424
0.989318157134
0.8917520001
0.603704028453
0.404301926754
1.02082966587
1.35179335001
-0.277446214214
0.155964379216
0.0321300690912
-0.842883277546
0.0389455325547
0.540292809676
-0.747293380949
0.915711302965
0.85905564699
0.68402816393
0.35262920004
0.878360579484
0.365635327823
0.937331389536
-0.824041870556
-0.782807041318
-0.89900936269
-0.788586556821
0.0578504168152
-0.981171789622
0.0473206860124
-0.690280181646
0.107554994178
0.507509613591
-0.45398576364
-0.949741345872
0.0973537935237
0.342420946329
0.287546648641
-0.154451126893
-0.225575050105
-0.784672378294
0.814588222803
0.734707963193
-0.125149629685
0.214779949729
0.900597938714
1.20160396946
0.0659939853681
0.381760931468
0.451448479971
-0.178582639216
-0.508173322142
0.393776779157
0.44388154581
-0.234173502741
0.525354636678
0.117964643254
-0.983887148804
0.841287047882
-0.52980628501
-0.198774545637
0.737478568758
-0.86502250458
0.127803937384
0.0808843117435
0.985156261581
0.151527263433
-0.657817859552
0.484531465554
-0.767431722549
-0.483587214466
-0.558597835465
-0.221416499519
0.0856859116358
-0.0178216603533
0.741038964509
0.185539023156
1.5443533888
0.110522657888
1.88830991148
-0.604135679346
-0.973883462789
-0.0910613820951
-0.855749218241
-0.512925503052
-0.112166003188
0.345339659364
1.28088634559
1.0227823366
-0.160436558204
0.0925802353138
-0.800580956001
-0.81102312253
-0.844100851865
0.826597719642
0.653224375568
0.0675337533951
-0.64249540794
0.444145703351
-0.623599878319
