4
0
3
2
1
136
-0.54285756693
0.580053856393
0.849537445875
0.672351368671
-0.668900041887
0.455916185411
0.0822749267274
0.457703628017
1.19104989459
0.816808975667
-0.440645668846
-0.495826742225
-0.136346676898
0.467277580505
0.757711955815
-0.0412781471561
0.946847675173
2.31541761921
-0.740387705656
0.212221312962
-0.216102813604
-0.460179939791
0.909867784597
-0.156550966869
0.0512999792943
-0.252343360627
0.795498952368
0.519226984297
0.233968723635
-0.363075500741
-0.566347073663
0.803193724862
0.769903040948
3.33191740437
0.687976356388
-0.00332829352438
-0.822547815143
-0.102343231514
-0.13510046321
0.999958837422
0.902391832596
0.603704028453
0.42420357763
1.03052588778
1.39358790824
-0.277446214214
0.155964379216
0.0520246262301
-0.833187880069
0.0807265303625
0.540292809676
-0.747293380949
0.915711302965
0.85905564699
0.68402816393
0.367457188354
0.878360579484
0.365635327823
1.08330621263
-0.824041870556
-0.782807041318
-0.89900936269
-0.788586556821
0.0578504168152
-0.981171789622
0.0519800862965
-0.676413551451
0.107554994178
0.507509613591
-0.45398576364
-0.949741345872
0.0973537935237
0.342420946329
0.287546648641
-0.154451126893
-0.198359035504
-0.775717456448
0.850592340318
0.734707963193
-0.125149629685
0.241986049329
0.909550814487
1.23759533187
0.0659939853681
0.381760931468
0.451448479971
-0.178582639216
-0.508173322142
0.423814912084
0.44388154581
-0.234173502741
0.629449841148
0.117964643254
-0.983887148804
0.841287047882
-0.52980628501
-0.198774545637
0.737478568758
-0.862839609052
0.129157041676
0.0808843117435
0.985156261581
0.151527263433
-0.657817859552
0.484531465554
-0.767431722549
-0.483587214466
-0.555197810071
-0.200024770548
0.0865985791201
0.0109608126827
0.741038964509
0.18893780651
1.56573850299
0.111434975902
1.91708387983
-0.604135679346
-0.973883462789
-0.0910613820951
-0.855749218241
-0.512925503052
-0.0852431235777
0.352743095947
1.28828936529
1.10157082917
-0.160436558204
0.0925802353138
-0.800580956001
-0.81102312253
-0.844100851865
0.826597719642
0.656815735203
0.0675337533951
-0.642075373833
0.444145703351
-0.623599878319
