4
0
3
2
1
136
-0.542958855094
0.575455349427
0.849308059302
0.668171082691
-0.668900041887
0.455814904222
0.0776766450656
0.457474246062
1.18686980712
0.816808975667
-0.440645668846
-0.495826742225
-0.136346676898
0.467277580505
0.739772891802
-0.042201655244
0.94592417444
2.24927611842
-0.740387705656
0.212221312962
-0.216102813604
-0.460179939791
0.909867784597
-0.156550966869
0.0485772187682
-0.258344614655
0.795492251769
0.50972206827
0.224464559864
-0.372578912374
-0.566347073663
0.803193724862
0.769903040948
3.27531846898
0.687976356388
-0.00698902108136
-0.822547815143
-0.102343231514
-0.144603122823
0.990456929714
0.892890676675
0.603704028453
0.406512444683
1.02185418738
1.35642143676
-0.277446214214
0.155964379216
0.0343397319714
-0.84185884924
0.0435720001706
0.540292809676
-0.747293380949
0.915711302965
0.85905564699
0.68402816393
0.354286206188
0.878360579484
0.365635327823
0.952794230349
-0.824041870556
-0.782807041318
-0.89900936269
-0.788586556821
0.0578504168152
-0.981171789622
0.0478450905153
-0.688834432731
0.107554994178
0.507509613591
-0.45398576364
-0.949741345872
0.0973537935237
0.342420946329
0.287546648641
-0.154451126893
-0.222590772701
-0.783713456207
0.818547845899
0.734707963193
-0.125149629685
0.217763052852
0.901556616943
1.20556208504
0.0659939853681
0.381760931468
0.451448479971
-0.178582639216
-0.508173322142
0.397042950521
0.44388154581
-0.234173502741
0.536314399174
0.117964643254
-0.983887148804
0.841287047882
-0.52980628501
-0.198774545637
0.737478568758
-0.864786662361
0.127952762692
0.0808843117435
0.985156261581
0.151527263433
-0.657817859552
0.484531465554
-0.767431722549
-0.483587214466
-0.558222476461
-0.219082946051
0.0857865600122
-0.014688260453
0.741038964509
0.185914234443
1.54668616258
0.11062326484
1.89144231317
-0.604135679346
-0.973883462789
-0.0910613820951
-0.855749218241
-0.512925503052
-0.109238790932
0.346155883223
1.28170251942
1.03106768107
-0.160436558204
0.0925802353138
-0.800580956001
-0.81102312253
-0.844100851865
0.826597719642
0.653611215287
0.0675337533951
-0.642448735504
0.444145703351
-0.623599878319
