4
0
3
2
1
136
-0.544807893311
0.500122416761
0.845825168554
0.596420822531
-0.668900041887
0.453966386496
0.00235826428416
0.453991687958
1.11513357157
0.816808975667
-0.440645668846
-0.495826742225
-0.136346676898
0.467277580505
0.44759185836
-0.0577228979874
0.9304034225
1.3121599834
-0.740387705656
0.212221312962
-0.216102813604
-0.460179939791
0.909867784597
-0.156550966869
0.00339164229228
-0.34693317037
0.795361393822
0.390621539247
0.105385606273
-0.491636298923
-0.566347073663
0.803193724862
0.769903040948
2.45887093829
0.687976356388
-0.070225541928
-0.822547815143
-0.102343231514
-0.263638950713
0.871442652103
0.773897940968
0.603704028453
0.111127399892
0.941792737262
0.775135097675
-0.277446214214
0.155964379216
-0.260861031261
-0.921908306312
-0.537396366168
0.540292809676
-0.747293380949
0.915711302965
0.85905564699
0.68402816393
0.117195457411
0.878360579484
0.365635327823
-0.357958372117
-0.824041870556
-0.782807041318
-0.89900936269
-0.788586556821
0.0578504168152
-0.981171789622
-0.0341341609226
-0.790396830588
0.107554994178
0.507509613591
-0.45398576364
-0.949741345872
0.0973537935237
0.342420946329
0.287546648641
-0.154451126893
-0.584520526933
-0.882737957561
0.335203008617
0.734707963193
-0.125149629685
-0.143931264043
0.80258508164
0.722518962462
0.0659939853681
0.381760931468
0.451448479971
-0.178582639216
-0.508173322142
0.025127218473
0.44388154581
-0.234173502741
-0.384689833759
0.117964643254
-0.983887148804
0.841287047882
-0.52980628501
-0.198774545637
0.737478568758
-0.887299935336
0.110192793931
0.0808843117435
0.985156261581
0.151527263433
-0.657817859552
0.484531465554
-0.767431722549
-0.483587214466
-0.622270043128
-0.548617104738
0.0699144592141
-0.439103551875
0.741038964509
0.121952191638
1.21752318025
0.0947707151573
1.46746421878
-0.604135679346
-0.973883462789
-0.0910613820951
-0.855749218241
-0.512925503052
-0.498522412314
0.206497084994
1.14208278834
0.26825855339
-0.160436558204
0.0925802353138
-0.800580956001
-0.81102312253
-0.844100851865
0.826597719642
0.610465001835
0.0675337533951
-0.651312829883
0.444145703351
-0.623599878319
