4
0
3
2
1
136
-0.543583368378
0.548264758754
0.847995338182
0.643012107865
-0.668900041887
0.455190463759
0.0504882983906
0.456161572496
1.1617128675
0.816808975667
-0.440645668846
-0.495826742225
-0.136346676898
0.467277580505
0.633718444767
-0.0477147290821
0.940411174609
1.87931690678
-0.740387705656
0.212221312962
-0.216102813604
-0.460179939791
0.909867784597
-0.156550966869
0.0323468971932
-0.292510231955
0.795449802627
0.458587718622
0.17333610688
-0.423701470053
-0.566347073663
0.803193724862
0.769903040948
2.95681958429
0.687976356388
-0.0290876164701
-0.822547815143
-0.102343231514
-0.195719786555
0.93934615857
0.841785796759
0.603704028453
0.287651311763
0.980038346703
1.11430323989
-0.277446214214
0.155964379216
-0.0844534288486
-0.883669375864
-0.198425197263
0.540292809676
-0.747293380949
0.915711302965
0.85905564699
0.68402816393
0.262224204646
0.878360579484
0.365635327823
0.301637058044
-0.824041870556
-0.782807041318
-0.89900936269
-0.788586556821
0.0578504168152
-0.981171789622
0.0173928600604
-0.744620357294
0.107554994178
0.507509613591
-0.45398576364
-0.949741345872
0.0973537935237
0.342420946329
0.287546648641
-0.154451126893
-0.373505306176
-0.827637124561
0.61716185118
0.734707963193
-0.125149629685
0.0669346293728
0.857651764328
1.00428516517
0.0659939853681
0.381760931468
0.451448479971
-0.178582639216
-0.508173322142
0.238125633597
0.44388154581
-0.234173502741
0.0822685378956
0.117964643254
-0.983887148804
0.841287047882
-0.52980628501
-0.198774545637
0.737478568758
-0.875510941213
0.120431075901
0.0808843117435
0.985156261581
0.151527263433
-0.657817859552
0.484531465554
-0.767431722549
-0.483587214466
-0.578383473509
-0.335929445592
0.0804531466724
-0.169477059626
0.741038964509
0.16576574874
1.42990168686
0.105293236783
1.7367306229
-0.604135679346
-0.973883462789
-0.0910613820951
-0.855749218241
-0.512925503052
-0.252748898477
0.302551362338
1.23810256058
0.687040546414
-0.160436558204
0.0925802353138
-0.800580956001
-0.81102312253
-0.844100851865
0.826597719642
0.635737391546
0.0675337533951
-0.645055487316
0.444145703351
-0.623599878319
