4
0
3
2
1
136
-0.542904499158
0.57791627925
0.849430537366
0.670410798922
-0.668900041887
0.455869256288
0.0801374502197
0.457596721566
1.18910941333
0.816808975667
-0.440645668846
-0.495826742225
-0.136346676898
0.467277580505
0.749373721626
-0.0417071235717
0.946418702042
2.28454366805
-0.740387705656
0.212221312962
-0.216102813604
-0.460179939791
0.909867784597
-0.156550966869
0.0500352574815
-0.255140775104
0.795495854208
0.514779132677
0.22952121333
-0.367522669783
-0.566347073663
0.803193724862
0.769903040948
3.30550828575
0.687976356388
-0.00502725054662
-0.822547815143
-0.102343231514
-0.139547291041
0.995512350752
0.897945687034
0.603704028453
0.416090195652
1.02644164885
1.37651636733
-0.277446214214
0.155964379216
0.0439139730063
-0.837271787003
0.063660241318
0.540292809676
-0.747293380949
0.915711302965
0.85905564699
0.68402816393
0.361437102345
0.878360579484
0.365635327823
1.02190533329
-0.824041870556
-0.782807041318
-0.89900936269
-0.788586556821
0.0578504168152
-0.981171789622
0.0500974596953
-0.682305305341
0.107554994178
0.507509613591
-0.45398576364
-0.949741345872
0.0973537935237
0.342420946329
0.287546648641
-0.154451126893
-0.209551253825
-0.779458963154
0.835817338879
0.734707963193
-0.125149629685
0.230797694597
0.905810101639
1.22282530783
0.0659939853681
0.381760931468
0.451448479971
-0.178582639216
-0.508173322142
0.411392411911
0.44388154581
-0.234173502741
0.585486146015
0.117964643254
-0.983887148804
0.841287047882
-0.52980628501
-0.198774545637
0.737478568758
-0.863745840837
0.128601842477
0.0808843117435
0.985156261581
0.151527263433
-0.657817859552
0.484531465554
-0.767431722549
-0.483587214466
-0.556589788724
-0.208852471747
0.0862246798643
-0.000932620425142
0.741038964509
0.187546310672
1.55691338965
0.111061212812
1.90519378399
-0.604135679346
-0.973883462789
-0.0910613820951
-0.855749218241
-0.512925503052
-0.0963774652933
0.349709308989
1.28525573934
1.06826827505
-0.160436558204
0.0925802353138
-0.800580956001
-0.81102312253
-0.844100851865
0.826597719642
0.655321419195
0.0675337533951
-0.64224659227
0.444145703351
-0.623599878319
