4
0
3
2
1
136
-0.544049543638
0.529178356151
0.847114082764
0.624873193431
-0.668900041887
0.454724394648
0.0314049761735
0.455280385365
1.1435768532
0.816808975667
-0.440645668846
-0.495826742225
-0.136346676898
0.467277580505
0.559518221068
-0.0516419167599
0.936484089882
1.64115806655
-0.740387705656
0.212221312962
-0.216102813604
-0.460179939791
0.909867784597
-0.156550966869
0.0208663106295
-0.315065727094
0.795416910963
0.428154519129
0.142908499649
-0.454123486998
-0.566347073663
0.803193724862
0.769903040948
2.74946319959
0.687976356388
-0.0450792581374
-0.822547815143
-0.102343231514
-0.226136215187
0.908935316276
0.811380538832
0.603704028453
0.204304607257
0.960229419554
0.952313613075
-0.277446214214
0.155964379216
-0.167739425029
-0.903474773388
-0.360312487012
0.540292809676
-0.747293380949
0.915711302965
0.85905564699
0.68402816393
0.19475530211
0.878360579484
0.365635327823
-0.0315307454189
-0.824041870556
-0.782807041318
-0.89900936269
-0.788586556821
0.0578504168152
-0.981171789622
-0.00626012116426
-0.768947073094
0.107554994178
0.507509613591
-0.45398576364
-0.949741345872
0.0973537935237
0.342420946329
0.287546648641
-0.154451126893
-0.47332253598
-0.854097214508
0.484064499397
0.734707963193
-0.125149629685
-0.0328073499574
0.831208948094
0.871283121513
0.0659939853681
0.381760931468
0.451448479971
-0.178582639216
-0.508173322142
0.136984241575
0.44388154581
-0.234173502741
-0.150681927882
0.117964643254
-0.983887148804
0.841287047882
-0.52980628501
-0.198774545637
0.737478568758
-0.881405285439
0.11555711071
0.0808843117435
0.985156261581
0.151527263433
-0.657817859552
0.484531465554
-0.767431722549
-0.483587214466
-0.594756036748
-0.420607991032
0.0763046433346
-0.278712831781
0.741038964509
0.149412136115
1.34530909481
0.101149453126
1.62759752084
-0.604135679346
-0.973883462789
-0.0910613820951
-0.855749218241
-0.512925503052
-0.35280864391
0.267143603468
1.20270262123
0.499338304729
-0.160436558204
0.0925802353138
-0.800580956001
-0.81102312253
-0.844100851865
0.826597719642
0.624644141614
0.0675337533951
-0.647308939202
0.444145703351
-0.623599878319
