4
0
3
2
1
136
-0.543249870309
0.562542351942
0.848675640173
0.656318858586
-0.668900041887
0.455523915585
0.0647644856656
0.456841844402
1.17501833246
0.816808975667
-0.440645668846
-0.495826742225
-0.136346676898
0.467277580505
0.689388165155
-0.0448084315691
0.943317425619
2.0690742391
-0.740387705656
0.212221312962
-0.216102813604
-0.460179939791
0.909867784597
-0.156550966869
0.0408943140709
-0.274856791926
0.795472709759
0.484332210495
0.199077187199
-0.397963800407
-0.566347073663
0.803193724862
0.769903040948
3.12063686397
0.687976356388
-0.0173860032487
-0.822547815143
-0.102343231514
-0.169985526702
0.96507700951
0.867513239668
0.603704028453
0.352421195336
0.999927385266
1.24444575888
-0.277446214214
0.155964379216
-0.0197257539836
-0.863783280083
-0.068356300862
0.540292809676
-0.747293380949
0.915711302965
0.85905564699
0.68402816393
0.313091126909
0.878360579484
0.365635327823
0.617880147171
-0.824041870556
-0.782807041318
-0.89900936269
-0.788586556821
0.0578504168152
-0.981171789622
0.0345373443823
-0.718866678359
0.107554994178
0.507509613591
-0.45398576364
-0.949741345872
0.0973537935237
0.342420946329
0.287546648641
-0.154451126893
-0.293322926655
-0.805246778641
0.724272330082
0.734707963193
-0.125149629685
0.147064722515
0.880030480793
1.11132969098
0.0659939853681
0.381760931468
0.451448479971
-0.178582639216
-0.508173322142
0.321185949945
0.44388154581
-0.234173502741
0.301544061109
0.117964643254
-0.983887148804
0.841287047882
-0.52980628501
-0.198774545637
0.737478568758
-0.87012074555
0.124415105224
0.0808843117435
0.985156261581
0.151527263433
-0.657817859552
0.484531465554
-0.767431722549
-0.483587214466
-0.567315491946
-0.273805010052
0.0833596128039
-0.0877324723986
0.741038964509
0.176825625559
1.49198673483
0.108197537664
1.81842671196
-0.604135679346
-0.973883462789
-0.0910613820951
-0.855749218241
-0.512925503052
-0.177236053889
0.32644433557
1.26199250931
0.853853596985
-0.160436558204
0.0925802353138
-0.800580956001
-0.81102312253
-0.844100851865
0.826597719642
0.644860310837
0.0675337533951
-0.643599761648
0.444145703351
-0.623599878319
