4
0
3
2
1
136
-0.545452027472
0.477214249729
0.844843917518
0.573189777116
-0.668900041887
0.453322810781
-0.0205359167306
0.453010788055
1.09191699209
0.816808975667
-0.440645668846
-0.495826742225
-0.136346676898
0.467277580505
0.360860802249
-0.0626178119549
0.925508994363
1.08030921502
-0.740387705656
0.212221312962
-0.216102813604
-0.460179939791
0.909867784597
-0.156550966869
-0.0102318891357
-0.369780225774
0.795312460225
0.368011213736
0.0827835527665
-0.514230085752
-0.566347073663
0.803193724862
0.769903040948
2.25064883383
0.687976356388
-0.0907713656836
-0.822547815143
-0.102343231514
-0.286224476189
0.848865382662
0.751328922247
0.603704028453
0.066960934507
0.933671780713
0.691554929026
-0.277446214214
0.155964379216
-0.305008980421
-0.930028114285
-0.620943677137
0.540292809676
-0.747293380949
0.915711302965
0.85905564699
0.68402816393
0.079822302657
0.878360579484
0.365635327823
-0.505149542982
-0.824041870556
-0.782807041318
-0.89900936269
-0.788586556821
0.0578504168152
-0.981171789622
-0.047656626616
-0.799509305441
0.107554994178
0.507509613591
-0.45398576364
-0.949741345872
0.0973537935237
0.342420946329
0.287546648641
-0.154451126893
-0.6377852588
-0.896268396587
0.263253007261
0.734707963193
-0.125149629685
-0.197169244916
0.789060527213
0.650606162132
0.0659939853681
0.381760931468
0.451448479971
-0.178582639216
-0.508173322142
-0.0285802673091
0.44388154581
-0.234173502741
-0.49255681549
0.117964643254
-0.983887148804
0.841287047882
-0.52980628501
-0.198774545637
0.737478568758
-0.889991139665
0.107622611984
0.0808843117435
0.985156261581
0.151527263433
-0.657817859552
0.484531465554
-0.767431722549
-0.483587214466
-0.644067451499
-0.641481717637
0.0654483597541
-0.552398650682
0.741038964509
0.100214722051
1.12489130573
0.090314939315
1.35443141371
-0.604135679346
-0.973883462789
-0.0910613820951
-0.855749218241
-0.512925503052
-0.601073291226
0.156535021328
1.09215700935
0.123447719646
-0.160436558204
0.0925802353138
-0.800580956001
-0.81102312253
-0.844100851865
0.826597719642
0.601732874451
0.0675337533951
-0.654608365043
0.444145703351
-0.623599878319
