4
0
3
2
1
136
-0.543574252059
0.548647936243
0.848013349879
0.643372087797
-0.668900041887
0.455199578536
0.050871429799
0.456179583194
1.16207280485
0.816808975667
-0.440645668846
-0.495826742225
-0.136346676898
0.467277580505
0.635211235979
-0.0476363894352
0.940489512726
1.88427958533
-0.740387705656
0.212221312962
-0.216102813604
-0.460179939791
0.909867784597
-0.156550966869
0.0325768672227
-0.292044983381
0.795450435873
0.459245770197
0.17399405784
-0.423043619679
-0.566347073663
0.803193724862
0.769903040948
2.96111814757
0.687976356388
-0.0287706956897
-0.822547815143
-0.102343231514
-0.195062036738
0.940003807859
0.84244334555
0.603704028453
0.289408542968
0.980512952445
1.11777827594
-0.277446214214
0.155964379216
-0.082697455229
-0.883194849164
-0.194952310072
0.540292809676
-0.747293380949
0.915711302965
0.85905564699
0.68402816393
0.263623704742
0.878360579484
0.365635327823
0.309379266468
-0.824041870556
-0.782807041318
-0.89900936269
-0.788586556821
0.0578504168152
-0.981171789622
0.0178737762012
-0.744021250348
0.107554994178
0.507509613591
-0.45398576364
-0.949741345872
0.0973537935237
0.342420946329
0.287546648641
-0.154451126893
-0.371372700848
-0.827058834499
0.620007901325
0.734707963193
-0.125149629685
0.0690656949499
0.858229705472
1.00712927685
0.0659939853681
0.381760931468
0.451448479971
-0.178582639216
-0.508173322142
0.240307048198
0.44388154581
-0.234173502741
0.0876409700259
0.117964643254
-0.983887148804
0.841287047882
-0.52980628501
-0.198774545637
0.737478568758
-0.875376034349
0.120536252212
0.0808843117435
0.985156261581
0.151527263433
-0.657817859552
0.484531465554
-0.767431722549
-0.483587214466
-0.578072806394
-0.334244764948
0.0805337842788
-0.167277846222
0.741038964509
0.166076141215
1.43158506697
0.105373802577
1.73892825412
-0.604135679346
-0.973883462789
-0.0910613820951
-0.855749218241
-0.512925503052
-0.25072500727
0.303221604092
1.23877269628
0.69118452047
-0.160436558204
0.0925802353138
-0.800580956001
-0.81102312253
-0.844100851865
0.826597719642
0.635973527807
0.0675337533951
-0.645013846937
0.444145703351
-0.623599878319
