4
0
3
2
1
136
-0.543132724014
0.567688004208
0.848925625535
0.661062156255
-0.668900041887
0.455641049886
0.0699097632046
0.457091821901
1.17976129313
0.816808975667
-0.440645668846
-0.495826742225
-0.136346676898
0.467277580505
0.709465428114
-0.0437672498948
0.944358594971
2.13990501265
-0.740387705656
0.212221312962
-0.216102813604
-0.460179939791
0.909867784597
-0.156550966869
0.0439619970097
-0.26833776039
0.795480627414
0.494215705573
0.208959624526
-0.38808242061
-0.566347073663
0.803193724862
0.769903040948
3.18152746617
0.687976356388
-0.013222030957
-0.822547815143
-0.102343231514
-0.160105204215
0.974956274908
0.877391448198
0.603704028453
0.374691681426
1.00822183066
1.29020629584
-0.277446214214
0.155964379216
0.00253291692116
-0.855489830839
-0.0226171664632
0.540292809676
-0.747293380949
0.915711302965
0.85905564699
0.68402816393
0.330208963143
0.878360579484
0.365635327823
0.74576540091
-0.824041870556
-0.782807041318
-0.89900936269
-0.788586556821
0.0578504168152
-0.981171789622
0.0401345530605
-0.707721908503
0.107554994178
0.507509613591
-0.45398576364
-0.949741345872
0.0973537935237
0.342420946329
0.287546648641
-0.154451126893
-0.264733545299
-0.796812433803
0.762454198396
0.734707963193
-0.125149629685
0.175638921468
0.888461559703
1.14949227393
0.0659939853681
0.381760931468
0.451448479971
-0.178582639216
-0.508173322142
0.351483098976
0.44388154581
-0.234173502741
0.390641919053
0.117964643254
-0.983887148804
0.841287047882
-0.52980628501
-0.198774545637
0.737478568758
-0.868030543409
0.125845766855
0.0808843117435
0.985156261581
0.151527263433
-0.657817859552
0.484531465554
-0.767431722549
-0.483587214466
-0.563586539701
-0.2518052639
0.0843516709536
-0.0584780981938
0.741038964509
0.180552552491
1.51397622184
0.109189039048
1.84766820635
-0.604135679346
-0.973883462789
-0.0910613820951
-0.855749218241
-0.512925503052
-0.1500633335
0.334514012163
1.27006146827
0.921079240688
-0.160436558204
0.0925802353138
-0.800580956001
-0.81102312253
-0.844100851865
0.826597719642
0.648297741987
0.0675337533951
-0.643122655164
0.444145703351
-0.623599878319
