4
0
3
2
1
136
-0.543327983317
0.559149530086
0.848512233563
0.653176316127
-0.668900041887
0.455445811689
0.0613719453106
0.456678443746
1.17187604495
0.816808975667
-0.440645668846
-0.495826742225
-0.136346676898
0.467277580505
0.676152535132
-0.0454967281691
0.942629138298
2.02307961233
-0.740387705656
0.212221312962
-0.216102813604
-0.460179939791
0.909867784597
-0.156550966869
0.0388675871343
-0.279110283618
0.795467392616
0.477988741771
0.192734465721
-0.40430577481
-0.566347073663
0.803193724862
0.769903040948
3.08102683289
0.687976356388
-0.0201468794084
-0.822547815143
-0.102343231514
-0.176326754201
0.958736528744
0.861173505463
0.603704028453
0.337320102459
0.994785858304
1.21371194014
-0.277446214214
0.155964379216
-0.0348179446792
-0.868924122015
-0.0990742743094
0.540292809676
-0.747293380949
0.915711302965
0.85905564699
0.68402816393
0.301369666349
0.878360579484
0.365635327823
0.537584634705
-0.824041870556
-0.782807041318
-0.89900936269
-0.788586556821
0.0578504168152
-0.981171789622
0.0306519236298
-0.725652630103
0.107554994178
0.507509613591
-0.45398576364
-0.949741345872
0.0973537935237
0.342420946329
0.287546648641
-0.154451126893
-0.312363387608
-0.810708223424
0.698826283596
0.734707963193
-0.125149629685
0.128035471034
0.874571484252
1.08589782823
0.0659939853681
0.381760931468
0.451448479971
-0.178582639216
-0.508173322142
0.301235591602
0.44388154581
-0.234173502741
0.245809617482
0.117964643254
-0.983887148804
0.841287047882
-0.52980628501
-0.198774545637
0.737478568758
-0.871462519226
0.123464230042
0.0808843117435
0.985156261581
0.151527263433
-0.657817859552
0.484531465554
-0.767431722549
-0.483587214466
-0.569850118993
-0.288434244663
0.0826885126832
-0.10709921871
0.741038964509
0.174292565542
1.47736530295
0.107526863862
1.79906968201
-0.604135679346
-0.973883462789
-0.0910613820951
-0.855749218241
-0.512925503052
-0.195180808615
0.320967172503
1.25651591289
0.811736814179
-0.160436558204
0.0925802353138
-0.800580956001
-0.81102312253
-0.844100851865
0.826597719642
0.642634630572
0.0675337533951
-0.643927979122
0.444145703351
-0.623599878319
