4
0
3
2
1
136
-0.544302394725
0.519226255368
0.846666065012
0.615246761114
-0.668900041887
0.454471629329
0.0214552696265
0.454832422353
1.1339527308
0.816808975667
-0.440645668846
-0.495826742225
-0.136346676898
0.467277580505
0.521003343936
-0.0537100683429
0.934416019056
1.52395870316
-0.740387705656
0.212221312962
-0.216102813604
-0.460179939791
0.909867784597
-0.156550966869
0.0148718128647
-0.326328100092
0.795398667054
0.414118603123
0.128875884884
-0.468152801976
-0.566347073663
0.803193724862
0.769903040948
2.64655184347
0.687976356388
-0.0535809418996
-0.822547815143
-0.102343231514
-0.240162231835
0.894912596506
0.797361114487
0.603704028453
0.167079432067
0.952563815251
0.881252428917
-0.277446214214
0.155964379216
-0.20493989236
-0.91113900283
-0.431332046977
0.540292809676
-0.747293380949
0.915711302965
0.85905564699
0.68402816393
0.164006070108
0.878360579484
0.365635327823
-0.165620018064
-0.824041870556
-0.782807041318
-0.89900936269
-0.788586556821
0.0578504168152
-0.981171789622
-0.0172588836301
-0.778001727726
0.107554994178
0.507509613591
-0.45398576364
-0.949741345872
0.0973537935237
0.342420946329
0.287546648641
-0.154451126893
-0.517621451237
-0.865582488088
0.424918288406
0.734707963193
-0.125149629685
-0.0770742739024
0.819731028195
0.812178249577
0.0659939853681
0.381760931468
0.451448479971
-0.178582639216
-0.508173322142
0.0924155928589
0.44388154581
-0.234173502741
-0.245962419884
0.117964643254
-0.983887148804
0.841287047882
-0.52980628501
-0.198774545637
0.737478568758
-0.883814321445
0.11341668166
0.0808843117435
0.985156261581
0.151527263433
-0.657817859552
0.484531465554
-0.767431722549
-0.483587214466
-0.603918889932
-0.464952226061
0.0740866978522
-0.334896920036
0.741038964509
0.140264106529
1.30102846331
0.098934912359
1.57148776112
-0.604135679346
-0.973883462789
-0.0910613820951
-0.855749218241
-0.512925503052
-0.403973925049
0.247164518178
1.18273025375
0.413719817418
-0.160436558204
0.0925802353138
-0.800580956001
-0.81102312253
-0.844100851865
0.826597719642
0.619407238339
0.0675337533951
-0.648616050339
0.444145703351
-0.623599878319
