4
0
3
2
1
136
-0.54291413146
0.577479032013
0.849408729094
0.670013294588
-0.668900041887
0.455859624651
0.0797002244273
0.457574913733
1.18871192791
0.816808975667
-0.440645668846
-0.495826742225
-0.136346676898
0.467277580505
0.747667977703
-0.0417949377578
0.946330888556
2.27825584735
-0.740387705656
0.212221312962
-0.216102813604
-0.460179939791
0.909867784597
-0.156550966869
0.0497763542929
-0.255711331694
0.795495216936
0.513875621457
0.228617773707
-0.368426037821
-0.566347073663
0.803193724862
0.769903040948
3.3001275596
0.687976356388
-0.00537535417853
-0.822547815143
-0.102343231514
-0.140450587504
0.994609125851
0.897042533686
0.603704028453
0.414406896784
1.02561748863
1.37297990194
-0.277446214214
0.155964379216
0.042231268211
-0.838095877615
0.0601249131912
0.540292809676
-0.747293380949
0.915711302965
0.85905564699
0.68402816393
0.360183743714
0.878360579484
0.365635327823
1.00950243235
-0.824041870556
-0.782807041318
-0.89900936269
-0.788586556821
0.0578504168152
-0.981171789622
0.0497039422076
-0.68348509204
0.107554994178
0.507509613591
-0.45398576364
-0.949741345872
0.0973537935237
0.342420946329
0.287546648641
-0.154451126893
-0.21185616369
-0.780218916943
0.832768782922
0.734707963193
-0.125149629685
0.228493617072
0.905050319435
1.21977782299
0.0659939853681
0.381760931468
0.451448479971
-0.178582639216
-0.508173322142
0.408846486381
0.44388154581
-0.234173502741
0.576638184358
0.117964643254
-0.983887148804
0.841287047882
-0.52980628501
-0.198774545637
0.737478568758
-0.863931019573
0.128487267546
0.0808843117435
0.985156261581
0.151527263433
-0.657817859552
0.484531465554
-0.767431722549
-0.483587214466
-0.556877522147
-0.210665006722
0.0861474319933
-0.00337189719013
0.741038964509
0.187258681416
1.55510141013
0.110983994266
1.9027552218
-0.604135679346
-0.973883462789
-0.0910613820951
-0.855749218241
-0.512925503052
-0.0986594392884
0.349082698649
1.28462916392
1.06157088176
-0.160436558204
0.0925802353138
-0.800580956001
-0.81102312253
-0.844100851865
0.826597719642
0.655016731118
0.0675337533951
-0.642282113844
0.444145703351
-0.623599878319
