4
0
3
2
1
136
-0.54379004649
0.539681408781
0.847595248953
0.634905907271
-0.668900041887
0.454983825637
0.0419061282038
0.455761509088
1.15360776625
0.816808975667
-0.440645668846
-0.495826742225
-0.136346676898
0.467277580505
0.60030698074
-0.0494746703175
0.938651272654
1.77002543079
-0.740387705656
0.212221312962
-0.216102813604
-0.460179939791
0.909867784597
-0.156550966869
0.027189131871
-0.302805422274
0.795435342265
0.444330619706
0.159081386999
-0.437953811661
-0.566347073663
0.803193724862
0.769903040948
2.8619342709
0.687976356388
-0.0362290386425
-0.822547815143
-0.102343231514
-0.209969750652
0.925098571222
0.827540585399
0.603704028453
0.24880679817
0.970226440136
1.03817799268
-0.277446214214
0.155964379216
-0.123269477799
-0.893479574261
-0.274502233444
0.540292809676
-0.747293380949
0.915711302965
0.85905564699
0.68402816393
0.231035641781
0.878360579484
0.365635327823
0.139092064482
-0.824041870556
-0.782807041318
-0.89900936269
-0.788586556821
0.0578504168152
-0.981171789622
0.00656226717643
-0.756836771508
0.107554994178
0.507509613591
-0.45398576364
-0.949741345872
0.0973537935237
0.342420946329
0.287546648641
-0.154451126893
-0.420269271364
-0.840160860321
0.554793723422
0.734707963193
-0.125149629685
0.0202055921059
0.845136009101
0.941961076257
0.0659939853681
0.381760931468
0.451448479971
-0.178582639216
-0.508173322142
0.190549017141
0.44388154581
-0.234173502741
-0.0308566203368
0.117964643254
-0.983887148804
0.841287047882
-0.52980628501
-0.198774545637
0.737478568758
-0.878367513329
0.118136451209
0.0808843117435
0.985156261581
0.151527263433
-0.657817859552
0.484531465554
-0.767431722549
-0.483587214466
-0.585533434993
-0.373857900265
0.0786155480604
-0.218722873832
0.741038964509
0.158622945048
1.3920064893
0.103457473819
1.68752493184
-0.604135679346
-0.973883462789
-0.0910613820951
-0.855749218241
-0.512925503052
-0.29796634639
0.287116813486
1.22267085363
0.598343087081
-0.160436558204
0.0925802353138
-0.800580956001
-0.81102312253
-0.844100851865
0.826597719642
0.630583256613
0.0675337533951
-0.646025682026
0.444145703351
-0.623599878319
