4
0
3
2
1
136
-0.54324265806
0.562857148482
0.848690858336
0.656609825164
-0.668900041887
0.455531127039
0.0650792575343
0.456857062046
1.17530927677
0.816808975667
-0.440645668846
-0.495826742225
-0.136346676898
0.467277580505
0.690616333827
-0.044744641666
0.94338121471
2.0733702904
-0.740387705656
0.212221312962
-0.216102813604
-0.460179939791
0.909867784597
-0.156550966869
0.0410822031272
-0.274460322196
0.795473199184
0.484927800016
0.199672709401
-0.397368345509
-0.566347073663
0.803193724862
0.769903040948
3.12433366546
0.687976356388
-0.0171304603475
-0.822547815143
-0.102343231514
-0.169390139094
0.965672329844
0.868108492741
0.603704028453
0.353807061735
1.00041765283
1.24727837501
-0.277446214214
0.155964379216
-0.0183406698042
-0.863293075085
-0.065525087667
0.540292809676
-0.747293380949
0.915711302965
0.85905564699
0.68402816393
0.314162325135
0.878360579484
0.365635327823
0.625492355217
-0.824041870556
-0.782807041318
-0.89900936269
-0.788586556821
0.0578504168152
-0.981171789622
0.0348903245965
-0.718214801112
0.107554994178
0.507509613591
-0.45398576364
-0.949741345872
0.0973537935237
0.342420946329
0.287546648641
-0.154451126893
-0.291562447375
-0.804736023527
0.726624756347
0.734707963193
-0.125149629685
0.148824208741
0.880541020457
1.11368085869
0.0659939853681
0.381760931468
0.451448479971
-0.178582639216
-0.508173322142
0.323039204271
0.44388154581
-0.234173502741
0.306834483789
0.117964643254
-0.983887148804
0.841287047882
-0.52980628501
-0.198774545637
0.737478568758
-0.869994660974
0.124503126046
0.0808843117435
0.985156261581
0.151527263433
-0.657817859552
0.484531465554
-0.767431722549
-0.483587214466
-0.567083372069
-0.272452449016
0.0834212099948
-0.0859383633227
0.741038964509
0.17705760984
1.4933386155
0.108259097785
1.82021997073
-0.604135679346
-0.973883462789
-0.0910613820951
-0.855749218241
-0.512925503052
-0.17557191561
0.326946214861
1.26249434002
0.857847475348
-0.160436558204
0.0925802353138
-0.800580956001
-0.81102312253
-0.844100851865
0.826597719642
0.645068512122
0.0675337533951
-0.643569860914
0.444145703351
-0.623599878319
