4
0
3
2
1
136
-0.543190152057
0.565156789564
0.84880232556
0.658732272365
-0.668900041887
0.455583627484
0.0673787254548
0.456968525629
1.17743156797
0.816808975667
-0.440645668846
-0.495826742225
-0.136346676898
0.467277580505
0.699588784631
-0.0442790159464
0.943846834735
2.10490063102
-0.740387705656
0.212221312962
-0.216102813604
-0.460179939791
0.909867784597
-0.156550966869
0.0424539208177
-0.271554743369
0.795476754503
0.489314594579
0.204059022524
-0.392982513724
-0.566347073663
0.803193724862
0.769903040948
3.15145124686
0.687976356388
-0.0152668562798
-0.822547815143
-0.102343231514
-0.165004788542
0.970057199263
0.872492881132
0.603704028453
0.363842176298
1.00406712463
1.26784942904
-0.277446214214
0.155964379216
-0.00831103614325
-0.85964405423
-0.0449639173327
0.540292809676
-0.747293380949
0.915711302965
0.85905564699
0.68402816393
0.32189557386
0.878360579484
0.365635327823
0.681936392032
-0.824041870556
-0.782807041318
-0.89900936269
-0.788586556821
0.0578504168152
-0.981171789622
0.0374278977559
-0.713335501516
0.107554994178
0.507509613591
-0.45398576364
-0.949741345872
0.0973537935237
0.342420946329
0.287546648641
-0.154451126893
-0.278743486308
-0.80098427669
0.743750144344
0.734707963193
-0.125149629685
0.161636167063
0.884291255114
1.1307973609
0.0659939853681
0.381760931468
0.451448479971
-0.178582639216
-0.508173322142
0.336581253404
0.44388154581
-0.234173502741
0.346109357325
0.117964643254
-0.983887148804
0.841287047882
-0.52980628501
-0.198774545637
0.737478568758
-0.869066181153
0.125144427275
0.0808843117435
0.985156261581
0.151527263433
-0.657817859552
0.484531465554
-0.767431722549
-0.483587214466
-0.565403464971
-0.26259763909
0.0838676437961
-0.0728486152331
0.741038964509
0.178736573831
1.50318866837
0.10870527294
1.8333037587
-0.604135679346
-0.973883462789
-0.0910613820951
-0.855749218241
-0.512925503052
-0.163421325481
0.330580088358
1.26612787772
0.887485235141
-0.160436558204
0.0925802353138
-0.800580956001
-0.81102312253
-0.844100851865
0.826597719642
0.646597870488
0.0675337533951
-0.643354257195
0.444145703351
-0.623599878319
