4
0
3
2
1
136
0.460808938816
-0.736400387493
0.127181855997
-0.431468620684
0.731620888425
-0.982365378275
0.767789573763
-0.842389379681
1.01414317958
-0.206148253119
-0.844611633722
0.753104955419
0.31177309864
-0.989008969419
0.494457287457
0.4104234203
-0.893735820591
1.16585009179
0.442683614171
0.633676384472
0.541671472831
-0.217106278727
0.402610617009
0.0794071756768
0.732698377711
-0.828624836319
-0.975498307183
0.569050924053
0.0349724767021
-0.922021124286
-0.37141279685
-0.666631896108
-0.291384701993
1.63535136834
-0.923177382774
0.953837613398
0.13952757069
-0.200406291451
0.883128342475
-0.111181309683
0.727215701336
-0.407551581222
0.217531710863
-0.955907897615
0.70813777583
0.708281213852
-0.207320968033
-0.947929024421
0.0858201625833
-0.781946418404
0.395567061295
-0.372358144143
0.644246950645
-0.560741409989
0.887613233366
0.0852285937743
0.0249241149426
0.270352889772
1.04957873542
0.770552295307
-0.113329695897
0.593746283323
-0.0692156549379
0.308223783161
-0.925003413907
-0.535938262262
0.234564800366
-0.800810246359
-0.413623846621
-0.345642427457
-0.384551154654
-0.366611219086
0.906863550535
0.723528304794
0.134136593497
0.733517048368
0.906685194279
-0.751652827228
-0.0284945552565
-0.128632744751
0.151678829131
0.604801575071
0.825549193141
0.167821372003
0.415753662098
0.72020036289
0.964567217668
-0.723619704565
0.0523054295079
0.488099227411
-0.0245252243888
0.590357291853
-0.55109349169
-0.3233259529
0.698084332482
-0.865970557334
0.840419622854
0.916167658693
-0.0382315284596
-0.420019701874
-0.402689060303
-0.57105922015
0.641896697221
-0.960390287718
0.109943654647
-0.685791212527
0.243679258584
-0.26201374804
-0.255980169301
0.50635487294
0.856680321998
0.0220383348954
0.96992321857
-0.126968710045
-0.0249879834999
-0.0505987463763
-0.357171856114
-0.306852882494
-0.240947122158
-0.309623945315
0.658174301327
0.862467745258
-0.882240674045
-0.106674380652
0.0971853525345
-0.371845374049
0.632881688671
-0.692969295025
0.58635664661
0.534357715074
0.0948878780752
0.704400693364
-0.46616594752
0.406505996261
-0.199854509962
0.977326749477
