4
0
3
2
1
136
-0.543715754976
0.542744047515
0.847737272806
0.637807697858
-0.668900041887
0.455058101615
0.0449683118356
0.455903522926
1.15650913086
0.816808975667
-0.440645668846
-0.495826742225
-0.136346676898
0.467277580505
0.612221913585
-0.0488455730728
0.939280354722
1.80861034691
-0.740387705656
0.212221312962
-0.216102813604
-0.460179939791
0.909867784597
-0.156550966869
0.0290307514316
-0.299159983012
0.795440562875
0.449311131037
0.164061022457
-0.432975051781
-0.566347073663
0.803193724862
0.769903040948
2.89548249648
0.687976356388
-0.0336715753622
-0.822547815143
-0.102343231514
-0.204991866057
0.930075580827
0.832516720308
0.603704028453
0.262506851637
0.97355018967
1.0648830254
-0.277446214214
0.155964379216
-0.109579551026
-0.890156417215
-0.247814274473
0.540292809676
-0.747293380949
0.915711302965
0.85905564699
0.68402816393
0.242089237909
0.878360579484
0.365635327823
0.194694673198
-0.824041870556
-0.782807041318
-0.89900936269
-0.788586556821
0.0578504168152
-0.981171789622
0.0104241563499
-0.752734857749
0.107554994178
0.507509613591
-0.45398576364
-0.949741345872
0.0973537935237
0.342420946329
0.287546648641
-0.154451126893
-0.403847045555
-0.835793788505
0.576688310601
0.734707963193
-0.125149629685
0.0366153565354
0.84950022149
0.963839929402
0.0659939853681
0.381760931468
0.451448479971
-0.178582639216
-0.508173322142
0.207206551459
0.44388154581
-0.234173502741
0.00792661572202
0.117964643254
-0.983887148804
0.841287047882
-0.52980628501
-0.198774545637
0.737478568758
-0.877385577093
0.118939765042
0.0808843117435
0.985156261581
0.151527263433
-0.657817859552
0.484531465554
-0.767431722549
-0.483587214466
-0.582940788255
-0.360286369727
0.0792776517063
-0.201160752304
0.741038964509
0.1612128062
1.40556521322
0.104118871164
1.70507167407
-0.604135679346
-0.973883462789
-0.0910613820951
-0.855749218241
-0.512925503052
-0.281862750135
0.292716438106
1.22826935497
0.629118496046
-0.160436558204
0.0925802353138
-0.800580956001
-0.81102312253
-0.844100851865
0.826597719642
0.63239212086
0.0675337533951
-0.645671292755
0.444145703351
-0.623599878319
