4
0
3
2
1
136
-0.543274961032
0.561449232231
0.848622870871
0.65530768756
-0.668900041887
0.455498827686
0.0636714534902
0.456789076947
1.17400724058
0.816808975667
-0.440645668846
-0.495826742225
-0.136346676898
0.467277580505
0.68512354215
-0.0450300349066
0.943095825164
2.05419397337
-0.740387705656
0.212221312962
-0.216102813604
-0.460179939791
0.909867784597
-0.156550966869
0.0402416656431
-0.276231128246
0.7954710051
0.482273282405
0.197018495524
-0.40002225572
-0.566347073663
0.803193724862
0.769903040948
3.10782843912
0.687976356388
-0.0182741827576
-0.822547815143
-0.102343231514
-0.172043745706
0.963019026763
0.865455493124
0.603704028453
0.347587635595
0.998242378006
1.23458216018
-0.277446214214
0.155964379216
-0.0245565388268
-0.865468068687
-0.0782149371244
0.540292809676
-0.747293380949
0.915711302965
0.85905564699
0.68402816393
0.309349047624
0.878360579484
0.365635327823
0.591660836504
-0.824041870556
-0.782807041318
-0.89900936269
-0.788586556821
0.0578504168152
-0.981171789622
0.0333014715708
-0.72110069972
0.107554994178
0.507509613591
-0.45398576364
-0.949741345872
0.0973537935237
0.342420946329
0.287546648641
-0.154451126893
-0.299445266872
-0.80701507967
0.71609078715
0.734707963193
-0.125149629685
0.140945893732
0.878262943525
1.1031525955
0.0659939853681
0.381760931468
0.451448479971
-0.178582639216
-0.508173322142
0.314752699393
0.44388154581
-0.234173502741
0.28333167815
0.117964643254
-0.983887148804
0.841287047882
-0.52980628501
-0.198774545637
0.737478568758
-0.870556547651
0.124109121127
0.0808843117435
0.985156261581
0.151527263433
-0.657817859552
0.484531465554
-0.767431722549
-0.483587214466
-0.568125548032
-0.278508158127
0.0831448263059
-0.093966345049
0.741038964509
0.176016052944
1.48728600568
0.107982883106
1.81219585831
-0.604135679346
-0.973883462789
-0.0910613820951
-0.855749218241
-0.512925503052
-0.183015997155
0.324693264826
1.26024161237
0.840100338454
-0.160436558204
0.0925802353138
-0.800580956001
-0.81102312253
-0.844100851865
0.826597719642
0.644139544882
0.0675337533951
-0.643704317351
0.444145703351
-0.623599878319
