4
0
3
2
1
136
-0.543351017801
0.558154800144
0.848464535324
0.652252678031
-0.668900041887
0.455422780076
0.0603773035566
0.45663074738
1.17095248698
0.816808975667
-0.440645668846
-0.495826742225
-0.136346676898
0.467277580505
0.672272596837
-0.0456987998266
0.942427069553
2.00970126337
-0.740387705656
0.212221312962
-0.216102813604
-0.460179939791
0.909867784597
-0.156550966869
0.0382728111704
-0.280350518399
0.795465818967
0.47615532627
0.190901276837
-0.406138737133
-0.566347073663
0.803193724862
0.769903040948
3.06949455491
0.687976356388
-0.020958656357
-0.822547815143
-0.102343231514
-0.178159490016
0.956904019382
0.8593412225
0.603704028453
0.332842092354
0.993327853828
1.20464481688
-0.277446214214
0.155964379216
-0.0392931878765
-0.870381922511
-0.108136514379
0.540292809676
-0.747293380949
0.915711302965
0.85905564699
0.68402816393
0.297876931608
0.878360579484
0.365635327823
0.514649499922
-0.824041870556
-0.782807041318
-0.89900936269
-0.788586556821
0.0578504168152
-0.981171789622
0.0294861782331
-0.727560417174
0.107554994178
0.507509613591
-0.45398576364
-0.949741345872
0.0973537935237
0.342420946329
0.287546648641
-0.154451126893
-0.317962608549
-0.81229413379
0.691343278578
0.734707963193
-0.125149629685
0.122439704817
0.872986334128
1.07841918728
0.0659939853681
0.381760931468
0.451448479971
-0.178582639216
-0.508173322142
0.295399441431
0.44388154581
-0.234173502741
0.229908078535
0.117964643254
-0.983887148804
0.841287047882
-0.52980628501
-0.198774545637
0.737478568758
-0.871849531721
0.123185069221
0.0808843117435
0.985156261581
0.151527263433
-0.657817859552
0.484531465554
-0.767431722549
-0.483587214466
-0.570604612259
-0.292740546874
0.0824893082255
-0.112786579792
0.741038964509
0.173538570124
1.473061458
0.107327794052
1.79338536814
-0.604135679346
-0.973883462789
-0.0910613820951
-0.855749218241
-0.512925503052
-0.20044401938
0.319337713519
1.25488663588
0.79970095767
-0.160436558204
0.0925802353138
-0.800580956001
-0.81102312253
-0.844100851865
0.826597719642
0.641988603791
0.0675337533951
-0.644026283505
0.444145703351
-0.623599878319
