4
0
3
2
1
136
-0.542832208894
0.581213775041
0.849595663575
0.673402504709
-0.668900041887
0.455941541857
0.0834347935781
0.45776184466
1.19210098523
0.816808975667
-0.440645668846
-0.495826742225
-0.136346676898
0.467277580505
0.762236033458
-0.0410455936458
0.947080226996
2.33226435745
-0.740387705656
0.212221312962
-0.216102813604
-0.460179939791
0.909867784597
-0.156550966869
0.0519855650366
-0.250819766759
0.795500621582
0.521661840416
0.236403400526
-0.360641003054
-0.566347073663
0.803193724862
0.769903040948
3.34632043607
0.687976356388
-0.00240834072056
-0.822547815143
-0.102343231514
-0.132666144701
1.00239297678
0.904825792828
0.603704028453
0.428525278918
1.03277962747
1.40269746553
-0.277446214214
0.155964379216
0.0563449638641
-0.830934314768
0.0898334448985
0.540292809676
-0.747293380949
0.915711302965
0.85905564699
0.68402816393
0.370649343088
0.878360579484
0.365635327823
1.11715553062
-0.824041870556
-0.782807041318
-0.89900936269
-0.788586556821
0.0578504168152
-0.981171789622
0.0529733007628
-0.673129496232
0.107554994178
0.507509613591
-0.45398576364
-0.949741345872
0.0973537935237
0.342420946329
0.287546648641
-0.154451126893
-0.192339335348
-0.773668202704
0.858517667119
0.734707963193
-0.125149629685
0.248003791391
0.911599667464
1.24551813278
0.0659939853681
0.381760931468
0.451448479971
-0.178582639216
-0.508173322142
0.430538619416
0.44388154581
-0.234173502741
0.653807431189
0.117964643254
-0.983887148804
0.841287047882
-0.52980628501
-0.198774545637
0.737478568758
-0.862347543767
0.129454754023
0.0808843117435
0.985156261581
0.151527263433
-0.657817859552
0.484531465554
-0.767431722549
-0.483587214466
-0.554452679701
-0.195258329184
0.0867988458135
0.017391617837
0.741038964509
0.189682692463
1.57050362548
0.111635173508
1.92351297883
-0.604135679346
-0.973883462789
-0.0910613820951
-0.855749218241
-0.512925503052
-0.0792173433012
0.35436879761
1.28991498598
1.12004022603
-0.160436558204
0.0925802353138
-0.800580956001
-0.81102312253
-0.844100851865
0.826597719642
0.657629713932
0.0675337533951
-0.64198414891
0.444145703351
-0.623599878319
