4
0
3
2
1
136
-0.544291380574
0.519654121
0.846685177024
0.615663098023
-0.668900041887
0.454482639238
0.0218830183697
0.454851531665
1.13436895401
0.816808975667
-0.440645668846
-0.495826742225
-0.136346676898
0.467277580505
0.522655955481
-0.0536208506711
0.934505232773
1.52889979563
-0.740387705656
0.212221312962
-0.216102813604
-0.460179939791
0.909867784597
-0.156550966869
0.0151294725989
-0.325851176796
0.795399467463
0.414696339278
0.129453474833
-0.467575358165
-0.566347073663
0.803193724862
0.769903040948
2.65090342229
0.687976356388
-0.0532130827401
-0.822547815143
-0.102343231514
-0.239584934093
0.895489748248
0.797938120298
0.603704028453
0.168566589357
0.952860824667
0.884081890688
-0.277446214214
0.155964379216
-0.203453665227
-0.910842045455
-0.428504160274
0.540292809676
-0.747293380949
0.915711302965
0.85905564699
0.68402816393
0.165240956918
0.878360579484
0.365635327823
-0.160376730241
-0.824041870556
-0.782807041318
-0.89900936269
-0.788586556821
0.0578504168152
-0.981171789622
-0.0168154762399
-0.777654594567
0.107554994178
0.507509613591
-0.45398576364
-0.949741345872
0.0973537935237
0.342420946329
0.287546648641
-0.154451126893
-0.515849951445
-0.865125333111
0.427286515341
0.734707963193
-0.125149629685
-0.0753040015036
0.820187902254
0.814544875081
0.0659939853681
0.381760931468
0.451448479971
-0.178582639216
-0.508173322142
0.0941967880094
0.44388154581
-0.234173502741
-0.242215533103
0.117964643254
-0.983887148804
0.841287047882
-0.52980628501
-0.198774545637
0.737478568758
-0.883719793408
0.113502130276
0.0808843117435
0.985156261581
0.151527263433
-0.657817859552
0.484531465554
-0.767431722549
-0.483587214466
-0.603517610265
-0.463049916071
0.0741820553172
-0.332500768524
0.741038964509
0.140664669874
1.30292775382
0.0990301104911
1.57388040655
-0.604135679346
-0.973883462789
-0.0910613820951
-0.855749218241
-0.512925503052
-0.401795105362
0.248043190565
1.18360859048
0.417252494769
-0.160436558204
0.0925802353138
-0.800580956001
-0.81102312253
-0.844100851865
0.826597719642
0.619624379442
0.0675337533951
-0.648558190603
0.444145703351
-0.623599878319
