4
0
3
2
1
136
-0.543878731596
0.536058184259
0.84742824828
0.631459282708
-0.668900041887
0.454895160955
0.0382834964544
0.455594521553
1.15016169975
0.816808975667
-0.440645668846
-0.495826742225
-0.136346676898
0.467277580505
0.586222429116
-0.0502205671871
0.937905395594
1.72496640219
-0.740387705656
0.212221312962
-0.216102813604
-0.460179939791
0.909867784597
-0.156550966869
0.0250089806185
-0.307077416841
0.795429077221
0.438591978581
0.153343818963
-0.443690306991
-0.566347073663
0.803193724862
0.769903040948
2.82268488317
0.687976356388
-0.0392680908206
-0.822547815143
-0.102343231514
-0.215705173658
0.919364220158
0.821807305897
0.603704028453
0.232958591283
0.966538817866
1.00745784804
-0.277446214214
0.155964379216
-0.139106010001
-0.897166528248
-0.305202759473
0.540292809676
-0.747293380949
0.915711302965
0.85905564699
0.68402816393
0.218179319996
0.878360579484
0.365635327823
0.0767416861478
-0.824041870556
-0.782807041318
-0.89900936269
-0.788586556821
0.0578504168152
-0.981171789622
0.00204217663961
-0.761343759569
0.107554994178
0.507509613591
-0.45398576364
-0.949741345872
0.0973537935237
0.342420946329
0.287546648641
-0.154451126893
-0.439200023279
-0.845160927786
0.529559082057
0.734707963193
-0.125149629685
0.00128930310652
0.840139271007
0.916744748904
0.0659939853681
0.381760931468
0.451448479971
-0.178582639216
-0.508173322142
0.171399085279
0.44388154581
-0.234173502741
-0.0744866519057
0.117964643254
-0.983887148804
0.841287047882
-0.52980628501
-0.198774545637
0.737478568758
-0.879473616696
0.117213514499
0.0808843117435
0.985156261581
0.151527263433
-0.657817859552
0.484531465554
-0.767431722549
-0.483587214466
-0.588658298981
-0.389956492492
0.0778244838732
-0.239469333197
0.741038964509
0.155501740035
1.37592449145
0.102667322405
1.66679828649
-0.604135679346
-0.973883462789
-0.0910613820951
-0.855749218241
-0.512925503052
-0.316960384002
0.280360464056
1.21591601122
0.563091683631
-0.160436558204
0.0925802353138
-0.800580956001
-0.81102312253
-0.844100851865
0.826597719642
0.628487692422
0.0675337533951
-0.646456608329
0.444145703351
-0.623599878319
