4
0
3
2
1
136
-0.542816856006
0.581917743294
0.849631067619
0.674039809186
-0.668900041887
0.45595689381
0.0841387313373
0.457797248083
1.192738263
0.816808975667
-0.440645668846
-0.495826742225
-0.136346676898
0.467277580505
0.764981550198
-0.0409045303745
0.947221289272
2.3425209282
-0.740387705656
0.212221312962
-0.216102813604
-0.460179939791
0.909867784597
-0.156550966869
0.0524014133265
-0.249893157268
0.79550163057
0.523146846373
0.237888299731
-0.359156210585
-0.566347073663
0.803193724862
0.769903040948
3.35508675102
0.687976356388
-0.00185067984985
-0.822547815143
-0.102343231514
-0.131181458953
1.00387755582
0.906310265179
0.603704028453
0.431120325315
1.03415998471
1.40817233943
-0.277446214214
0.155964379216
0.0589392209648
-0.829554061386
0.0953067832871
0.540292809676
-0.747293380949
0.915711302965
0.85905564699
0.68402816393
0.372561166281
0.878360579484
0.365635327823
1.13788058013
-0.824041870556
-0.782807041318
-0.89900936269
-0.788586556821
0.0578504168152
-0.981171789622
0.0535664711872
-0.67110626773
0.107554994178
0.507509613591
-0.45398576364
-0.949741345872
0.0973537935237
0.342420946329
0.287546648641
-0.154451126893
-0.188704555337
-0.77241770787
0.863295105622
0.734707963193
-0.125149629685
0.251637428828
0.912849928898
1.25029409643
0.0659939853681
0.381760931468
0.451448479971
-0.178582639216
-0.508173322142
0.434613240489
0.44388154581
-0.234173502741
0.668765707841
0.117964643254
-0.983887148804
0.841287047882
-0.52980628501
-0.198774545637
0.737478568758
-0.862048920927
0.129634172409
0.0808843117435
0.985156261581
0.151527263433
-0.657817859552
0.484531465554
-0.767431722549
-0.483587214466
-0.554003954406
-0.19237390827
0.0869194825229
0.0212862742646
0.741038964509
0.190131275165
1.57338727406
0.111755769864
1.92740663436
-0.604135679346
-0.973883462789
-0.0910613820951
-0.855749218241
-0.512925503052
-0.0755661451384
0.355348409294
1.2908945506
1.13138933381
-0.160436558204
0.0925802353138
-0.800580956001
-0.81102312253
-0.844100851865
0.826597719642
0.658124716694
0.0675337533951
-0.641929357568
0.444145703351
-0.623599878319
