4
0
3
2
1
136
-0.543277972517
0.561318243035
0.848616555307
0.655186434833
-0.668900041887
0.455495816547
0.0635404749801
0.456782761609
1.17388599752
0.816808975667
-0.440645668846
-0.495826742225
-0.136346676898
0.467277580505
0.684612526494
-0.0450565997042
0.943069260718
2.05241478135
-0.740387705656
0.212221312962
-0.216102813604
-0.460179939791
0.909867784597
-0.156550966869
0.0401634367043
-0.276395566306
0.795470800292
0.482027523769
0.196772765494
-0.40026795715
-0.566347073663
0.803193724862
0.769903040948
3.10629657435
0.687976356388
-0.018380698945
-0.822547815143
-0.102343231514
-0.172289418542
0.962773382513
0.865209877454
0.603704028453
0.347006291565
0.998042279035
1.23339750673
-0.277446214214
0.155964379216
-0.025137544286
-0.865668141316
-0.0793989865917
0.540292809676
-0.747293380949
0.915711302965
0.85905564699
0.68402816393
0.308898354821
0.878360579484
0.365635327823
0.588541234988
-0.824041870556
-0.782807041318
-0.89900936269
-0.788586556821
0.0578504168152
-0.981171789622
0.0331523335727
-0.721365337661
0.107554994178
0.507509613591
-0.45398576364
-0.949741345872
0.0973537935237
0.342420946329
0.287546648641
-0.154451126893
-0.300179793393
-0.807226424953
0.71510915894
0.734707963193
-0.125149629685
0.140211794491
0.87805169138
1.10217150818
0.0659939853681
0.381760931468
0.451448479971
-0.178582639216
-0.508173322142
0.313982072046
0.44388154581
-0.234173502741
0.281165693445
0.117964643254
-0.983887148804
0.841287047882
-0.52980628501
-0.198774545637
0.737478568758
-0.870608554093
0.124072424479
0.0808843117435
0.985156261581
0.151527263433
-0.657817859552
0.484531465554
-0.767431722549
-0.483587214466
-0.568223036852
-0.279072400602
0.0831189959837
-0.0947137450709
0.741038964509
0.175918623394
1.48672205901
0.107957068934
1.81144882704
-0.604135679346
-0.973883462789
-0.0910613820951
-0.855749218241
-0.512925503052
-0.183708731786
0.324482566452
1.26003093537
0.838464171816
-0.160436558204
0.0925802353138
-0.800580956001
-0.81102312253
-0.844100851865
0.826597719642
0.64405340702
0.0675337533951
-0.643716922141
0.444145703351
-0.623599878319
