4
0
3
2
1
136
-0.544222981813
0.52232261284
0.846804670494
0.618254623393
-0.668900041887
0.45455101274
0.0245508110782
0.454971009039
1.13695980121
0.816808975667
-0.440645668846
-0.495826742225
-0.136346676898
0.467277580505
0.532969848918
-0.053065043701
0.935061016113
1.55991353165
-0.740387705656
0.212221312962
-0.216102813604
-0.460179939791
0.909867784597
-0.156550966869
0.0167366433292
-0.32286185485
0.795404426528
0.418351464633
0.133107696355
-0.46392204006
-0.566347073663
0.803193724862
0.769903040948
2.6781905323
0.687976356388
-0.0509236265933
-0.822547815143
-0.102343231514
-0.235932518987
0.89914126077
0.801588730651
0.603704028453
0.178076270768
0.954776607527
0.902191241698
-0.277446214214
0.155964379216
-0.193950052348
-0.908926601177
-0.410405065859
0.540292809676
-0.747293380949
0.915711302965
0.85905564699
0.68402816393
0.173125169297
0.878360579484
0.365635327823
-0.126645183599
-0.824041870556
-0.782807041318
-0.89900936269
-0.788586556821
0.0578504168152
-0.981171789622
-0.0139874908094
-0.775408396563
0.107554994178
0.507509613591
-0.45398576364
-0.949741345872
0.0973537935237
0.342420946329
0.287546648641
-0.154451126893
-0.504527110546
-0.86219938759
0.442416617035
0.734707963193
-0.125149629685
-0.0639891203369
0.82311202306
0.829664624595
0.0659939853681
0.381760931468
0.451448479971
-0.178582639216
-0.508173322142
0.105582817598
0.44388154581
-0.234173502741
-0.218153207819
0.117964643254
-0.983887148804
0.841287047882
-0.52980628501
-0.198774545637
0.737478568758
-0.883112296751
0.114048521529
0.0808843117435
0.985156261581
0.151527263433
-0.657817859552
0.484531465554
-0.767431722549
-0.483587214466
-0.601028849914
-0.45117323758
0.0747771932747
-0.317512656589
0.741038964509
0.143149125776
1.31478618098
0.0996242802333
1.58884728185
-0.604135679346
-0.973883462789
-0.0910613820951
-0.855749218241
-0.512925503052
-0.38816020886
0.253484583387
1.18904798943
0.439576562336
-0.160436558204
0.0925802353138
-0.800580956001
-0.81102312253
-0.844100851865
0.826597719642
0.620994983173
0.0675337533951
-0.648200558578
0.444145703351
-0.623599878319
