4
0
3
2
1
136
-0.543490738906
0.55217648186
0.848179836919
0.646679514446
-0.668900041887
0.455283078351
0.0543995747876
0.456346061584
1.16537986231
0.816808975667
-0.440645668846
-0.495826742225
-0.136346676898
0.467277580505
0.648961831139
-0.0469158850331
0.941210003843
1.9303158311
-0.740387705656
0.212221312962
-0.216102813604
-0.460179939791
0.909867784597
-0.156550966869
0.0346932399427
-0.287738300745
0.795456218654
0.465391538431
0.180138922706
-0.416899657924
-0.566347073663
0.803193724862
0.769903040948
3.00095501629
0.687976356388
-0.025859796037
-0.822547815143
-0.102343231514
-0.188918977839
0.946145964159
0.848584599506
0.603704028453
0.305602802144
0.985034616257
1.14994339447
-0.277446214214
0.155964379216
-0.0665145625218
-0.878673918309
-0.162806713479
0.540292809676
-0.747293380949
0.915711302965
0.85905564699
0.68402816393
0.276472363394
0.878360579484
0.365635327823
0.382615603611
-0.824041870556
-0.782807041318
-0.89900936269
-0.788586556821
0.0578504168152
-0.981171789622
0.0222663128775
-0.738275772521
0.107554994178
0.507509613591
-0.45398576364
-0.949741345872
0.0973537935237
0.342420946329
0.287546648641
-0.154451126893
-0.351627299428
-0.821667920282
0.646367974631
0.734707963193
-0.125149629685
0.0887971601339
0.863617476494
1.03347180422
0.0659939853681
0.381760931468
0.451448479971
-0.178582639216
-0.508173322142
0.26056486395
0.44388154581
-0.234173502741
0.138420391131
0.117964643254
-0.983887148804
0.841287047882
-0.52980628501
-0.198774545637
0.737478568758
-0.874106108965
0.121512285315
0.0808843117435
0.985156261581
0.151527263433
-0.657817859552
0.484531465554
-0.767431722549
-0.483587214466
-0.575246918782
-0.31877149601
0.0812700197763
-0.147032279125
0.741038964509
0.168899662007
1.44704704005
0.106109414789
1.75916003007
-0.604135679346
-0.973883462789
-0.0910613820951
-0.855749218241
-0.512925503052
-0.232074113639
0.309318200887
1.24486838893
0.730148429107
-0.160436558204
0.0925802353138
-0.800580956001
-0.81102312253
-0.844100851865
0.826597719642
0.638171469648
0.0675337533951
-0.644637103698
0.444145703351
-0.623599878319
