4
0
3
2
1
136
-0.545145510792
0.487922042932
0.845299417004
0.584142448278
-0.668900041887
0.453629022647
-0.00983563418604
0.45346609618
1.10286181224
0.816808975667
-0.440645668846
-0.495826742225
-0.136346676898
0.467277580505
0.401189899375
-0.0603177468156
0.927808797335
1.18574938995
-0.740387705656
0.212221312962
-0.216102813604
-0.460179939791
0.909867784597
-0.156550966869
-0.00389197153136
-0.359361621818
0.795335937947
0.377868755361
0.0926372605373
-0.504380209253
-0.566347073663
0.803193724862
0.769903040948
2.3457157129
0.687976356388
-0.081086161524
-0.822547815143
-0.102343231514
-0.276378428382
0.858707604355
0.761167320402
0.603704028453
0.0850016693023
0.936960710454
0.725695261706
-0.277446214214
0.155964379216
-0.28697519683
-0.926739627447
-0.586815818184
0.540292809676
-0.747293380949
0.915711302965
0.85905564699
0.68402816393
0.0951282455613
0.878360579484
0.365635327823
-0.445367376032
-0.824041870556
-0.782807041318
-0.89900936269
-0.788586556821
0.0578504168152
-0.981171789622
-0.0421164305386
-0.795841306164
0.107554994178
0.507509613591
-0.45398576364
-0.949741345872
0.0973537935237
0.342420946329
0.287546648641
-0.154451126893
-0.615974142825
-0.890740026699
0.292780417112
0.734707963193
-0.125149629685
-0.17536833077
0.794586673523
0.680119182798
0.0659939853681
0.381760931468
0.451448479971
-0.178582639216
-0.508173322142
-0.00656664823609
0.44388154581
-0.234173502741
-0.448572016322
0.117964643254
-0.983887148804
0.841287047882
-0.52980628501
-0.198774545637
0.737478568758
-0.888895630257
0.108675965307
0.0808843117435
0.985156261581
0.151527263433
-0.657817859552
0.484531465554
-0.767431722549
-0.483587214466
-0.634060022633
-0.599530718577
0.0674346727048
-0.501489922628
0.741038964509
0.110193333818
1.16673114889
0.0922965260656
1.40521533824
-0.604135679346
-0.973883462789
-0.0910613820951
-0.855749218241
-0.512925503052
-0.555005110693
0.179738367214
1.11534202851
0.187193978278
-0.160436558204
0.0925802353138
-0.800580956001
-0.81102312253
-0.844100851865
0.826597719642
0.605541877057
0.0675337533951
-0.653086389485
0.444145703351
-0.623599878319
