4
0
3
2
1
136
-0.543775202491
0.540291333494
0.847623469414
0.635484639743
-0.668900041887
0.454998666421
0.0425159590467
0.455789727478
1.15418641067
0.816808975667
-0.440645668846
-0.495826742225
-0.136346676898
0.467277580505
0.602679181144
-0.0493492843704
0.938776655469
1.7776732505
-0.740387705656
0.212221312962
-0.216102813604
-0.460179939791
0.909867784597
-0.156550966869
0.0275559878323
-0.302081933945
0.795436387405
0.445313022734
0.160063613276
-0.436971762076
-0.566347073663
0.803193724862
0.769903040948
2.86858822467
0.687976356388
-0.0357188902947
-0.822547815143
-0.102343231514
-0.208987877697
0.926080267607
0.828522105276
0.603704028453
0.2515156166
0.970873047647
1.04344673497
-0.277446214214
0.155964379216
-0.120562662493
-0.892833082882
-0.269236863401
0.540292809676
-0.747293380949
0.915711302965
0.85905564699
0.68402816393
0.233225689324
0.878360579484
0.365635327823
0.149953239756
-0.824041870556
-0.782807041318
-0.89900936269
-0.788586556821
0.0578504168152
-0.981171789622
0.00732929974357
-0.756041715512
0.107554994178
0.507509613591
-0.45398576364
-0.949741345872
0.0973537935237
0.342420946329
0.287546648641
-0.154451126893
-0.417027054689
-0.839300992694
0.559115919891
0.734707963193
-0.125149629685
0.0234453386789
0.84599530912
0.946280151061
0.0659939853681
0.381760931468
0.451448479971
-0.178582639216
-0.508173322142
0.193834056318
0.44388154581
-0.234173502741
-0.0232723162311
0.117964643254
-0.983887148804
0.841287047882
-0.52980628501
-0.198774545637
0.737478568758
-0.878175358505
0.118294844047
0.0808843117435
0.985156261581
0.151527263433
-0.657817859552
0.484531465554
-0.767431722549
-0.483587214466
-0.585013506412
-0.371152211728
0.078747918347
-0.215226873726
0.741038964509
0.159142297107
1.39470954025
0.103589698748
1.69101777112
-0.604135679346
-0.973883462789
-0.0910613820951
-0.855749218241
-0.512925503052
-0.294762550927
0.288240136766
1.22379394269
0.60439866265
-0.160436558204
0.0925802353138
-0.800580956001
-0.81102312253
-0.844100851865
0.826597719642
0.630940772845
0.0675337533951
-0.645954381685
0.444145703351
-0.623599878319
