4
0
3
2
1
136
-0.54431917853
0.518575232051
0.84663700985
0.614612846464
-0.668900041887
0.454454852082
0.0208044267743
0.454803371366
1.13331899186
0.816808975667
-0.440645668846
-0.495826742225
-0.136346676898
0.467277580505
0.518489406954
-0.0538458716146
0.934280221894
1.51645728453
-0.740387705656
0.212221312962
-0.216102813604
-0.460179939791
0.909867784597
-0.156550966869
0.0144797903947
-0.327052497956
0.795397446374
0.413243946103
0.128001450975
-0.46902701288
-0.566347073663
0.803193724862
0.769903040948
2.63994317029
0.687976356388
-0.0541410701205
-0.822547815143
-0.102343231514
-0.241036219839
0.894038831297
0.796487571967
0.603704028453
0.164836690038
0.952117166501
0.876986603173
-0.277446214214
0.155964379216
-0.207181241577
-0.911585573568
-0.435595512582
0.540292809676
-0.747293380949
0.915711302965
0.85905564699
0.68402816393
0.162142800016
0.878360579484
0.365635327823
-0.173511784957
-0.824041870556
-0.782807041318
-0.89900936269
-0.788586556821
0.0578504168152
-0.981171789622
-0.0179281475353
-0.778523199589
0.107554994178
0.507509613591
-0.45398576364
-0.949741345872
0.0973537935237
0.342420946329
0.287546648641
-0.154451126893
-0.520293467215
-0.866271722405
0.421345623985
0.734707963193
-0.125149629685
-0.0797444481865
0.819042215144
0.8086079908
0.0659939853681
0.381760931468
0.451448479971
-0.178582639216
-0.508173322142
0.0897290159793
0.44388154581
-0.234173502741
-0.251605316101
0.117964643254
-0.983887148804
0.841287047882
-0.52980628501
-0.198774545637
0.737478568758
-0.883956646698
0.113287812811
0.0808843117435
0.985156261581
0.151527263433
-0.657817859552
0.484531465554
-0.767431722549
-0.483587214466
-0.604530593613
-0.467845446753
0.073941661554
-0.338538845302
0.741038964509
0.139653506722
1.29813988623
0.0987901206146
1.56785122395
-0.604135679346
-0.973883462789
-0.0910613820951
-0.855749218241
-0.512925503052
-0.407285022205
0.245824351708
1.18139060666
0.408369060323
-0.160436558204
0.0925802353138
-0.800580956001
-0.81102312253
-0.844100851865
0.826597719642
0.61907823987
0.0675337533951
-0.648704353471
0.444145703351
-0.623599878319
