4
0
3
2
1
136
-0.544359624476
0.517011206494
0.846567329262
0.613087778629
-0.668900041887
0.454414422424
0.0192408479436
0.454733701142
1.13179435987
0.816808975667
-0.440645668846
-0.495826742225
-0.136346676898
0.467277580505
0.512452977089
-0.0541723906807
0.933953717963
1.49851831964
-0.740387705656
0.212221312962
-0.216102813604
-0.460179939791
0.909867784597
-0.156550966869
0.0135381169952
-0.328786517427
0.795394499879
0.411164337122
0.125922381092
-0.471105543925
-0.566347073663
0.803193724862
0.769903040948
2.62412810729
0.687976356388
-0.0554887463908
-0.822547815143
-0.102343231514
-0.243114212304
0.891961377152
0.794410655884
0.603704028453
0.159547823277
0.951069699904
0.866932344794
-0.277446214214
0.155964379216
-0.212466871914
-0.912632858436
-0.445644278703
0.540292809676
-0.747293380949
0.915711302965
0.85905564699
0.68402816393
0.157744236498
0.878360579484
0.365635327823
-0.192050833431
-0.824041870556
-0.782807041318
-0.89900936269
-0.788586556821
0.0578504168152
-0.981171789622
-0.0195090844994
-0.779743538183
0.107554994178
0.507509613591
-0.45398576364
-0.949741345872
0.0973537935237
0.342420946329
0.287546648641
-0.154451126893
-0.526597043765
-0.867896255873
0.412914418044
0.734707963193
-0.125149629685
-0.0860437272193
0.817418663443
0.80018241145
0.0659939853681
0.381760931468
0.451448479971
-0.178582639216
-0.508173322142
0.0833912802359
0.44388154581
-0.234173502741
-0.264877543733
0.117964643254
-0.983887148804
0.841287047882
-0.52980628501
-0.198774545637
0.737478568758
-0.884291225093
0.112983867783
0.0808843117435
0.985156261581
0.151527263433
-0.657817859552
0.484531465554
-0.767431722549
-0.483587214466
-0.606005555586
-0.47478922067
0.0735935721059
-0.347267870721
0.741038964509
0.138181265685
1.29120751062
0.0984426289467
1.55913540513
-0.604135679346
-0.973883462789
-0.0910613820951
-0.855749218241
-0.512925503052
-0.415218707233
0.242589150189
1.17815669627
0.395633621506
-0.160436558204
0.0925802353138
-0.800580956001
-0.81102312253
-0.844100851865
0.826597719642
0.618294747087
0.0675337533951
-0.648917775989
0.444145703351
-0.623599878319
