4
0
3
2
1
136
-0.543502993255
0.551656640992
0.848155238111
0.646193096228
-0.668900041887
0.455270825872
0.0538797903349
0.45632146399
1.16489349596
0.816808975667
-0.440645668846
-0.495826742225
-0.136346676898
0.467277580505
0.64693560734
-0.0470219316867
0.941103959058
1.92349540445
-0.740387705656
0.212221312962
-0.216102813604
-0.460179939791
0.909867784597
-0.156550966869
0.0343816044387
-0.288375305504
0.795455372186
0.464476397217
0.179223911938
-0.417814538282
-0.566347073663
0.803193724862
0.769903040948
2.99505738045
0.687976356388
-0.0262877934395
-0.822547815143
-0.102343231514
-0.189833727822
0.945231344514
0.847670110164
0.603704028453
0.30321800777
0.984351226848
1.14519052742
-0.277446214214
0.155964379216
-0.0688977113019
-0.879357199358
-0.167556742196
0.540292809676
-0.747293380949
0.915711302965
0.85905564699
0.68402816393
0.274585858164
0.878360579484
0.365635327823
0.37160656205
-0.824041870556
-0.782807041318
-0.89900936269
-0.788586556821
0.0578504168152
-0.981171789622
0.0216240111854
-0.73914849572
0.107554994178
0.507509613591
-0.45398576364
-0.949741345872
0.0973537935237
0.342420946329
0.287546648641
-0.154451126893
-0.354546167395
-0.822469255007
0.642470273385
0.734707963193
-0.125149629685
0.0858803130628
0.862816595791
1.02957664779
0.0659939853681
0.381760931468
0.451448479971
-0.178582639216
-0.508173322142
0.257562970941
0.44388154581
-0.234173502741
0.130790745498
0.117964643254
-0.983887148804
0.841287047882
-0.52980628501
-0.198774545637
0.737478568758
-0.874296253175
0.121367752983
0.0808843117435
0.985156261581
0.151527263433
-0.657817859552
0.484531465554
-0.767431722549
-0.483587214466
-0.575659264784
-0.321046333003
0.0811622915278
-0.150013956798
0.741038964509
0.168487646854
1.44477379197
0.106001774148
1.75618029783
-0.604135679346
-0.973883462789
-0.0910613820951
-0.855749218241
-0.512925503052
-0.234823148026
0.308428563812
1.24397887716
0.724314965556
-0.160436558204
0.0925802353138
-0.800580956001
-0.81102312253
-0.844100851865
0.826597719642
0.637845031595
0.0675337533951
-0.644691847982
0.444145703351
-0.623599878319
