4
0
3
2
1
136
-0.543060765652
0.570883540235
0.849082209625
0.663994185792
-0.668900041887
0.455713001779
0.073105094867
0.457248401738
1.18269314015
0.816808975667
-0.440645668846
-0.495826742225
-0.136346676898
0.467277580505
0.721934533258
-0.0431222790822
0.945003559079
2.18454377744
-0.740387705656
0.212221312962
-0.216102813604
-0.460179939791
0.909867784597
-0.156550966869
0.0458630836737
-0.26424856081
0.795485456906
0.500510572273
0.215253879668
-0.381788776911
-0.566347073663
0.803193724862
0.769903040948
3.21983939302
0.687976356388
-0.0106501281151
-0.822547815143
-0.102343231514
-0.153812171841
0.981248696071
0.883683258267
0.603704028453
0.388064695509
1.01367097689
1.31792255301
-0.277446214214
0.155964379216
0.0158996401884
-0.850041270735
0.00508748491508
0.540292809676
-0.747293380949
0.915711302965
0.85905564699
0.68402816393
0.340385042775
0.878360579484
0.365635327823
0.828897245362
-0.824041870556
-0.782807041318
-0.89900936269
-0.788586556821
0.0578504168152
-0.981171789622
0.0434169541796
-0.700260851839
0.107554994178
0.507509613591
-0.45398576364
-0.949741345872
0.0973537935237
0.342420946329
0.287546648641
-0.154451126893
-0.24722700044
-0.791480060687
0.785795602533
0.734707963193
-0.125149629685
0.193137180949
0.893792177519
1.17282310774
0.0659939853681
0.381760931468
0.451448479971
-0.178582639216
-0.508173322142
0.370267349844
0.44388154581
-0.234173502741
0.448880752498
0.117964643254
-0.983887148804
0.841287047882
-0.52980628501
-0.198774545637
0.737478568758
-0.866706042811
0.126722036822
0.0808843117435
0.985156261581
0.151527263433
-0.657817859552
0.484531465554
-0.767431722549
-0.483587214466
-0.561341039455
-0.238267713444
0.0849513746222
-0.0404010195365
0.741038964509
0.182796983373
1.52750826189
0.109788446042
1.86573831034
-0.604135679346
-0.973883462789
-0.0910613820951
-0.855749218241
-0.512925503052
-0.133232284236
0.339381989778
1.27492907427
0.965022462419
-0.160436558204
0.0925802353138
-0.800580956001
-0.81102312253
-0.844100851865
0.826597719642
0.650466938166
0.0675337533951
-0.642838733731
0.444145703351
-0.623599878319
