4
0
3
2
1
136
-0.542910612275
0.577638723663
0.849416691563
0.670158493236
-0.668900041887
0.455863143591
0.0798599082116
0.457582876041
1.18885711962
0.816808975667
-0.440645668846
-0.495826742225
-0.136346676898
0.467277580505
0.748290955229
-0.0417628636165
0.946362962441
2.28055120448
-0.740387705656
0.212221312962
-0.216102813604
-0.460179939791
0.909867784597
-0.156550966869
0.0498709188697
-0.255503018331
0.79549544982
0.51420535295
0.228947478981
-0.368096358762
-0.566347073663
0.803193724862
0.769903040948
3.30209187213
0.687976356388
-0.00524819683181
-0.822547815143
-0.102343231514
-0.140120934656
0.994938752493
0.897372134124
0.603704028453
0.41502260035
1.02591803883
1.37427321581
-0.277446214214
0.155964379216
0.04284675336
-0.837795352902
0.0614178091795
0.540292809676
-0.747293380949
0.915711302965
0.85905564699
0.68402816393
0.360642358499
0.878360579484
0.365635327823
1.01402604311
-0.824041870556
-0.782807041318
-0.89900936269
-0.788586556821
0.0578504168152
-0.981171789622
0.0498479960082
-0.683055203296
0.107554994178
0.507509613591
-0.45398576364
-0.949741345872
0.0973537935237
0.342420946329
0.287546648641
-0.154451126893
-0.211013759979
-0.779941572897
0.833883191321
0.734707963193
-0.125149629685
0.229335715108
0.905327600443
1.22089183807
0.0659939853681
0.381760931468
0.451448479971
-0.178582639216
-0.508173322142
0.409776497258
0.44388154581
-0.234173502741
0.579864003243
0.117964643254
-0.983887148804
0.841287047882
-0.52980628501
-0.198774545637
0.737478568758
-0.863863398696
0.128529151269
0.0808843117435
0.985156261581
0.151527263433
-0.657817859552
0.484531465554
-0.767431722549
-0.483587214466
-0.556772317952
-0.21000276862
0.0861756744785
-0.00248077760308
0.741038964509
0.187363847348
1.55576344432
0.111012225982
1.90364607913
-0.604135679346
-0.973883462789
-0.0910613820951
-0.855749218241
-0.512925503052
-0.0978258497971
0.349311787377
1.28485823981
1.06401245389
-0.160436558204
0.0925802353138
-0.800580956001
-0.81102312253
-0.844100851865
0.826597719642
0.655127969395
0.0675337533951
-0.642269120947
0.444145703351
-0.623599878319
