4
0
3
2
1
136
-0.543357737414
0.557865109429
0.848450662149
0.651983495063
-0.668900041887
0.455416061318
0.0600876390293
0.456616874762
1.17068332784
0.816808975667
-0.440645668846
-0.495826742225
-0.136346676898
0.467277580505
0.67114271723
-0.0457576715988
0.942368198646
2.00581423878
-0.740387705656
0.212221312962
-0.216102813604
-0.460179939791
0.909867784597
-0.156550966869
0.0380995506686
-0.280711120894
0.795465359416
0.475623651836
0.190369669041
-0.406670278306
-0.566347073663
0.803193724862
0.769903040948
3.06614294266
0.687976356388
-0.0211952653652
-0.822547815143
-0.102343231514
-0.178690964582
0.956372611406
0.858809881098
0.603704028453
0.331534259571
0.992907453233
1.20200071533
-0.277446214214
0.155964379216
-0.0406002021921
-0.870802263488
-0.110779174947
0.540292809676
-0.747293380949
0.915711302965
0.85905564699
0.68402816393
0.296855428915
0.878360579484
0.365635327823
0.50802193648
-0.824041870556
-0.782807041318
-0.89900936269
-0.788586556821
0.0578504168152
-0.981171789622
0.0291445614832
-0.728109166068
0.107554994178
0.507509613591
-0.45398576364
-0.949741345872
0.0973537935237
0.342420946329
0.287546648641
-0.154451126893
-0.319594119475
-0.812754652845
0.689162938397
0.734707963193
-0.125149629685
0.120809213578
0.872526039947
1.07624013463
0.0659939853681
0.381760931468
0.451448479971
-0.178582639216
-0.508173322142
0.29370135314
0.44388154581
-0.234173502741
0.225314060673
0.117964643254
-0.983887148804
0.841287047882
-0.52980628501
-0.198774545637
0.737478568758
-0.871961660527
0.123103772045
0.0808843117435
0.985156261581
0.151527263433
-0.657817859552
0.484531465554
-0.767431722549
-0.483587214466
-0.570825306609
-0.293996061151
0.0824310912121
-0.114443578366
0.741038964509
0.173318024191
1.47180667437
0.107269617105
1.79172927452
-0.604135679346
-0.973883462789
-0.0910613820951
-0.855749218241
-0.512925503052
-0.201976887275
0.318861155943
1.25441013273
0.796221603129
-0.160436558204
0.0925802353138
-0.800580956001
-0.81102312253
-0.844100851865
0.826597719642
0.641801033473
0.0675337533951
-0.644055090001
0.444145703351
-0.623599878319
