4
0
3
2
1
136
-0.543668185011
0.544718408801
0.847829257246
0.639672810224
-0.668900041887
0.455105662335
0.0469424004303
0.455995501397
1.15837398908
0.816808975667
-0.440645668846
-0.495826742225
-0.136346676898
0.467277580505
0.619907120192
-0.048440687216
0.939685231499
1.83372644915
-0.740387705656
0.212221312962
-0.216102813604
-0.460179939791
0.909867784597
-0.156550966869
0.0302172674515
-0.296793373337
0.79544389235
0.452584676358
0.167334018835
-0.429702604172
-0.566347073663
0.803193724862
0.769903040948
2.91729062638
0.687976356388
-0.0320283767438
-0.822547815143
-0.102343231514
-0.201719967039
0.93334693143
0.835787522672
0.603704028453
0.271449109726
0.975796105239
1.08239542671
-0.277446214214
0.155964379216
-0.100643871897
-0.88791089472
-0.230313006082
0.540292809676
-0.747293380949
0.915711302965
0.85905564699
0.68402816393
0.249272990153
0.878360579484
0.365635327823
0.231949411678
-0.824041870556
-0.782807041318
-0.89900936269
-0.788586556821
0.0578504168152
-0.981171789622
0.0129207223617
-0.749941974832
0.107554994178
0.507509613591
-0.45398576364
-0.949741345872
0.0973537935237
0.342420946329
0.287546648641
-0.154451126893
-0.393090335412
-0.832916273951
0.591033230354
0.734707963193
-0.125149629685
0.0473639982098
0.852375891044
0.978174677473
0.0659939853681
0.381760931468
0.451448479971
-0.178582639216
-0.508173322142
0.218144677165
0.44388154581
-0.234173502741
0.0338570219355
0.117964643254
-0.983887148804
0.841287047882
-0.52980628501
-0.198774545637
0.737478568758
-0.876730292514
0.119467383059
0.0808843117435
0.985156261581
0.151527263433
-0.657817859552
0.484531465554
-0.767431722549
-0.483587214466
-0.581293617257
-0.351558486297
0.0797008647712
-0.189831691161
0.741038964509
0.162858321444
1.41428540557
0.104541659582
1.71639145799
-0.604135679346
-0.973883462789
-0.0910613820951
-0.855749218241
-0.512925503052
-0.271461878291
0.296271979383
1.23182423884
0.649459761981
-0.160436558204
0.0925802353138
-0.800580956001
-0.81102312253
-0.844100851865
0.826597719642
0.633576129908
0.0675337533951
-0.645447656572
0.444145703351
-0.623599878319
