4
0
3
2
1
136
-0.543421208336
0.555139690338
0.848320532105
0.649446664559
-0.668900041887
0.455352598842
0.0573624778506
0.456486750219
1.16814673254
0.816808975667
-0.440645668846
-0.495826742225
-0.136346676898
0.467277580505
0.660514208001
-0.0463120575206
0.941813821245
1.96944574713
-0.740387705656
0.212221312962
-0.216102813604
-0.460179939791
0.909867784597
-0.156550966869
0.0364685156745
-0.28409069148
0.795461007882
0.470671830876
0.185418489182
-0.411620817224
-0.566347073663
0.803193724862
0.769903040948
3.03476261896
0.687976356388
-0.0234256939758
-0.822547815143
-0.102343231514
-0.183640862721
0.951423353886
0.853861264036
0.603704028453
0.319160128733
0.989044996289
1.17707263857
-0.277446214214
0.155964379216
-0.0529663700652
-0.874664155918
-0.135693309228
0.540292809676
-0.747293380949
0.915711302965
0.85905564699
0.68402816393
0.287159111734
0.878360579484
0.365635327823
0.446813314778
-0.824041870556
-0.782807041318
-0.89900936269
-0.788586556821
0.0578504168152
-0.981171789622
0.025886927667
-0.733122914685
0.107554994178
0.507509613591
-0.45398576364
-0.949741345872
0.0973537935237
0.342420946329
0.287546648641
-0.154451126893
-0.334951306239
-0.817056737375
0.668642435156
0.734707963193
-0.125149629685
0.105461902172
0.868226144055
1.05573208942
0.0659939853681
0.381760931468
0.451448479971
-0.178582639216
-0.508173322142
0.277768918005
0.44388154581
-0.234173502741
0.182900404233
0.117964643254
-0.983887148804
0.841287047882
-0.52980628501
-0.198774545637
0.737478568758
-0.873003144769
0.12233962011
0.0808843117435
0.985156261581
0.151527263433
-0.657817859552
0.484531465554
-0.767431722549
-0.483587214466
-0.57292288951
-0.30583801995
0.0818789876992
-0.130046176335
0.741038964509
0.171221916367
1.45997193234
0.106717910002
1.77613558906
-0.604135679346
-0.973883462789
-0.0910613820951
-0.855749218241
-0.512925503052
-0.216398458687
0.314333068495
1.24988259051
0.764042300598
-0.160436558204
0.0925802353138
-0.800580956001
-0.81102312253
-0.844100851865
0.826597719642
0.640049180998
0.0675337533951
-0.644330042172
0.444145703351
-0.623599878319
