4
0
3
2
1
136
-0.54308201641
0.569937050336
0.849035722362
0.6631268246
-0.668900041887
0.455691752864
0.0721586633831
0.457201915688
1.18182583104
0.816808975667
-0.440645668846
-0.495826742225
-0.136346676898
0.467277580505
0.718241302019
-0.0433131855184
0.944812654558
2.17127011699
-0.740387705656
0.212221312962
-0.216102813604
-0.460179939791
0.909867784597
-0.156550966869
0.0453003314859
-0.26546297671
0.795484033373
0.498633670493
0.213377155443
-0.383665323613
-0.566347073663
0.803193724862
0.769903040948
3.20845185767
0.687976356388
-0.0114107914117
-0.822547815143
-0.102343231514
-0.155688541053
0.979372504317
0.881807243937
0.603704028453
0.384143200836
1.01203345173
1.30977743176
-0.277446214214
0.155964379216
0.0119799261396
-0.85167862514
-0.00305433454941
0.540292809676
-0.747293380949
0.915711302965
0.85905564699
0.68402816393
0.337409358561
0.878360579484
0.365635327823
0.803977226072
-0.824041870556
-0.782807041318
-0.89900936269
-0.788586556821
0.0578504168152
-0.981171789622
0.0424606535619
-0.702515005623
0.107554994178
0.507509613591
-0.45398576364
-0.949741345872
0.0973537935237
0.342420946329
0.287546648641
-0.154451126893
-0.252389441259
-0.793067333091
0.778917080191
0.734707963193
-0.125149629685
0.187977102908
0.892205403631
1.16594760351
0.0659939853681
0.381760931468
0.451448479971
-0.178582639216
-0.508173322142
0.364708304269
0.44388154581
-0.234173502741
0.431390938685
0.117964643254
-0.983887148804
0.841287047882
-0.52980628501
-0.198774545637
0.737478568758
-0.867100093732
0.126463708769
0.0808843117435
0.985156261581
0.151527263433
-0.657817859552
0.484531465554
-0.767431722549
-0.483587214466
-0.562000510432
-0.24226688755
0.0847750909098
-0.0457470851684
0.741038964509
0.182137815257
1.52351065574
0.109612246546
1.86039423374
-0.604135679346
-0.973883462789
-0.0910613820951
-0.855749218241
-0.512925503052
-0.13821306497
0.337951574094
1.27349876329
0.951823063887
-0.160436558204
0.0925802353138
-0.800580956001
-0.81102312253
-0.844100851865
0.826597719642
0.649821854543
0.0675337533951
-0.642921850188
0.444145703351
-0.623599878319
