4
0
3
2
1
136
-0.543694250561
0.543635280737
0.847778753018
0.638650152356
-0.668900041887
0.455079601785
0.0458594200271
0.455945000398
1.15735146873
0.816808975667
-0.440645668846
-0.495826742225
-0.136346676898
0.467277580505
0.615690663311
-0.048662741798
0.939463181831
1.8199243399
-0.740387705656
0.212221312962
-0.216102813604
-0.460179939791
0.909867784597
-0.156550966869
0.0295664217101
-0.298093285567
0.795442069291
0.450782735006
0.165532377086
-0.431503946413
-0.566347073663
0.803193724862
0.769903040948
2.90530917455
0.687976356388
-0.0329292980514
-0.822547815143
-0.102343231514
-0.203521009867
0.931546187919
0.833987078383
0.603704028453
0.266534428493
0.974553866194
1.07276229525
-0.277446214214
0.155964379216
-0.105554942541
-0.88915291716
-0.239940023154
0.540292809676
-0.747293380949
0.915711302965
0.85905564699
0.68402816393
0.245327877122
0.878360579484
0.365635327823
0.211374778514
-0.824041870556
-0.782807041318
-0.89900936269
-0.788586556821
0.0578504168152
-0.981171789622
0.0115510277176
-0.751488848587
0.107554994178
0.507509613591
-0.45398576364
-0.949741345872
0.0973537935237
0.342420946329
0.287546648641
-0.154451126893
-0.399006343867
-0.834500636451
0.583143327944
0.734707963193
-0.125149629685
0.0414524158127
0.850792539933
0.970290353625
0.0659939853681
0.381760931468
0.451448479971
-0.178582639216
-0.508173322142
0.212126004738
0.44388154581
-0.234173502741
0.0195414114046
0.117964643254
-0.983887148804
0.841287047882
-0.52980628501
-0.198774545637
0.737478568758
-0.877091910621
0.119177057764
0.0808843117435
0.985156261581
0.151527263433
-0.657817859552
0.484531465554
-0.767431722549
-0.483587214466
-0.582194879394
-0.356344373559
0.0794690608047
-0.196047286541
0.741038964509
0.161957954469
1.40950368406
0.104310085648
1.71018089149
-0.604135679346
-0.973883462789
-0.0910613820951
-0.855749218241
-0.512925503052
-0.277169485639
0.294326698875
1.22987931278
0.638250683607
-0.160436558204
0.0925802353138
-0.800580956001
-0.81102312253
-0.844100851865
0.826597719642
0.632924863654
0.0675337533951
-0.645569873403
0.444145703351
-0.623599878319
