4
0
3
2
1
136
-0.543332857213
0.558938835949
0.848502122675
0.652980766892
-0.668900041887
0.455440938394
0.0611612696313
0.45666833325
1.17168051247
0.816808975667
-0.440645668846
-0.495826742225
-0.136346676898
0.467277580505
0.675330699328
-0.045539518691
0.942586348385
2.02024190249
-0.740387705656
0.212221312962
-0.216102813604
-0.460179939791
0.909867784597
-0.156550966869
0.0387416282649
-0.279373237853
0.795467059861
0.477599401853
0.192345173518
-0.40469501931
-0.566347073663
0.803193724862
0.769903040948
3.07858112044
0.687976356388
-0.0203187339782
-0.822547815143
-0.102343231514
-0.176715951009
0.958347379616
0.860784404004
0.603704028453
0.336373328741
0.994475168904
1.21179312803
-0.277446214214
0.155964379216
-0.0357641380455
-0.869234768311
-0.100992060648
0.540292809676
-0.747293380949
0.915711302965
0.85905564699
0.68402816393
0.300631840138
0.878360579484
0.365635327823
0.532703772393
-0.824041870556
-0.782807041318
-0.89900936269
-0.788586556821
0.0578504168152
-0.981171789622
0.0304059646248
-0.72605977172
0.107554994178
0.507509613591
-0.45398576364
-0.949741345872
0.0973537935237
0.342420946329
0.287546648641
-0.154451126893
-0.313548913028
-0.811044725768
0.697241879417
0.734707963193
-0.125149629685
0.126850671242
0.874235141376
1.08431434093
0.0659939853681
0.381760931468
0.451448479971
-0.178582639216
-0.508173322142
0.299998793991
0.44388154581
-0.234173502741
0.242425068576
0.117964643254
-0.983887148804
0.841287047882
-0.52980628501
-0.198774545637
0.737478568758
-0.871544746065
0.123405103678
0.0808843117435
0.985156261581
0.151527263433
-0.657817859552
0.484531465554
-0.767431722549
-0.483587214466
-0.570009499008
-0.289345732692
0.0826464100237
-0.108303542848
0.741038964509
0.17413328947
1.47645432878
0.107484789347
1.79786599558
-0.604135679346
-0.973883462789
-0.0910613820951
-0.855749218241
-0.512925503052
-0.196295564004
0.320622931563
1.25617170986
0.809175960654
-0.160436558204
0.0925802353138
-0.800580956001
-0.81102312253
-0.844100851865
0.826597719642
0.642497544076
0.0675337533951
-0.643948722175
0.444145703351
-0.623599878319
