4
0
3
2
1
136
-0.543642974199
0.545769015922
0.847878343004
0.640663521456
-0.668900041887
0.45513086846
0.0479928687188
0.456044584126
1.15936457127
0.816808975667
-0.440645668846
-0.495826742225
-0.136346676898
0.467277580505
0.623997816634
-0.0482254488338
0.939900465264
1.84716874257
-0.740387705656
0.212221312962
-0.216102813604
-0.460179939791
0.909867784597
-0.156550966869
0.0308483936145
-0.295528793244
0.795445652625
0.454346622812
0.169095678305
-0.427941231595
-0.566347073663
0.803193724862
0.769903040948
2.92895320923
0.687976356388
-0.031155738439
-0.822547815143
-0.102343231514
-0.199958881267
0.935107730487
0.837548035104
0.603704028453
0.276233959806
0.97702478195
1.09179404261
-0.277446214214
0.155964379216
-0.0958625207905
-0.886682430131
-0.22092032717
0.540292809676
-0.747293380949
0.915711302965
0.85905564699
0.68402816393
0.253106551182
0.878360579484
0.365635327823
0.252223738588
-0.824041870556
-0.782807041318
-0.89900936269
-0.788586556821
0.0578504168152
-0.981171789622
0.0142484449927
-0.748406884446
0.107554994178
0.507509613591
-0.45398576364
-0.949741345872
0.0973537935237
0.342420946329
0.287546648641
-0.154451126893
-0.387320201374
-0.831366572785
0.598729729415
0.734707963193
-0.125149629685
0.05312984638
0.853924614653
0.985865777025
0.0659939853681
0.381760931468
0.451448479971
-0.178582639216
-0.508173322142
0.224022155932
0.44388154581
-0.234173502741
0.0479527510542
0.117964643254
-0.983887148804
0.841287047882
-0.52980628501
-0.198774545637
0.737478568758
-0.876374646191
0.119750893855
0.0808843117435
0.985156261581
0.151527263433
-0.657817859552
0.484531465554
-0.767431722549
-0.483587214466
-0.580424953783
-0.346921660546
0.079924820444
-0.183801909622
0.741038964509
0.163726146512
1.41891831273
0.104765398831
1.72241649997
-0.604135679346
-0.973883462789
-0.0910613820951
-0.855749218241
-0.512925503052
-0.265921941873
0.298146591741
1.23369852133
0.660450525392
-0.160436558204
0.0925802353138
-0.800580956001
-0.81102312253
-0.844100851865
0.826597719642
0.63421181368
0.0675337533951
-0.645330199954
0.444145703351
-0.623599878319
