4
0
3
2
1
136
-0.542926600519
0.576913751387
0.849380565109
0.669499113748
-0.668900041887
0.455847156464
0.0791349719685
0.457546750326
1.1881977719
0.816808975667
-0.440645668846
-0.495826742225
-0.136346676898
0.467277580505
0.745462702331
-0.0419084986991
0.946217328532
2.27014070393
-0.740387705656
0.212221312962
-0.216102813604
-0.460179939791
0.909867784597
-0.156550966869
0.0494415401139
-0.2564481176
0.795494391275
0.512710738205
0.227452983921
-0.369590734156
-0.566347073663
0.803193724862
0.769903040948
3.29318198846
0.687976356388
-0.00582567966874
-0.822547815143
-0.102343231514
-0.141615190403
0.993444616374
0.895878117615
0.603704028453
0.412218849406
1.02455777507
1.36838595817
-0.277446214214
0.155964379216
0.0400440075243
-0.839155500329
0.0555324721853
0.540292809676
-0.747293380949
0.915711302965
0.85905564699
0.68402816393
0.358552358965
0.878360579484
0.365635327823
0.993546831616
-0.824041870556
-0.782807041318
-0.89900936269
-0.788586556821
0.0578504168152
-0.981171789622
0.0491909312477
-0.684997661023
0.107554994178
0.507509613591
-0.45398576364
-0.949741345872
0.0973537935237
0.342420946329
0.287546648641
-0.154451126893
-0.214843674334
-0.781198775513
0.828814689337
0.734707963193
-0.125149629685
0.22550720417
0.904070687476
1.21582514141
0.0659939853681
0.381760931468
0.451448479971
-0.178582639216
-0.508173322142
0.40555270466
0.44388154581
-0.234173502741
0.565271217496
0.117964643254
-0.983887148804
0.841287047882
-0.52980628501
-0.198774545637
0.737478568758
-0.864170281543
0.128338653668
0.0808843117435
0.985156261581
0.151527263433
-0.657817859552
0.484531465554
-0.767431722549
-0.483587214466
-0.557251017897
-0.213011629849
0.0860471819855
-0.00652854725395
0.741038964509
0.186885323157
1.55275551868
0.110883782935
1.89959951211
-0.604135679346
-0.973883462789
-0.0910613820951
-0.855749218241
-0.512925503052
-0.101611704029
0.348269565939
1.28381607739
1.0529690712
-0.160436558204
0.0925802353138
-0.800580956001
-0.81102312253
-0.844100851865
0.826597719642
0.6546233431
0.0675337533951
-0.642328288767
0.444145703351
-0.623599878319
