4
0
3
2
1
136
-0.543008877989
0.573204455399
0.84919659254
0.666117241068
-0.668900041887
0.455764885164
0.0754258738967
0.457362781834
1.18481607436
0.816808975667
-0.440645668846
-0.495826742225
-0.136346676898
0.467277580505
0.730990593781
-0.0426546061093
0.945471227595
2.21727792468
-0.740387705656
0.212221312962
-0.216102813604
-0.460179939791
0.909867784597
-0.156550966869
0.0472418020467
-0.261259213801
0.795488923114
0.505156867807
0.219899752448
-0.377143326808
-0.566347073663
0.803193724862
0.769903040948
3.24790547601
0.687976356388
-0.00878882989764
-0.822547815143
-0.102343231514
-0.149167144341
0.985893301045
0.888327440788
0.603704028453
0.397534100397
1.01776916505
1.33764827089
-0.277446214214
0.155964379216
0.02536496625
-0.845943490664
0.0248055851896
0.540292809676
-0.747293380949
0.915711302965
0.85905564699
0.68402816393
0.347541072546
0.878360579484
0.365635327823
0.891064032766
-0.824041870556
-0.782807041318
-0.89900936269
-0.788586556821
0.0578504168152
-0.981171789622
0.0457045965536
-0.694572766257
0.107554994178
0.507509613591
-0.45398576364
-0.949741345872
0.0973537935237
0.342420946329
0.287546648641
-0.154451126893
-0.234655919699
-0.787558543379
0.802525197052
0.734707963193
-0.125149629685
0.205702788506
0.897712546499
1.18954569891
0.0659939853681
0.381760931468
0.451448479971
-0.178582639216
-0.508173322142
0.383877518355
0.44388154581
-0.234173502741
0.492645794236
0.117964643254
-0.983887148804
0.841287047882
-0.52980628501
-0.198774545637
0.737478568758
-0.86573455791
0.127350578797
0.0808843117435
0.985156261581
0.151527263433
-0.657817859552
0.484531465554
-0.767431722549
-0.483587214466
-0.559744015624
-0.228500333079
0.0853787740451
-0.0273237566622
0.741038964509
0.184393311065
1.53727201448
0.110215651307
1.87881095678
-0.604135679346
-0.973883462789
-0.0910613820951
-0.855749218241
-0.512925503052
-0.121037197822
0.342848842111
1.27839568763
0.998067229928
-0.160436558204
0.0925802353138
-0.800580956001
-0.81102312253
-0.844100851865
0.826597719642
0.652057495742
0.0675337533951
-0.642638382068
0.444145703351
-0.623599878319
