4
0
3
2
1
136
-0.543371368066
0.557278155503
0.848422577633
0.651437821084
-0.668900041887
0.455402432421
0.0595007388718
0.456588791391
1.1701377028
0.816808975667
-0.440645668846
-0.495826742225
-0.136346676898
0.467277580505
0.668853507164
-0.0458769864216
0.942248885598
1.99795115498
-0.740387705656
0.212221312962
-0.216102813604
-0.460179939791
0.909867784597
-0.156550966869
0.0377484372133
-0.281440940652
0.795464426549
0.474549540666
0.189295693778
-0.407744117695
-0.566347073663
0.803193724862
0.769903040948
3.05936161654
0.687976356388
-0.0216749436517
-0.822547815143
-0.102343231514
-0.179764668132
0.955299043663
0.857736449129
0.603704028453
0.328879608263
0.992061475332
1.19663925883
-0.277446214214
0.155964379216
-0.043253178113
-0.871648120329
-0.11613768656
0.540292809676
-0.747293380949
0.915711302965
0.85905564699
0.68402816393
0.294780008094
0.878360579484
0.365635327823
0.494665135504
-0.824041870556
-0.782807041318
-0.89900936269
-0.788586556821
0.0578504168152
-0.981171789622
0.0284495528179
-0.729211607034
0.107554994178
0.507509613591
-0.45398576364
-0.949741345872
0.0973537935237
0.342420946329
0.287546648641
-0.154451126893
-0.322900671656
-0.813685853241
0.684744219598
0.734707963193
-0.125149629685
0.11750474572
0.871595299882
1.07182404689
0.0659939853681
0.381760931468
0.451448479971
-0.178582639216
-0.508173322142
0.290263186778
0.44388154581
-0.234173502741
0.216056733623
0.117964643254
-0.983887148804
0.841287047882
-0.52980628501
-0.198774545637
0.737478568758
-0.872188029427
0.122939073881
0.0808843117435
0.985156261581
0.151527263433
-0.657817859552
0.484531465554
-0.767431722549
-0.483587214466
-0.571273799209
-0.296541825996
0.0823128567295
-0.117801795613
0.741038964509
0.172869837133
1.46926241101
0.107151465003
1.78837291541
-0.604135679346
-0.973883462789
-0.0910613820951
-0.855749218241
-0.512925503052
-0.205082764565
0.317892791733
1.25344188082
0.789207168481
-0.160436558204
0.0925802353138
-0.800580956001
-0.81102312253
-0.844100851865
0.826597719642
0.641421784142
0.0675337533951
-0.644113702232
0.444145703351
-0.623599878319
