4
0
3
2
1
136
-0.542909735445
0.577678522297
0.849418676406
0.67019467597
-0.668900041887
0.455864020361
0.0798997048917
0.457584860844
1.18889330064
0.816808975667
-0.440645668846
-0.495826742225
-0.136346676898
0.467277580505
0.748446213917
-0.0417548705087
0.946370955485
2.28112345156
-0.740387705656
0.212221312962
-0.216102813604
-0.460179939791
0.909867784597
-0.156550966869
0.0498944850195
-0.255451090356
0.795495507835
0.51428757389
0.229029693398
-0.368014150865
-0.566347073663
0.803193724862
0.769903040948
3.30258157182
0.687976356388
-0.00521651053469
-0.822547815143
-0.102343231514
-0.140038733279
0.995020947351
0.897454322465
0.603704028453
0.415175880874
1.02599302318
1.37459522938
-0.277446214214
0.155964379216
0.0429999797108
-0.837720374887
0.0617397190634
0.540292809676
-0.747293380949
0.915711302965
0.85905564699
0.68402816393
0.36075650081
0.878360579484
0.365635327823
1.01515453299
-0.824041870556
-0.782807041318
-0.89900936269
-0.788586556821
0.0578504168152
-0.981171789622
0.049883837649
-0.682947887807
0.107554994178
0.507509613591
-0.45398576364
-0.949741345872
0.0973537935237
0.342420946329
0.287546648641
-0.154451126893
-0.210803922589
-0.7798724158
0.834160745033
0.734707963193
-0.125149629685
0.22954547662
0.905396741896
1.22116929414
0.0659939853681
0.381760931468
0.451448479971
-0.178582639216
-0.508173322142
0.410008242858
0.44388154581
-0.234173502741
0.580668956229
0.117964643254
-0.983887148804
0.841287047882
-0.52980628501
-0.198774545637
0.737478568758
-0.863846544231
0.128539582707
0.0808843117435
0.985156261581
0.151527263433
-0.657817859552
0.484531465554
-0.767431722549
-0.483587214466
-0.556746119922
-0.209837771536
0.0861827077533
-0.00225873508778
0.741038964509
0.187390035881
1.55592839077
0.111019256583
1.90386805651
-0.604135679346
-0.973883462789
-0.0910613820951
-0.855749218241
-0.512925503052
-0.097618130721
0.349368838679
1.28491528793
1.06462174335
-0.160436558204
0.0925802353138
-0.800580956001
-0.81102312253
-0.844100851865
0.826597719642
0.655155699595
0.0675337533951
-0.642265886362
0.444145703351
-0.623599878319
