4
0
3
2
1
136
-0.543029572654
0.572277103694
0.849150822594
0.665269597244
-0.668900041887
0.455744192168
0.0744985754023
0.457317012988
1.18396847781
0.816808975667
-0.440645668846
-0.495826742225
-0.136346676898
0.467277580505
0.727372178092
-0.0428413936995
0.945284441746
2.2041669733
-0.740387705656
0.212221312962
-0.216102813604
-0.460179939791
0.909867784597
-0.156550966869
0.0466911281495
-0.262455591392
0.795487542304
0.503292925885
0.218035977299
-0.379006935214
-0.566347073663
0.803193724862
0.769903040948
3.23666702207
0.687976356388
-0.00953186429108
-0.822547815143
-0.102343231514
-0.151030586032
0.984030026039
0.886464332439
0.603704028453
0.393775838474
1.01611766588
1.32980996534
-0.277446214214
0.155964379216
0.0216082857025
-0.847594828611
0.0169702423126
0.540292809676
-0.747293380949
0.915711302965
0.85905564699
0.68402816393
0.34470601475
0.878360579484
0.365635327823
0.866043826035
-0.824041870556
-0.782807041318
-0.89900936269
-0.788586556821
0.0578504168152
-0.981171789622
0.0448003376365
-0.696873095959
0.107554994178
0.507509613591
-0.45398576364
-0.949741345872
0.0973537935237
0.342420946329
0.287546648641
-0.154451126893
-0.239663456005
-0.789130537561
0.795864962017
0.734707963193
-0.125149629685
0.200697384884
0.896140998696
1.18288819487
0.0659939853681
0.381760931468
0.451448479971
-0.178582639216
-0.508173322142
0.378443332578
0.44388154581
-0.234173502741
0.475007608819
0.117964643254
-0.983887148804
0.841287047882
-0.52980628501
-0.198774545637
0.737478568758
-0.866123544567
0.127100313906
0.0808843117435
0.985156261581
0.151527263433
-0.657817859552
0.484531465554
-0.767431722549
-0.483587214466
-0.56037870185
-0.23239623372
0.0852088371177
-0.0325432949909
0.741038964509
0.183758895268
1.53337752719
0.110045789901
1.87359321944
-0.604135679346
-0.973883462789
-0.0910613820951
-0.855749218241
-0.512925503052
-0.125906565467
0.341470552377
1.27701749045
0.984746488296
-0.160436558204
0.0925802353138
-0.800580956001
-0.81102312253
-0.844100851865
0.826597719642
0.651420516533
0.0675337533951
-0.642717847305
0.444145703351
-0.623599878319
