4
0
3
2
1
136
-0.544877147152
0.497584256661
0.84571513314
0.593883444527
-0.668900041887
0.453897178514
-0.000178706441509
0.453881681484
1.11259739631
0.816808975667
-0.440645668846
-0.495826742225
-0.136346676898
0.467277580505
0.437903157415
-0.0582605684915
0.929865792894
1.28530169357
-0.740387705656
0.212221312962
-0.216102813604
-0.460179939791
0.909867784597
-0.156550966869
0.0018722029185
-0.349566776712
0.79535620775
0.387828925782
0.102593916295
-0.494427065962
-0.566347073663
0.803193724862
0.769903040948
2.4349026357
0.687976356388
-0.072469907104
-0.822547815143
-0.102343231514
-0.26642879536
0.868653729302
0.771109939465
0.603704028453
0.10513777952
0.940676441168
0.763798493682
-0.277446214214
0.155964379216
-0.266847839476
-0.923024433784
-0.548728049782
0.540292809676
-0.747293380949
0.915711302965
0.85905564699
0.68402816393
0.11214713444
0.878360579484
0.365635327823
-0.378100763603
-0.824041870556
-0.782807041318
-0.89900936269
-0.788586556821
0.0578504168152
-0.981171789622
-0.035959403184
-0.791660695988
0.107554994178
0.507509613591
-0.45398576364
-0.949741345872
0.0973537935237
0.342420946329
0.287546648641
-0.154451126893
-0.591718073767
-0.884572343416
0.325511005803
0.734707963193
-0.125149629685
-0.151124832368
0.800751581344
0.712832391876
0.0659939853681
0.381760931468
0.451448479971
-0.178582639216
-0.508173322142
0.0178794028627
0.44388154581
-0.234173502741
-0.399364679079
0.117964643254
-0.983887148804
0.841287047882
-0.52980628501
-0.198774545637
0.737478568758
-0.887666999796
0.109845871902
0.0808843117435
0.985156261581
0.151527263433
-0.657817859552
0.484531465554
-0.767431722549
-0.483587214466
-0.624737002345
-0.559427885629
0.0693826059374
-0.452410522946
0.741038964509
0.119491413474
1.20673678203
0.0942400213245
1.4541849264
-0.604135679346
-0.973883462789
-0.0910613820951
-0.855749218241
-0.512925503052
-0.510574819316
0.200944558296
1.13653368027
0.25065208195
-0.160436558204
0.0925802353138
-0.800580956001
-0.81102312253
-0.844100851865
0.826597719642
0.609389639371
0.0675337533951
-0.651681780202
0.444145703351
-0.623599878319
