4
0
3
2
1
136
-0.54525790467
0.483955712568
0.84513010383
0.580105203191
-0.668900041887
0.453516731494
-0.0137994045145
0.453296847557
1.09882722359
0.816808975667
-0.440645668846
-0.495826742225
-0.136346676898
0.467277580505
0.386204397048
-0.0611671600444
0.92695947316
1.14610116514
-0.740387705656
0.212221312962
-0.216102813604
-0.460179939791
0.909867784597
-0.156550966869
-0.00624708616559
-0.36327494551
0.795327368705
0.3740773435
0.088847280384
-0.508168758641
-0.566347073663
0.803193724862
0.769903040948
2.3100415847
0.687976356388
-0.0846567836282
-0.822547815143
-0.102343231514
-0.280165547948
0.85492191367
0.757383057657
0.603704028453
0.0778419876487
0.935651461635
0.712147352561
-0.277446214214
0.155964379216
-0.294132021414
-0.928048696233
-0.6003586236
0.540292809676
-0.747293380949
0.915711302965
0.85905564699
0.68402816393
0.089060200717
0.878360579484
0.365635327823
-0.46914082839
-0.824041870556
-0.782807041318
-0.89900936269
-0.788586556821
0.0578504168152
-0.981171789622
-0.0443126505381
-0.797305002307
0.107554994178
0.507509613591
-0.45398576364
-0.949741345872
0.0973537935237
0.342420946329
0.287546648641
-0.154451126893
-0.624621144355
-0.892933661444
0.281085569282
0.734707963193
-0.125149629685
-0.184011163764
0.792393950738
0.668430180281
0.0659939853681
0.381760931468
0.451448479971
-0.178582639216
-0.508173322142
-0.0152900567884
0.44388154581
-0.234173502741
-0.466035382409
0.117964643254
-0.983887148804
0.841287047882
-0.52980628501
-0.198774545637
0.737478568758
-0.889330878746
0.108258542374
0.0808843117435
0.985156261581
0.151527263433
-0.657817859552
0.484531465554
-0.767431722549
-0.483587214466
-0.637821161689
-0.615413793207
0.0666758837495
-0.520813124992
0.741038964509
0.106442837581
1.15088918634
0.0915395273785
1.38593837532
-0.604135679346
-0.973883462789
-0.0910613820951
-0.855749218241
-0.512925503052
-0.572491986139
0.171074794699
1.10668502916
0.162774596326
-0.160436558204
0.0925802353138
-0.800580956001
-0.81102312253
-0.844100851865
0.826597719642
0.604075367912
0.0675337533951
-0.653656926675
0.444145703351
-0.623599878319
