4
0
3
2
1
136
-0.542804834688
0.582469850004
0.849658871924
0.6745392943
-0.668900041887
0.455968914411
0.0846908145981
0.457825051911
1.1932377276
0.816808975667
-0.440645668846
-0.495826742225
-0.136346676898
0.467277580505
0.767134686207
-0.0407939377455
0.947331881136
2.3505818887
-0.740387705656
0.212221312962
-0.216102813604
-0.460179939791
0.909867784597
-0.156550966869
0.0527274249248
-0.249165424296
0.795502419748
0.524315327519
0.239056698216
-0.35798789475
-0.566347073663
0.803193724862
0.769903040948
3.36197517633
0.687976356388
-0.00141367192623
-0.822547815143
-0.102343231514
-0.130013225756
1.00504570639
0.907478333134
0.603704028453
0.433140831904
1.03524908167
1.41243744161
-0.277446214214
0.155964379216
0.0609591281878
-0.828465044849
0.0995707164964
0.540292809676
-0.747293380949
0.915711302965
0.85905564699
0.68402816393
0.374047098268
0.878360579484
0.365635327823
1.15423041307
-0.824041870556
-0.782807041318
-0.89900936269
-0.788586556821
0.0578504168152
-0.981171789622
0.0540266335043
-0.669503515736
0.107554994178
0.507509613591
-0.45398576364
-0.949741345872
0.0973537935237
0.342420946329
0.287546648641
-0.154451126893
-0.18586380677
-0.771433305047
0.867024464635
0.734707963193
-0.125149629685
0.254477304967
0.913834153716
1.25402232884
0.0659939853681
0.381760931468
0.451448479971
-0.178582639216
-0.508173322142
0.437805609527
0.44388154581
-0.234173502741
0.680590902098
0.117964643254
-0.983887148804
0.841287047882
-0.52980628501
-0.198774545637
0.737478568758
-0.861814766533
0.129774202778
0.0808843117435
0.985156261581
0.151527263433
-0.657817859552
0.484531465554
-0.767431722549
-0.483587214466
-0.553653881504
-0.190116232054
0.0870136132618
0.0243362641783
0.741038964509
0.190481239185
1.57564435903
0.111849869766
1.93045585715
-0.604135679346
-0.973883462789
-0.0910613820951
-0.855749218241
-0.512925503052
-0.072705851067
0.356112971972
1.29165907742
1.14036509329
-0.160436558204
0.0925802353138
-0.800580956001
-0.81102312253
-0.844100851865
0.826597719642
0.658513433554
0.0675337533951
-0.641886688261
0.444145703351
-0.623599878319
