4
0
3
2
1
136
-0.543347681444
0.558298716954
0.848471430418
0.652386373796
-0.668900041887
0.455426116012
0.0605212074455
0.4566376422
1.17108617099
0.816808975667
-0.440645668846
-0.495826742225
-0.136346676898
0.467277580505
0.672833924925
-0.045669556563
0.94245631239
2.01163384131
-0.740387705656
0.212221312962
-0.216102813604
-0.460179939791
0.909867784597
-0.156550966869
0.0383588783113
-0.280171274703
0.795466047057
0.476419839178
0.191165756747
-0.405874290213
-0.566347073663
0.803193724862
0.769903040948
3.0711607718
0.687976356388
-0.0208411436291
-0.822547815143
-0.102343231514
-0.177895076078
0.957168400346
0.859605570498
0.603704028453
0.333491211473
0.993537411964
1.20595784183
-0.277446214214
0.155964379216
-0.0386444732675
-0.870172393959
-0.106824202189
0.540292809676
-0.747293380949
0.915711302965
0.85905564699
0.68402816393
0.298383697525
0.878360579484
0.365635327823
0.517950716031
-0.824041870556
-0.782807041318
-0.89900936269
-0.788586556821
0.0578504168152
-0.981171789622
0.0296555405611
-0.727286656996
0.107554994178
0.507509613591
-0.45398576364
-0.949741345872
0.0973537935237
0.342420946329
0.287546648641
-0.154451126893
-0.317152211467
-0.812065124591
0.69242630179
0.734707963193
-0.125149629685
0.123249597574
0.873215232187
1.07950157361
0.0659939853681
0.381760931468
0.451448479971
-0.178582639216
-0.508173322142
0.296243316279
0.44388154581
-0.234173502741
0.23219653915
0.117964643254
-0.983887148804
0.841287047882
-0.52980628501
-0.198774545637
0.737478568758
-0.871793728551
0.12322545854
0.0808843117435
0.985156261581
0.151527263433
-0.657817859552
0.484531465554
-0.767431722549
-0.483587214466
-0.570495134501
-0.292117048646
0.0825181961411
-0.111963505126
0.741038964509
0.17364797473
1.47368459579
0.107356662207
1.79420799619
-0.604135679346
-0.973883462789
-0.0910613820951
-0.855749218241
-0.512925503052
-0.199682510653
0.319574126323
1.25512302189
0.801433783835
-0.160436558204
0.0925802353138
-0.800580956001
-0.81102312253
-0.844100851865
0.826597719642
0.642081883592
0.0675337533951
-0.644012002425
0.444145703351
-0.623599878319
