4
0
3
2
1
136
-0.543013991705
0.572975094986
0.84918526403
0.665907675072
-0.668900041887
0.455759771856
0.0751965264963
0.457351453592
1.18460651992
0.816808975667
-0.440645668846
-0.495826742225
-0.136346676898
0.467277580505
0.730095664533
-0.0427007944438
0.945425039686
2.21403129953
-0.740387705656
0.212221312962
-0.216102813604
-0.460179939791
0.909867784597
-0.156550966869
0.0471056311547
-0.261555352417
0.795488582114
0.504694941407
0.219437867032
-0.377605171249
-0.566347073663
0.803193724862
0.769903040948
3.24512287589
0.687976356388
-0.00897252035122
-0.822547815143
-0.102343231514
-0.149628947812
0.985431538535
0.887865719234
0.603704028453
0.396607755218
1.01735897702
1.33571513689
-0.277446214214
0.155964379216
0.0244390062737
-0.84635363905
0.0228731739796
0.540292809676
-0.747293380949
0.915711302965
0.85905564699
0.68402816393
0.346842907215
0.878360579484
0.365635327823
0.884853438765
-0.824041870556
-0.782807041318
-0.89900936269
-0.788586556821
0.0578504168152
-0.981171789622
0.0454821634179
-0.695145142974
0.107554994178
0.507509613591
-0.45398576364
-0.949741345872
0.0973537935237
0.342420946329
0.287546648641
-0.154451126893
-0.235892473973
-0.787947986452
0.800881033772
0.734707963193
-0.125149629685
0.204466755049
0.897323212307
1.18790220281
0.0659939853681
0.381760931468
0.451448479971
-0.178582639216
-0.508173322142
0.382534007703
0.44388154581
-0.234173502741
0.488264434128
0.117964643254
-0.983887148804
0.841287047882
-0.52980628501
-0.198774545637
0.737478568758
-0.865830858549
0.127288794158
0.0808843117435
0.985156261581
0.151527263433
-0.657817859552
0.484531465554
-0.767431722549
-0.483587214466
-0.559900566939
-0.229463046515
0.0853368480287
-0.0286139740481
0.741038964509
0.1842368257
1.53630964621
0.110173743719
1.87752117953
-0.604135679346
-0.973883462789
-0.0910613820951
-0.855749218241
-0.512925503052
-0.122241095261
0.342508810973
1.27805567903
0.994757913088
-0.160436558204
0.0925802353138
-0.800580956001
-0.81102312253
-0.844100851865
0.826597719642
0.651899777011
0.0675337533951
-0.642657963463
0.444145703351
-0.623599878319
