4
0
3
2
1
136
-0.544347879305
0.517464685835
0.846587515097
0.613530274983
-0.668900041887
0.454426162794
0.0196941958177
0.454753883922
1.13223672783
0.816808975667
-0.440645668846
-0.495826742225
-0.136346676898
0.467277580505
0.514202747663
-0.0540776800593
0.934048424128
1.50370762231
-0.740387705656
0.212221312962
-0.216102813604
-0.460179939791
0.909867784597
-0.156550966869
0.0138111294695
-0.328284664502
0.795395356225
0.411764159783
0.126522047007
-0.470506034681
-0.566347073663
0.803193724862
0.769903040948
2.62870462243
0.687976356388
-0.0550977023989
-0.822547815143
-0.102343231514
-0.242514859655
0.892560573282
0.795009695571
0.603704028453
0.161066876538
0.951369730332
0.869819340545
-0.277446214214
0.155964379216
-0.210948741214
-0.91233287988
-0.442758849755
0.540292809676
-0.747293380949
0.915711302965
0.85905564699
0.68402816393
0.15900823222
0.878360579484
0.365635327823
-0.186736147772
-0.824041870556
-0.782807041318
-0.89900936269
-0.788586556821
0.0578504168152
-0.981171789622
-0.019054634272
-0.779394363006
0.107554994178
0.507509613591
-0.45398576364
-0.949741345872
0.0973537935237
0.342420946329
0.287546648641
-0.154451126893
-0.524786188378
-0.8674297746
0.415336915315
0.734707963193
-0.125149629685
-0.0842340994788
0.817884864444
0.802603299485
0.0659939853681
0.381760931468
0.451448479971
-0.178582639216
-0.508173322142
0.0852119313665
0.44388154581
-0.234173502741
-0.261070398482
0.117964643254
-0.983887148804
0.841287047882
-0.52980628501
-0.198774545637
0.737478568758
-0.884195276349
0.113071173903
0.0808843117435
0.985156261581
0.151527263433
-0.657817859552
0.484531465554
-0.767431722549
-0.483587214466
-0.605577133527
-0.472776995969
0.0736944409348
-0.344739987837
0.741038964509
0.138608888784
1.29321639528
0.0985433229809
1.56165942084
-0.604135679346
-0.973883462789
-0.0910613820951
-0.855749218241
-0.512925503052
-0.412921493597
0.243529411929
1.17909657728
0.399308954287
-0.160436558204
0.0925802353138
-0.800580956001
-0.81102312253
-0.844100851865
0.826597719642
0.618520911668
0.0675337533951
-0.648855712113
0.444145703351
-0.623599878319
