4
0
3
2
1
136
-0.542830656878
0.581284880406
0.849599237172
0.673466898605
-0.668900041887
0.455943093777
0.083505895828
0.457765418194
1.19216537639
0.816808975667
-0.440645668846
-0.495826742225
-0.136346676898
0.467277580505
0.762513355522
-0.0410313427302
0.94709447781
2.33329923718
-0.740387705656
0.212221312962
-0.216102813604
-0.460179939791
0.909867784597
-0.156550966869
0.052027576745
-0.250726239039
0.795500723636
0.521811587054
0.236553136312
-0.360491278118
-0.566347073663
0.803193724862
0.769903040948
3.34720503478
0.687976356388
-0.00235199041813
-0.822547815143
-0.102343231514
-0.132516430614
1.00254268002
0.904975485222
0.603704028453
0.428788351014
1.03291862622
1.40325231863
-0.277446214214
0.155964379216
0.0566079549415
-0.830795326573
0.0903881405822
0.540292809676
-0.747293380949
0.915711302965
0.85905564699
0.68402816393
0.37084332456
0.878360579484
0.365635327823
1.11924267959
-0.824041870556
-0.782807041318
-0.89900936269
-0.788586556821
0.0578504168152
-0.981171789622
0.0530335436358
-0.672926171662
0.107554994178
0.507509613591
-0.45398576364
-0.949741345872
0.0973537935237
0.342420946329
0.287546648641
-0.154451126893
-0.191971556929
-0.773542129888
0.859001344806
0.734707963193
-0.125149629685
0.24837145285
0.911725716373
1.24600165953
0.0659939853681
0.381760931468
0.451448479971
-0.178582639216
-0.508173322142
0.430950392836
0.44388154581
-0.234173502741
0.655312264647
0.117964643254
-0.983887148804
0.841287047882
-0.52980628501
-0.198774545637
0.737478568758
-0.862317379011
0.129472920358
0.0808843117435
0.985156261581
0.151527263433
-0.657817859552
0.484531465554
-0.767431722549
-0.483587214466
-0.554407235361
-0.194966693707
0.0868110621053
0.0177852914676
0.741038964509
0.189728122205
1.57079518199
0.111647385671
1.92390655019
-0.604135679346
-0.973883462789
-0.0910613820951
-0.855749218241
-0.512925503052
-0.0788483412723
0.354467986425
1.29001416997
1.12118173118
-0.160436558204
0.0925802353138
-0.800580956001
-0.81102312253
-0.844100851865
0.826597719642
0.657679679337
0.0675337533951
-0.641978594975
0.444145703351
-0.623599878319
