4
0
3
2
1
136
-0.54297511225
0.574722371514
0.849271703215
0.66750282849
-0.668900041887
0.455798648283
0.076943706212
0.457437890779
1.18620158747
0.816808975667
-0.440645668846
-0.495826742225
-0.136346676898
0.467277580505
0.736913114191
-0.0423490875619
0.945776743399
2.23882906717
-0.740387705656
0.212221312962
-0.216102813604
-0.460179939791
0.909867784597
-0.156550966869
0.0481425435519
-0.259295383271
0.795491171378
0.508229111476
0.222971729244
-0.37407161684
-0.566347073663
0.803193724862
0.769903040948
3.26637077009
0.687976356388
-0.00757453298018
-0.822547815143
-0.102343231514
-0.146095701155
0.988964477494
0.891398350546
0.603704028453
0.403611364012
1.02051215864
1.35034833198
-0.277446214214
0.155964379216
0.0314397769428
-0.843200755572
0.0375010261063
0.540292809676
-0.747293380949
0.915711302965
0.85905564699
0.68402816393
0.352111055875
0.878360579484
0.365635327823
0.932536905142
-0.824041870556
-0.782807041318
-0.89900936269
-0.788586556821
0.0578504168152
-0.981171789622
0.0471565139705
-0.690727328656
0.107554994178
0.507509613591
-0.45398576364
-0.949741345872
0.0973537935237
0.342420946329
0.287546648641
-0.154451126893
-0.226505459937
-0.784970264341
0.813353229908
0.734707963193
-0.125149629685
0.213849910476
0.900300129711
1.20036945213
0.0659939853681
0.381760931468
0.451448479971
-0.178582639216
-0.508173322142
0.392759810096
0.44388154581
-0.234173502741
0.521959349306
0.117964643254
-0.983887148804
0.841287047882
-0.52980628501
-0.198774545637
0.737478568758
-0.865095849082
0.127757520122
0.0808843117435
0.985156261581
0.151527263433
-0.657817859552
0.484531465554
-0.767431722549
-0.483587214466
-0.558714992861
-0.222143457542
0.085654503497
-0.0187974649762
0.741038964509
0.185421912424
1.54362667671
0.110491262826
1.88733442149
-0.604135679346
-0.973883462789
-0.0910613820951
-0.855749218241
-0.512925503052
-0.113077408869
0.345084951726
1.28063165378
1.02021600066
-0.160436558204
0.0925802353138
-0.800580956001
-0.81102312253
-0.844100851865
0.826597719642
0.653104113181
0.0675337533951
-0.642509990549
0.444145703351
-0.623599878319
