4
0
3
2
1
136
-0.543083153622
0.569886465871
0.849033240463
0.66308044357
-0.668900041887
0.455690615752
0.0721080820889
0.457199433856
1.18177945285
0.816808975667
-0.440645668846
-0.495826742225
-0.136346676898
0.467277580505
0.718043919241
-0.0433233914063
0.944802448774
2.17056194904
-0.740387705656
0.212221312962
-0.216102813604
-0.460179939791
0.909867784597
-0.156550966869
0.0452702476155
-0.265527803917
0.79548395713
0.498533654142
0.213277148666
-0.383765320818
-0.566347073663
0.803193724862
0.769903040948
3.20784420477
0.687976356388
-0.0114514708145
-0.822547815143
-0.102343231514
-0.155788528687
0.979272526251
0.881707275438
0.603704028453
0.383932666777
1.01194649047
1.30934054913
-0.277446214214
0.155964379216
0.0117694891877
-0.851765577205
-0.0034910375099
0.540292809676
-0.747293380949
0.915711302965
0.85905564699
0.68402816393
0.337249404055
0.878360579484
0.365635327823
0.80265243684
-0.824041870556
-0.782807041318
-0.89900936269
-0.788586556821
0.0578504168152
-0.981171789622
0.0424091655084
-0.702634420797
0.107554994178
0.507509613591
-0.45398576364
-0.949741345872
0.0973537935237
0.342420946329
0.287546648641
-0.154451126893
-0.252665903929
-0.793151974158
0.77854859818
0.734707963193
-0.125149629685
0.187700768668
0.892120789709
1.16557928546
0.0659939853681
0.381760931468
0.451448479971
-0.178582639216
-0.508173322142
0.364411080821
0.44388154581
-0.234173502741
0.430461953181
0.117964643254
-0.983887148804
0.841287047882
-0.52980628501
-0.198774545637
0.737478568758
-0.867121114771
0.126449872223
0.0808843117435
0.985156261581
0.151527263433
-0.657817859552
0.484531465554
-0.767431722549
-0.483587214466
-0.562035888803
-0.242480874175
0.0847656374948
-0.0460330033958
0.741038964509
0.182102453393
1.52329675441
0.109602797716
1.8601084236
-0.604135679346
-0.973883462789
-0.0910613820951
-0.855749218241
-0.512925503052
-0.138479371025
0.337874855685
1.2734220506
0.951122047823
-0.160436558204
0.0925802353138
-0.800580956001
-0.81102312253
-0.844100851865
0.826597719642
0.64978743855
0.0675337533951
-0.642926315406
0.444145703351
-0.623599878319
