4
0
3
2
1
136
-0.543833155885
0.537915750124
0.847513730343
0.633228174199
-0.668900041887
0.454940725905
0.0401407507484
0.455679996697
1.15193029748
0.816808975667
-0.440645668846
-0.495826742225
-0.136346676898
0.467277580505
0.593441715684
-0.0498379334304
0.938288018932
1.74798779933
-0.740387705656
0.212221312962
-0.216102813604
-0.460179939791
0.909867784597
-0.156550966869
0.0261268815263
-0.304892780705
0.795432301314
0.441513268467
0.156264553809
-0.440770126984
-0.566347073663
0.803193724862
0.769903040948
2.84274796213
0.687976356388
-0.0377081901267
-0.822547815143
-0.102343231514
-0.21278554829
0.922283291089
0.824725822589
0.603704028453
0.241028521422
0.968396850627
1.02307876908
-0.277446214214
0.155964379216
-0.131042011116
-0.895308833315
-0.28959179899
0.540292809676
-0.747293380949
0.915711302965
0.85905564699
0.68402816393
0.224734917623
0.878360579484
0.365635327823
0.108244231304
-0.824041870556
-0.782807041318
-0.89900936269
-0.788586556821
0.0578504168152
-0.981171789622
0.00435062870189
-0.759078686297
0.107554994178
0.507509613591
-0.45398576364
-0.949741345872
0.0973537935237
0.342420946329
0.287546648641
-0.154451126893
-0.429567894132
-0.842621081505
0.542398451763
0.734707963193
-0.125149629685
0.0109140690637
0.842677421175
0.929574786496
0.0659939853681
0.381760931468
0.451448479971
-0.178582639216
-0.508173322142
0.181136506023
0.44388154581
-0.234173502741
-0.0524223870672
0.117964643254
-0.983887148804
0.841287047882
-0.52980628501
-0.198774545637
0.737478568758
-0.878914135462
0.117682718454
0.0808843117435
0.985156261581
0.151527263433
-0.657817859552
0.484531465554
-0.767431722549
-0.483587214466
-0.587048536781
-0.381697881966
0.0782310183185
-0.228838000878
0.741038964509
0.157109575437
1.38417439392
0.103073378273
1.67741923632
-0.604135679346
-0.973883462789
-0.0910613820951
-0.855749218241
-0.512925503052
-0.307230940869
0.283842113565
1.21939686277
0.581012457195
-0.160436558204
0.0925802353138
-0.800580956001
-0.81102312253
-0.844100851865
0.826597719642
0.629555987306
0.0675337533951
-0.646234108137
0.444145703351
-0.623599878319
