4
0
3
2
1
136
-0.542902763065
0.577995140136
0.849434472821
0.670482471746
-0.668900041887
0.455870992263
0.0802163072702
0.457600656943
1.18918108277
0.816808975667
-0.440645668846
-0.495826742225
-0.136346676898
0.467277580505
0.749681361046
-0.0416912879989
0.94643453749
2.28567871988
-0.740387705656
0.212221312962
-0.216102813604
-0.460179939791
0.909867784597
-0.156550966869
0.0500819454545
-0.255037810644
0.795495969016
0.514942316655
0.229684384459
-0.367359511501
-0.566347073663
0.803193724862
0.769903040948
3.30647951134
0.687976356388
-0.00496448829395
-0.822547815143
-0.102343231514
-0.139384145603
0.995675483348
0.898108806789
0.603704028453
0.416392938394
1.02659070491
1.37715260902
-0.277446214214
0.155964379216
0.0442166099286
-0.837122743435
0.0642962802107
0.540292809676
-0.747293380949
0.915711302965
0.85905564699
0.68402816393
0.361662362931
0.878360579484
0.365635327823
1.02414796783
-0.824041870556
-0.782807041318
-0.89900936269
-0.788586556821
0.0578504168152
-0.981171789622
0.0501681278623
-0.682091608617
0.107554994178
0.507509613591
-0.45398576364
-0.949741345872
0.0973537935237
0.342420946329
0.287546648641
-0.154451126893
-0.209136100822
-0.779321709213
0.836366235775
0.734707963193
-0.125149629685
0.231212699025
0.905947324973
1.22337401349
0.0659939853681
0.381760931468
0.451448479971
-0.178582639216
-0.508173322142
0.4118514169
0.44388154581
-0.234173502741
0.587087129997
0.117964643254
-0.983887148804
0.841287047882
-0.52980628501
-0.198774545637
0.737478568758
-0.863712433425
0.128622471343
0.0808843117435
0.985156261581
0.151527263433
-0.657817859552
0.484531465554
-0.767431722549
-0.483587214466
-0.556538002213
-0.208525809504
0.0862385845563
-0.000492904903101
0.741038964509
0.187598078596
1.55723995267
0.11107511227
1.90563337181
-0.604135679346
-0.973883462789
-0.0910613820951
-0.855749218241
-0.512925503052
-0.0959660471619
0.349822104598
1.28536852873
1.069480299
-0.160436558204
0.0925802353138
-0.800580956001
-0.81102312253
-0.844100851865
0.826597719642
0.655376408594
0.0675337533951
-0.642240203754
0.444145703351
-0.623599878319
