4
0
3
2
1
136
-0.542949476418
0.575878838564
0.84932909033
0.668556932714
-0.668900041887
0.455824282208
0.0781001120523
0.457495276634
1.18725563759
0.816808975667
-0.440645668846
-0.495826742225
-0.136346676898
0.467277580505
0.741425132193
-0.0421165029277
0.946009326031
2.25532403666
-0.740387705656
0.212221312962
-0.216102813604
-0.460179939791
0.909867784597
-0.156550966869
0.0488282751903
-0.257794563702
0.795492874425
0.510587431341
0.225329850829
-0.371713693502
-0.566347073663
0.803193724862
0.769903040948
3.28049737979
0.687976356388
-0.00665098544855
-0.822547815143
-0.102343231514
-0.143737976031
0.991322004436
0.893755679339
0.603704028453
0.40817852991
1.02263469984
1.35991216504
-0.277446214214
0.155964379216
0.0360051839309
-0.841078406766
0.0470615267192
0.540292809676
-0.747293380949
0.915711302965
0.85905564699
0.68402816393
0.355533489225
0.878360579484
0.365635327823
0.964566679532
-0.824041870556
-0.782807041318
-0.89900936269
-0.788586556821
0.0578504168152
-0.981171789622
0.0482392114283
-0.687730013494
0.107554994178
0.507509613591
-0.45398576364
-0.949741345872
0.0973537935237
0.342420946329
0.287546648641
-0.154451126893
-0.220335381933
-0.782985191044
0.821538680668
0.734707963193
-0.125149629685
0.220017570606
0.902284701082
1.20855179851
0.0659939853681
0.381760931468
0.451448479971
-0.178582639216
-0.508173322142
0.399515733815
0.44388154581
-0.234173502741
0.544668412748
0.117964643254
-0.983887148804
0.841287047882
-0.52980628501
-0.198774545637
0.737478568758
-0.864607829836
0.128065176993
0.0808843117435
0.985156261581
0.151527263433
-0.657817859552
0.484531465554
-0.767431722549
-0.483587214466
-0.557939219577
-0.217317451504
0.0858625321156
-0.0123165740981
0.741038964509
0.186197381642
1.54845107703
0.110699206162
1.89381325615
-0.604135679346
-0.973883462789
-0.0910613820951
-0.855749218241
-0.512925503052
-0.107022557897
0.346772003054
1.28231860218
1.03738459109
-0.160436558204
0.0925802353138
-0.800580956001
-0.81102312253
-0.844100851865
0.826597719642
0.65390469073
0.0675337533951
-0.642413564252
0.444145703351
-0.623599878319
