4
0
3
2
1
136
-0.543058567234
0.570981589665
0.849087030613
0.664083986271
-0.668900041887
0.455715200009
0.0732031383439
0.457253222602
1.18278293533
0.816808975667
-0.440645668846
-0.495826742225
-0.136346676898
0.467277580505
0.722317123053
-0.0431025087215
0.945023329245
2.18592133574
-0.740387705656
0.212221312962
-0.216102813604
-0.460179939791
0.909867784597
-0.156550966869
0.0459213643663
-0.26412260131
0.795485604042
0.500705600221
0.215448889394
-0.381593785404
-0.566347073663
0.803193724862
0.769903040948
3.22102097954
0.687976356388
-0.0105713823354
-0.822547815143
-0.102343231514
-0.153617198549
0.981443651152
0.883878195138
0.603704028453
0.38846898326
1.01384173678
1.31876308521
-0.277446214214
0.155964379216
0.0163037474065
-0.849870528386
0.00592768157423
0.540292809676
-0.747293380949
0.915711302965
0.85905564699
0.68402816393
0.340691420545
0.878360579484
0.365635327823
0.831493082445
-0.824041870556
-0.782807041318
-0.89900936269
-0.788586556821
0.0578504168152
-0.981171789622
0.0435152481364
-0.70002518485
0.107554994178
0.507509613591
-0.45398576364
-0.949741345872
0.0973537935237
0.342420946329
0.287546648641
-0.154451126893
-0.246693363435
-0.791315242516
0.786506377739
0.734707963193
-0.125149629685
0.19367057755
0.893956945061
1.17353357569
0.0659939853681
0.381760931468
0.451448479971
-0.178582639216
-0.508173322142
0.370842961497
0.44388154581
-0.234173502741
0.450704296184
0.117964643254
-0.983887148804
0.841287047882
-0.52980628501
-0.198774545637
0.737478568758
-0.866665146053
0.126748734447
0.0808843117435
0.985156261581
0.151527263433
-0.657817859552
0.484531465554
-0.767431722549
-0.483587214466
-0.561272994122
-0.237853947642
0.0849695709945
-0.0398476230248
0.741038964509
0.182864997976
1.52792186826
0.109806633861
1.8662915044
-0.604135679346
-0.973883462789
-0.0910613820951
-0.855749218241
-0.512925503052
-0.132716546008
0.339529620411
1.2750766943
0.966398853769
-0.160436558204
0.0925802353138
-0.800580956001
-0.81102312253
-0.844100851865
0.826597719642
0.650533884711
0.0675337533951
-0.642830170352
0.444145703351
-0.623599878319
