4
0
3
2
1
136
-0.543236941249
0.563106858281
0.848702936934
0.65684055891
-0.668900041887
0.455536843226
0.0653289479317
0.456869140235
1.17553999301
0.816808975667
-0.440645668846
-0.495826742225
-0.136346676898
0.467277580505
0.691590581158
-0.0446940495427
0.943431806195
2.07678154393
-0.740387705656
0.212221312962
-0.216102813604
-0.460179939791
0.909867784597
-0.156550966869
0.0412312251012
-0.274145607233
0.795473586946
0.485401090746
0.200145946973
-0.396895161083
-0.566347073663
0.803193724862
0.769903040948
3.12726874317
0.687976356388
-0.0169278276623
-0.822547815143
-0.102343231514
-0.168917007802
0.966145408013
0.868581517799
0.603704028453
0.35490438219
1.0008081492
1.24952265647
-0.277446214214
0.155964379216
-0.0172439644143
-0.862902628206
-0.0632819106439
0.540292809676
-0.747293380949
0.915711302965
0.85905564699
0.68402816393
0.315009944323
0.878360579484
0.365635327823
0.631550263335
-0.824041870556
-0.782807041318
-0.89900936269
-0.788586556821
0.0578504168152
-0.981171789622
0.0351693780302
-0.717694977006
0.107554994178
0.507509613591
-0.45398576364
-0.949741345872
0.0973537935237
0.342420946329
0.287546648641
-0.154451126893
-0.290166862577
-0.804330388591
0.728489524456
0.734707963193
-0.125149629685
0.150219011648
0.880946485929
1.11554463561
0.0659939853681
0.381760931468
0.451448479971
-0.178582639216
-0.508173322142
0.324509427372
0.44388154581
-0.234173502741
0.311045665747
0.117964643254
-0.983887148804
0.841287047882
-0.52980628501
-0.198774545637
0.737478568758
-0.869894465274
0.12457291295
0.0808843117435
0.985156261581
0.151527263433
-0.657817859552
0.484531465554
-0.767431722549
-0.483587214466
-0.566899614143
-0.271380137664
0.083469989112
-0.0845155710615
0.741038964509
0.177241261342
1.49441039224
0.108307847786
1.82164209448
-0.604135679346
-0.973883462789
-0.0910613820951
-0.855749218241
-0.512925503052
-0.174251981419
0.327343565531
1.26289165261
0.861026268045
-0.160436558204
0.0925802353138
-0.800580956001
-0.81102312253
-0.844100851865
0.826597719642
0.645233866026
0.0675337533951
-0.643546208815
0.444145703351
-0.623599878319
