4
0
3
2
1
136
-0.543297866263
0.560454067284
0.848574931341
0.654386044705
-0.668900041887
0.455475925118
0.0626763708101
0.456741139157
1.1730856722
0.816808975667
-0.440645668846
-0.495826742225
-0.136346676898
0.467277580505
0.681241298277
-0.0452319092191
0.942893953565
2.04069792717
-0.740387705656
0.212221312962
-0.216102813604
-0.460179939791
0.909867784597
-0.156550966869
0.0396472219394
-0.277479073232
0.795469446222
0.480411361861
0.195156793794
-0.401883738686
-0.566347073663
0.803193724862
0.769903040948
3.09620634618
0.687976356388
-0.0190838758521
-0.822547815143
-0.102343231514
-0.173905009957
0.961157981176
0.863594666151
0.603704028453
0.343160076084
0.996731909124
1.22556878411
-0.277446214214
0.155964379216
-0.0289814941534
-0.866978336734
-0.0872236756935
0.540292809676
-0.747293380949
0.915711302965
0.85905564699
0.68402816393
0.305913198687
0.878360579484
0.365635327823
0.568079734461
-0.824041870556
-0.782807041318
-0.89900936269
-0.788586556821
0.0578504168152
-0.981171789622
0.0321629572147
-0.723094917806
0.107554994178
0.507509613591
-0.45398576364
-0.949741345872
0.0973537935237
0.342420946329
0.287546648641
-0.154451126893
-0.305029902583
-0.808617761763
0.708627264561
0.734707963193
-0.125149629685
0.135364538501
0.876660977609
1.09569322416
0.0659939853681
0.381760931468
0.451448479971
-0.178582639216
-0.508173322142
0.308899874132
0.44388154581
-0.234173502741
0.266963455438
0.117964643254
-0.983887148804
0.841287047882
-0.52980628501
-0.198774545637
0.737478568758
-0.870950459843
0.12383019579
0.0808843117435
0.985156261581
0.151527263433
-0.657817859552
0.484531465554
-0.767431722549
-0.483587214466
-0.568868446559
-0.282798367636
0.0829480951304
-0.0996465666828
0.741038964509
0.175273612025
1.482998076
0.107786276475
1.80651847636
-0.604135679346
-0.973883462789
-0.0910613820951
-0.855749218241
-0.512925503052
-0.188279466106
0.323087874307
1.25863638721
0.827732795076
-0.160436558204
0.0925802353138
-0.800580956001
-0.81102312253
-0.844100851865
0.826597719642
0.643486388759
0.0675337533951
-0.643800487339
0.444145703351
-0.623599878319
