4
0
3
2
1
136
-0.543805174982
0.539060823843
0.847566567432
0.634316628528
-0.668900041887
0.454968700481
0.0412856404854
0.455732829714
1.15301857878
0.816808975667
-0.440645668846
-0.495826742225
-0.136346676898
0.467277580505
0.597893672491
-0.0496022997047
0.938523646512
1.76226249614
-0.740387705656
0.212221312962
-0.216102813604
-0.460179939791
0.909867784597
-0.156550966869
0.0268158180015
-0.30354027334
0.79543427606
0.443335884993
0.158086833294
-0.438948184422
-0.566347073663
0.803193724862
0.769903040948
2.85517787689
0.687976356388
-0.0367485277938
-0.822547815143
-0.102343231514
-0.210963942532
0.924104560161
0.826546755095
0.603704028453
0.246061821054
0.969576255866
1.03284445728
-0.277446214214
0.155964379216
-0.126012426149
-0.894129641392
-0.279832355564
0.540292809676
-0.747293380949
0.915711302965
0.85905564699
0.68402816393
0.228814133316
0.878360579484
0.365635327823
0.128149241519
-0.824041870556
-0.782807041318
-0.89900936269
-0.788586556821
0.0578504168152
-0.981171789622
0.00578330639644
-0.757634791071
0.107554994178
0.507509613591
-0.45398576364
-0.949741345872
0.0973537935237
0.342420946329
0.287546648641
-0.154451126893
-0.423552612591
-0.841030538463
0.550416854959
0.734707963193
-0.125149629685
0.0169247556553
0.844266906884
0.937587374937
0.0659939853681
0.381760931468
0.451448479971
-0.178582639216
-0.508173322142
0.187223991738
0.44388154581
-0.234173502741
-0.0385024584547
0.117964643254
-0.983887148804
0.841287047882
-0.52980628501
-0.198774545637
0.737478568758
-0.878561275338
0.117976148682
0.0808843117435
0.985156261581
0.151527263433
-0.657817859552
0.484531465554
-0.767431722549
-0.483587214466
-0.586064272141
-0.37661225197
0.0784806168604
-0.222279050011
0.741038964509
0.158092705914
1.38925486668
0.103322692949
1.68397202268
-0.604135679346
-0.973883462789
-0.0910613820951
-0.855749218241
-0.512925503052
-0.301224356246
0.285969700291
1.22152398433
0.592218256586
-0.160436558204
0.0925802353138
-0.800580956001
-0.81102312253
-0.844100851865
0.826597719642
0.630220890035
0.0675337533951
-0.646098596795
0.444145703351
-0.623599878319
