4
0
3
2
1
136
-0.545172511801
0.486964915229
0.845258492245
0.583170302325
-0.668900041887
0.453602045416
-0.0107921664756
0.453425186368
1.1018902822
0.816808975667
-0.440645668846
-0.495826742225
-0.136346676898
0.467277580505
0.397568889823
-0.0605224514232
0.92760411341
1.17611745116
-0.740387705656
0.212221312962
-0.216102813604
-0.460179939791
0.909867784597
-0.156550966869
-0.0044609499911
-0.360311739501
0.795333883555
0.376938381534
0.091707233147
-0.505309890432
-0.566347073663
0.803193724862
0.769903040948
2.33705734473
0.687976356388
-0.0819459908894
-0.822547815143
-0.102343231514
-0.277307763575
0.857778614922
0.760238676503
0.603704028453
0.0832190231073
0.936634198845
0.722322125105
-0.277446214214
0.155964379216
-0.28875711936
-0.9270660937
-0.590187664933
0.540292809676
-0.747293380949
0.915711302965
0.85905564699
0.68402816393
0.0936181940345
0.878360579484
0.365635327823
-0.451292974426
-0.824041870556
-0.782807041318
-0.89900936269
-0.788586556821
0.0578504168152
-0.981171789622
-0.0426629338977
-0.796206781753
0.107554994178
0.507509613591
-0.45398576364
-0.949741345872
0.0973537935237
0.342420946329
0.287546648641
-0.154451126893
-0.618126000588
-0.89128616686
0.28987144166
0.734707963193
-0.125149629685
-0.177519135848
0.794040764082
0.677211679274
0.0659939853681
0.381760931468
0.451448479971
-0.178582639216
-0.508173322142
-0.00873706405179
0.44388154581
-0.234173502741
-0.452921312402
0.117964643254
-0.983887148804
0.841287047882
-0.52980628501
-0.198774545637
0.737478568758
-0.889004067362
0.108572107451
0.0808843117435
0.985156261581
0.151527263433
-0.657817859552
0.484531465554
-0.767431722549
-0.483587214466
-0.634972377649
-0.603397698568
0.0672492141737
-0.506200178345
0.741038964509
0.10928353472
1.16287405492
0.092111502662
1.40051621124
-0.604135679346
-0.973883462789
-0.0910613820951
-0.855749218241
-0.512925503052
-0.559267934949
0.177642846974
1.11324806641
0.181214415632
-0.160436558204
0.0925802353138
-0.800580956001
-0.81102312253
-0.844100851865
0.826597719642
0.605181973543
0.0675337533951
-0.653224605558
0.444145703351
-0.623599878319
