4
0
3
2
1
136
-0.543392309726
0.556378150594
0.848379577717
0.650600404744
-0.668900041887
0.45538149352
0.0586008182797
0.456545793272
1.16930036331
0.816808975667
-0.440645668846
-0.495826742225
-0.136346676898
0.467277580505
0.665343581213
-0.0460600220246
0.942065852781
1.9859270022
-0.740387705656
0.212221312962
-0.216102813604
-0.460179939791
0.909867784597
-0.156550966869
0.0372098953938
-0.282557894229
0.795462991571
0.472910724538
0.18765708835
-0.409382512476
-0.566347073663
0.803193724862
0.769903040948
3.04898819667
0.687976356388
-0.0224111746689
-0.822547815143
-0.102343231514
-0.181402852318
0.95366107002
0.856098685975
0.603704028453
0.324797507959
0.990779396116
1.18840936949
-0.277446214214
0.155964379216
-0.0473326663561
-0.872930013312
-0.12436299704
0.540292809676
-0.747293380949
0.915711302965
0.85905564699
0.68402816393
0.291583505221
0.878360579484
0.365635327823
0.474370738131
-0.824041870556
-0.782807041318
-0.89900936269
-0.788586556821
0.0578504168152
-0.981171789622
0.0273766934651
-0.730877750037
0.107554994178
0.507509613591
-0.45398576364
-0.949741345872
0.0973537935237
0.342420946329
0.287546648641
-0.154451126893
-0.32797223312
-0.815108760424
0.677967260271
0.734707963193
-0.125149629685
0.112436426508
0.870173110507
1.06505117846
0.0659939853681
0.381760931468
0.451448479971
-0.178582639216
-0.508173322142
0.284998175259
0.44388154581
-0.234173502741
0.201993550642
0.117964643254
-0.983887148804
0.841287047882
-0.52980628501
-0.198774545637
0.737478568758
-0.872532953965
0.122686637311
0.0808843117435
0.985156261581
0.151527263433
-0.657817859552
0.484531465554
-0.767431722549
-0.483587214466
-0.571964961956
-0.300450279071
0.0821308445678
-0.122953338637
0.741038964509
0.172179155672
1.46535631591
0.106969582319
1.78322428631
-0.604135679346
-0.973883462789
-0.0910613820951
-0.855749218241
-0.512925503052
-0.209845229152
0.316400686262
1.25194995292
0.77854212493
-0.160436558204
0.0925802353138
-0.800580956001
-0.81102312253
-0.844100851865
0.826597719642
0.640842346414
0.0675337533951
-0.644204216645
0.444145703351
-0.623599878319
