4
0
3
2
1
136
-0.543519653728
0.550951038284
0.848121888637
0.645532392925
-0.668900041887
0.455254167989
0.0531742656229
0.456288116198
1.16423286442
0.816808975667
-0.440645668846
-0.495826742225
-0.136346676898
0.467277580505
0.644185549858
-0.0471659292202
0.940959964111
1.91425884462
-0.740387705656
0.212221312962
-0.216102813604
-0.460179939791
0.909867784597
-0.156550966869
0.0339585184629
-0.289238547468
0.795454220219
0.463239599458
0.177987292706
-0.419050979038
-0.566347073663
0.803193724862
0.769903040948
2.98706813715
0.687976356388
-0.0268692016821
-0.822547815143
-0.102343231514
-0.191069990151
0.943995260562
0.84643420454
0.603704028453
0.299979555478
0.983433200282
1.13874539039
-0.277446214214
0.155964379216
-0.072133912227
-0.880275078977
-0.173998002987
0.540292809676
-0.747293380949
0.915711302965
0.85905564699
0.68402816393
0.272020929614
0.878360579484
0.365635327823
0.356784727762
-0.824041870556
-0.782807041318
-0.89900936269
-0.788586556821
0.0578504168152
-0.981171789622
0.0207492466651
-0.740318413343
0.107554994178
0.507509613591
-0.45398576364
-0.949741345872
0.0973537935237
0.342420946329
0.287546648641
-0.154451126893
-0.358503439256
-0.82355311921
0.637186499094
0.734707963193
-0.125149629685
0.0819258038172
0.861733353264
1.02429635192
0.0659939853681
0.381760931468
0.451448479971
-0.178582639216
-0.508173322142
0.25349732168
0.44388154581
-0.234173502741
0.120517069652
0.117964643254
-0.983887148804
0.841287047882
-0.52980628501
-0.198774545637
0.737478568758
-0.874552685854
0.121171939557
0.0808843117435
0.985156261581
0.151527263433
-0.657817859552
0.484531465554
-0.767431722549
-0.483587214466
-0.576221164491
-0.324136763317
0.0810156522843
-0.154061771339
0.741038964509
0.167926205885
1.44168555926
0.105855256116
1.75213517093
-0.604135679346
-0.973883462789
-0.0910613820951
-0.855749218241
-0.512925503052
-0.238553902009
0.307216301579
1.24276678926
0.716449228975
-0.160436558204
0.0925802353138
-0.800580956001
-0.81102312253
-0.844100851865
0.826597719642
0.637403384325
0.0675337533951
-0.644766574086
0.444145703351
-0.623599878319
