4
0
3
2
1
136
-0.545800896659
0.465436949756
0.844348075363
0.560940301527
-0.668900041887
0.452974394314
-0.0323024610853
0.45251522942
1.07967902894
0.816808975667
-0.440645668846
-0.495826742225
-0.136346676898
0.467277580505
0.317013276129
-0.0651742165398
0.922952969564
0.970089480633
-0.740387705656
0.212221312962
-0.216102813604
-0.460179939791
0.909867784597
-0.156550966869
-0.0171269738936
-0.380696041523
0.795285334771
0.358487607854
0.0732640021466
-0.523745584016
-0.566347073663
0.803193724862
0.769903040948
2.15060453029
0.687976356388
-0.101594128962
-0.822547815143
-0.102343231514
-0.295735925001
0.8393579804
0.741825563636
0.603704028453
0.0512723660729
0.930835661217
0.661853686171
-0.277446214214
0.155964379216
-0.320692152738
-0.932863877054
-0.650635090207
0.540292809676
-0.747293380949
0.915711302965
0.85905564699
0.68402816393
0.066470861257
0.878360579484
0.365635327823
-0.556848440671
-0.824041870556
-0.782807041318
-0.89900936269
-0.788586556821
0.0578504168152
-0.981171789622
-0.052489926762
-0.80264918168
0.107554994178
0.507509613591
-0.45398576364
-0.949741345872
0.0973537935237
0.342420946329
0.287546648641
-0.154451126893
-0.656813397756
-0.9010788137
0.237413981335
0.734707963193
-0.125149629685
-0.216189318325
0.784251846717
0.624778733641
0.0659939853681
0.381760931468
0.451448479971
-0.178582639216
-0.508173322142
-0.0478131093699
0.44388154581
-0.234173502741
-0.530778783063
0.117964643254
-0.983887148804
0.841287047882
-0.52980628501
-0.198774545637
0.737478568758
-0.890941185461
0.106702317736
0.0808843117435
0.985156261581
0.151527263433
-0.657817859552
0.484531465554
-0.767431722549
-0.483587214466
-0.654363137364
-0.683788498178
0.0635070685954
-0.603357996789
0.741038964509
0.0899495633396
1.08270272482
0.0883782955911
1.30360420503
-0.604135679346
-0.973883462789
-0.0910613820951
-0.855749218241
-0.512925503052
-0.647188440376
0.132116606503
1.06775993725
0.0613107325103
-0.160436558204
0.0925802353138
-0.800580956001
-0.81102312253
-0.844100851865
0.826597719642
0.59808458826
0.0675337533951
-0.656185019478
0.444145703351
-0.623599878319
