4
0
3
2
1
136
-0.544264435213
0.520703009215
0.846732084352
0.61668277245
-0.668900041887
0.454509574429
0.0229316257151
0.454898432514
1.13538835559
0.816808975667
-0.440645668846
-0.495826742225
-0.136346676898
0.467277580505
0.526708562155
-0.0534022555025
0.934723818443
1.54104957691
-0.740387705656
0.212221312962
-0.216102813604
-0.460179939791
0.909867784597
-0.156550966869
0.015761154459
-0.324679233618
0.795401423439
0.416122351267
0.130879129879
-0.466150059896
-0.566347073663
0.803193724862
0.769903040948
2.66159868786
0.687976356388
-0.05231219605
-0.822547815143
-0.102343231514
-0.238159992434
0.896914333463
0.799362349235
0.603704028453
0.172256386528
0.953600697665
0.891104966957
-0.277446214214
0.155964379216
-0.199766198204
-0.91010230264
-0.421485026085
0.540292809676
-0.747293380949
0.915711302965
0.85905564699
0.68402816393
0.168302609054
0.878360579484
0.365635327823
-0.14733123225
-0.824041870556
-0.782807041318
-0.89900936269
-0.788586556821
0.0578504168152
-0.981171789622
-0.0157166674168
-0.776788576412
0.107554994178
0.507509613591
-0.45398576364
-0.949741345872
0.0973537935237
0.342420946329
0.287546648641
-0.154451126893
-0.51145565778
-0.863990622116
0.433159736138
0.734707963193
-0.125149629685
-0.0709127738568
0.821321910965
0.820414101638
0.0659939853681
0.381760931468
0.451448479971
-0.178582639216
-0.508173322142
0.0986153189818
0.44388154581
-0.234173502741
-0.23290088619
0.117964643254
-0.983887148804
0.841287047882
-0.52980628501
-0.198774545637
0.737478568758
-0.883484717995
0.11371412996
0.0808843117435
0.985156261581
0.151527263433
-0.657817859552
0.484531465554
-0.767431722549
-0.483587214466
-0.60253645841
-0.458383990369
0.0744159161837
-0.326618290599
0.741038964509
0.141644096366
1.30758638622
0.0992635854996
1.57975440746
-0.604135679346
-0.973883462789
-0.0910613820951
-0.855749218241
-0.512925503052
-0.396445028622
0.250190024443
1.18575462037
0.42596696407
-0.160436558204
0.0925802353138
-0.800580956001
-0.81102312253
-0.844100851865
0.826597719642
0.620159758121
0.0675337533951
-0.648416947832
0.444145703351
-0.623599878319
