4
0
3
2
1
136
-0.542924804561
0.576995119295
0.849384617014
0.669573145737
-0.668900041887
0.455848952296
0.0792163357917
0.457550802147
1.18827180028
0.816808975667
-0.440645668846
-0.495826742225
-0.136346676898
0.467277580505
0.745780139269
-0.0418921501391
0.946233676959
2.27130785517
-0.740387705656
0.212221312962
-0.216102813604
-0.460179939791
0.909867784597
-0.156550966869
0.0494897410083
-0.25634212116
0.795494510247
0.512878192368
0.227620424566
-0.369423307025
-0.566347073663
0.803193724862
0.769903040948
3.29418100663
0.687976356388
-0.00576083843764
-0.822547815143
-0.102343231514
-0.141447776785
0.993612016482
0.896045504216
0.603704028453
0.412534624006
1.02470990983
1.36904873709
-0.277446214214
0.155964379216
0.0403596675778
-0.839003378709
0.0561950325166
0.540292809676
-0.747293380949
0.915711302965
0.85905564699
0.68402816393
0.358787949707
0.878360579484
0.365635327823
0.995838024064
-0.824041870556
-0.782807041318
-0.89900936269
-0.788586556821
0.0578504168152
-0.981171789622
0.0492650721054
-0.684780816877
0.107554994178
0.507509613591
-0.45398576364
-0.949741345872
0.0973537935237
0.342420946329
0.287546648641
-0.154451126893
-0.214413113438
-0.781057912703
0.829384737861
0.734707963193
-0.125149629685
0.225937605537
0.904211517332
1.21639498478
0.0659939853681
0.381760931468
0.451448479971
-0.178582639216
-0.508173322142
0.406026982359
0.44388154581
-0.234173502741
0.566902439436
0.117964643254
-0.983887148804
0.841287047882
-0.52980628501
-0.198774545637
0.737478568758
-0.864135852194
0.128360079157
0.0808843117435
0.985156261581
0.151527263433
-0.657817859552
0.484531465554
-0.767431722549
-0.483587214466
-0.557197151155
-0.212673620039
0.0860616387507
-0.0060739575734
0.741038964509
0.18693916991
1.55309342222
0.110898234079
1.90005396527
-0.604135679346
-0.973883462789
-0.0910613820951
-0.855749218241
-0.512925503052
-0.10118660507
0.348386821528
1.28393332626
1.05420331988
-0.160436558204
0.0925802353138
-0.800580956001
-0.81102312253
-0.844100851865
0.826597719642
0.654679931866
0.0675337533951
-0.642321624698
0.444145703351
-0.623599878319
