4
0
3
2
1
136
-0.543157657595
0.566586959948
0.848871912851
0.660049495288
-0.668900041887
0.4556161187
0.068808794189
0.457038110791
1.1787486996
0.816808975667
-0.440645668846
-0.495826742225
-0.136346676898
0.467277580505
0.705169162711
-0.0439897653186
0.944136082021
2.12464007977
-0.740387705656
0.212221312962
-0.216102813604
-0.460179939791
0.909867784597
-0.156550966869
0.043306237936
-0.269739517579
0.79547894793
0.492074488625
0.206818626298
-0.390223200162
-0.566347073663
0.803193724862
0.769903040948
3.16841532473
0.687976356388
-0.014110674777
-0.822547815143
-0.102343231514
-0.162245765133
0.972815932579
0.875251324414
0.603704028453
0.36999888035
1.00639691862
1.28052155338
-0.277446214214
0.155964379216
-0.00215753125399
-0.857314534827
-0.0322976083087
0.540292809676
-0.747293380949
0.915711302965
0.85905564699
0.68402816393
0.326619298541
0.878360579484
0.365635327823
0.717781399879
-0.824041870556
-0.782807041318
-0.89900936269
-0.788586556821
0.0578504168152
-0.981171789622
0.0389685745644
-0.710195455345
0.107554994178
0.507509613591
-0.45398576364
-0.949741345872
0.0973537935237
0.342420946329
0.287546648641
-0.154451126893
-0.270813489371
-0.798632641565
0.75433919944
0.734707963193
-0.125149629685
0.169562035756
0.886642004847
1.14138116799
0.0659939853681
0.381760931468
0.451448479971
-0.178582639216
-0.508173322142
0.345002488022
0.44388154581
-0.234173502741
0.371100474691
0.117964643254
-0.983887148804
0.841287047882
-0.52980628501
-0.198774545637
0.737478568758
-0.86848265726
0.125541375314
0.0808843117435
0.985156261581
0.151527263433
-0.657817859552
0.484531465554
-0.767431722549
-0.483587214466
-0.564372730652
-0.256492535721
0.0841420877793
-0.064723910081
0.741038964509
0.179766761983
1.5092909958
0.108979566483
1.84142497325
-0.604135679346
-0.973883462789
-0.0910613820951
-0.855749218241
-0.512925503052
-0.155871463488
0.332811284103
1.26835888071
0.906338086693
-0.160436558204
0.0925802353138
-0.800580956001
-0.81102312253
-0.844100851865
0.826597719642
0.647556253452
0.0675337533951
-0.643222666558
0.444145703351
-0.623599878319
