4
0
3
2
1
136
-0.544897857698
0.496828816036
0.84568245256
0.593126537653
-0.668900041887
0.453876482267
-0.000933778080478
0.453849009921
1.11184086376
0.816808975667
-0.440645668846
-0.495826742225
-0.136346676898
0.467277580505
0.435022867632
-0.0584208118676
0.929705562224
1.27736497035
-0.740387705656
0.212221312962
-0.216102813604
-0.460179939791
0.909867784597
-0.156550966869
0.00142034224377
-0.350345799182
0.795354653229
0.387012154207
0.101777419842
-0.495243287457
-0.566347073663
0.803193724862
0.769903040948
2.42781238055
0.687976356388
-0.0731394230235
-0.822547815143
-0.102343231514
-0.267244742063
0.867838057225
0.770294541849
0.603704028453
0.103414253942
0.940356234815
0.760536696805
-0.277446214214
0.155964379216
-0.268570573723
-0.923344592373
-0.551988458205
0.540292809676
-0.747293380949
0.915711302965
0.85905564699
0.68402816393
0.110693243525
0.878360579484
0.365635327823
-0.383884536772
-0.824041870556
-0.782807041318
-0.89900936269
-0.788586556821
0.0578504168152
-0.981171789622
-0.0364851771327
-0.792022546896
0.107554994178
0.507509613591
-0.45398576364
-0.949741345872
0.0973537935237
0.342420946329
0.287546648641
-0.154451126893
-0.593790652263
-0.885100196786
0.322718474182
0.734707963193
-0.125149629685
-0.153196286217
0.800223977717
0.710041401393
0.0659939853681
0.381760931468
0.451448479971
-0.178582639216
-0.508173322142
0.015791871709
0.44388154581
-0.234173502741
-0.403583610286
0.117964643254
-0.983887148804
0.841287047882
-0.52980628501
-0.198774545637
0.737478568758
-0.887772471781
0.109745957555
0.0808843117435
0.985156261581
0.151527263433
-0.657817859552
0.484531465554
-0.767431722549
-0.483587214466
-0.625470673268
-0.562625820665
0.0692257708126
-0.456340425111
0.741038964509
0.118759617512
1.20354621517
0.0940835329039
1.4502633768
-0.604135679346
-0.973883462789
-0.0910613820951
-0.855749218241
-0.512925503052
-0.514133621465
0.199288728925
1.13487890236
0.24548735352
-0.160436558204
0.0925802353138
-0.800580956001
-0.81102312253
-0.844100851865
0.826597719642
0.60907475165
0.0675337533951
-0.651791745536
0.444145703351
-0.623599878319
