4
0
3
2
1
136
-0.545686995126
0.46923512466
0.844507474831
0.564914776173
-0.668900041887
0.453088134336
-0.028508076444
0.452674527804
1.08364941403
0.816808975667
-0.440645668846
-0.495826742225
-0.136346676898
0.467277580505
0.331090607187
-0.0643465887537
0.923780462974
1.00498978951
-0.740387705656
0.212221312962
-0.216102813604
-0.460179939791
0.909867784597
-0.156550966869
-0.0149136052104
-0.377238676148
0.795294236886
0.361416150982
0.0761912608454
-0.52081960881
-0.566347073663
0.803193724862
0.769903040948
2.18235623995
0.687976356388
-0.0980840157228
-0.822547815143
-0.102343231514
-0.29281123235
0.842281391432
0.744747693984
0.603704028453
0.0559186106752
0.931673582813
0.670651498314
-0.277446214214
0.155964379216
-0.316047445535
-0.932026058406
-0.641840093315
0.540292809676
-0.747293380949
0.915711302965
0.85905564699
0.68402816393
0.0704287604539
0.878360579484
0.365635327823
-0.541561700616
-0.824041870556
-0.782807041318
-0.89900936269
-0.788586556821
0.0578504168152
-0.981171789622
-0.0510571631433
-0.801723674551
0.107554994178
0.507509613591
-0.45398576364
-0.949741345872
0.0973537935237
0.342420946329
0.287546648641
-0.154451126893
-0.651172295208
-0.899653878535
0.245082150784
0.734707963193
-0.125149629685
-0.210550527339
0.785676286257
0.632443556959
0.0659939853681
0.381760931468
0.451448479971
-0.178582639216
-0.508173322142
-0.0421084411196
0.44388154581
-0.234173502741
-0.519459641223
0.117964643254
-0.983887148804
0.841287047882
-0.52980628501
-0.198774545637
0.737478568758
-0.890660015395
0.106975291907
0.0808843117435
0.985156261581
0.151527263433
-0.657817859552
0.484531465554
-0.767431722549
-0.483587214466
-0.651142420898
-0.670626657145
0.064104051692
-0.587541032737
0.741038964509
0.093160726236
1.0958274127
0.0889738575425
1.31937968016
-0.604135679346
-0.973883462789
-0.0910613820951
-0.855749218241
-0.512925503052
-0.632874002176
0.139819113232
1.07545553799
0.0804419293208
-0.160436558204
0.0925802353138
-0.800580956001
-0.81102312253
-0.844100851865
0.826597719642
0.599200702482
0.0675337533951
-0.655690849288
0.444145703351
-0.623599878319
