4
0
3
2
1
136
-0.543273460096
0.561514534648
0.84862602001
0.655368129346
-0.668900041887
0.45550032845
0.0637367505939
0.456792225974
1.17406767756
0.816808975667
-0.440645668846
-0.495826742225
-0.136346676898
0.467277580505
0.685378301646
-0.0450167922777
0.943109067618
2.05508127234
-0.740387705656
0.212221312962
-0.216102813604
-0.460179939791
0.909867784597
-0.156550966869
0.0402806636184
-0.276149130504
0.79547110716
0.482395878313
0.197141077193
-0.399899688287
-0.566347073663
0.803193724862
0.769903040948
3.10859236189
0.687976356388
-0.0182210877462
-0.822547815143
-0.102343231514
-0.171921192505
0.963141565734
0.865578017869
0.603704028453
0.347877287883
0.998342279149
1.23517254259
-0.277446214214
0.155964379216
-0.0242670548469
-0.865368180666
-0.0776248550696
0.540292809676
-0.747293380949
0.915711302965
0.85905564699
0.68402816393
0.30957355374
0.878360579484
0.365635327823
0.593217840944
-0.824041870556
-0.782807041318
-0.89900936269
-0.788586556821
0.0578504168152
-0.981171789622
0.0333757393031
-0.720968524836
0.107554994178
0.507509613591
-0.45398576364
-0.949741345872
0.0973537935237
0.342420946329
0.287546648641
-0.154451126893
-0.299079148072
-0.806909672933
0.716580068615
0.734707963193
-0.125149629685
0.141311800035
0.878368303957
1.10364160795
0.0659939853681
0.381760931468
0.451448479971
-0.178582639216
-0.508173322142
0.315136907164
0.44388154581
-0.234173502741
0.284412800373
0.117964643254
-0.983887148804
0.841287047882
-0.52980628501
-0.198774545637
0.737478568758
-0.870530603182
0.124127413425
0.0808843117435
0.985156261581
0.151527263433
-0.657817859552
0.484531465554
-0.767431722549
-0.483587214466
-0.568076980154
-0.278226917147
0.0831576962246
-0.0935937721057
0.741038964509
0.176064591383
1.48756709967
0.107995745001
1.81256824797
-0.604135679346
-0.973883462789
-0.0910613820951
-0.855749218241
-0.512925503052
-0.182670655126
0.324798235594
1.26034657253
0.84091696566
-0.160436558204
0.0925802353138
-0.800580956001
-0.81102312253
-0.844100851865
0.826597719642
0.644182506093
0.0675337533951
-0.643698039517
0.444145703351
-0.623599878319
