4
0
3
2
1
136
-0.542795965679
0.58287768729
0.849679432106
0.674908069513
-0.668900041887
0.455977782899
0.0850986348327
0.457845611747
1.1936064879
0.816808975667
-0.440645668846
-0.495826742225
-0.136346676898
0.467277580505
0.768725126573
-0.0407122663996
0.947413551928
2.35654603725
-0.740387705656
0.212221312962
-0.216102813604
-0.460179939791
0.909867784597
-0.156550966869
0.0529681740671
-0.248627281804
0.795503001498
0.525180629135
0.239921939367
-0.357122714056
-0.566347073663
0.803193724862
0.769903040948
3.36707106381
0.687976356388
-0.00109105643462
-0.822547815143
-0.102343231514
-0.12914810551
1.0059107662
0.908343332507
0.603704028453
0.434625047984
1.03605722135
1.41557173228
-0.277446214214
0.155964379216
0.0624429123886
-0.827656963975
0.102704163228
0.540292809676
-0.747293380949
0.915711302965
0.85905564699
0.68402816393
0.375137155495
0.878360579484
0.365635327823
1.16636177976
-0.824041870556
-0.782807041318
-0.89900936269
-0.788586556821
0.0578504168152
-0.981171789622
0.0543637179446
-0.668310528017
0.107554994178
0.507509613591
-0.45398576364
-0.949741345872
0.0973537935237
0.342420946329
0.287546648641
-0.154451126893
-0.183770996945
-0.770704030355
0.869769341206
0.734707963193
-0.125149629685
0.256569483482
0.914563299708
1.25676638994
0.0659939853681
0.381760931468
0.451448479971
-0.178582639216
-0.508173322142
0.440161926207
0.44388154581
-0.234173502741
0.689379425017
0.117964643254
-0.983887148804
0.841287047882
-0.52980628501
-0.198774545637
0.737478568758
-0.861641841309
0.129877251118
0.0808843117435
0.985156261581
0.151527263433
-0.657817859552
0.484531465554
-0.767431722549
-0.483587214466
-0.553396331251
-0.188451080056
0.0870828740052
0.0265866771762
0.741038964509
0.190738710642
1.57730908232
0.111919108179
1.93270571341
-0.604135679346
-0.973883462789
-0.0910613820951
-0.855749218241
-0.512925503052
-0.0705948642459
0.356675645512
1.29222172507
1.14703810326
-0.160436558204
0.0925802353138
-0.800580956001
-0.81102312253
-0.844100851865
0.826597719642
0.658800846402
0.0675337533951
-0.641855338988
0.444145703351
-0.623599878319
