4
0
3
2
1
136
-0.542819135506
0.581813141167
0.849625803553
0.673945143213
-0.668900041887
0.455954614448
0.0840341336964
0.457791984109
1.19264360097
0.816808975667
-0.440645668846
-0.495826742225
-0.136346676898
0.467277580505
0.764573605825
-0.0409254872285
0.947200332563
2.34099537866
-0.740387705656
0.212221312962
-0.216102813604
-0.460179939791
0.909867784597
-0.156550966869
0.0523396343655
-0.250030933196
0.795501480839
0.522925844358
0.237667313482
-0.35937718107
-0.566347073663
0.803193724862
0.769903040948
3.35378297779
0.687976356388
-0.00193351033077
-0.822547815143
-0.102343231514
-0.131402413677
1.00365661686
0.906089341971
0.603704028453
0.430736060819
1.03395428676
1.40736142205
-0.277446214214
0.155964379216
0.058555071958
-0.829759743996
0.0944960908583
0.540292809676
-0.747293380949
0.915711302965
0.85905564699
0.68402816393
0.372278308276
0.878360579484
0.365635327823
1.13479240643
-0.824041870556
-0.782807041318
-0.89900936269
-0.788586556821
0.0578504168152
-0.981171789622
0.0534787897724
-0.671408340659
0.107554994178
0.507509613591
-0.45398576364
-0.949741345872
0.0973537935237
0.342420946329
0.287546648641
-0.154451126893
-0.18924374871
-0.772603847456
0.862586803016
0.734707963193
-0.125149629685
0.251098403077
0.912663823533
1.24958601023
0.0659939853681
0.381760931468
0.451448479971
-0.178582639216
-0.508173322142
0.434008089501
0.44388154581
-0.234173502741
0.666534619043
0.117964643254
-0.983887148804
0.841287047882
-0.52980628501
-0.198774545637
0.737478568758
-0.86209328963
0.129607574218
0.0808843117435
0.985156261581
0.151527263433
-0.657817859552
0.484531465554
-0.767431722549
-0.483587214466
-0.554070462725
-0.192802096354
0.0869016007181
0.0207079739941
0.741038964509
0.190064787765
1.57295919941
0.111737893982
1.92682848119
-0.604135679346
-0.973883462789
-0.0910613820951
-0.855749218241
-0.512925503052
-0.0761083825631
0.355203186244
1.29074933444
1.12969623116
-0.160436558204
0.0925802353138
-0.800580956001
-0.81102312253
-0.844100851865
0.826597719642
0.658051119009
0.0675337533951
-0.641937471614
0.444145703351
-0.623599878319
