4
0
3
2
1
136
-0.54331039206
0.559910960061
0.84854880897
0.653882625117
-0.668900041887
0.455463400811
0.0621333095471
0.45671501776
1.1725822943
0.816808975667
-0.440645668846
-0.495826742225
-0.136346676898
0.467277580505
0.679122680652
-0.0453421332993
0.942783731001
2.03335293311
-0.740387705656
0.212221312962
-0.216102813604
-0.460179939791
0.909867784597
-0.156550966869
0.0393226965756
-0.278158829195
0.795468592658
0.479400269481
0.194145822273
-0.402894589376
-0.566347073663
0.803193724862
0.769903040948
3.08987912446
0.687976356388
-0.0195262070156
-0.822547815143
-0.102343231514
-0.174915739844
0.960147372063
0.862584177786
0.603704028453
0.340733523382
0.995917042207
1.22063777576
-0.277446214214
0.155964379216
-0.0314065949591
-0.867793093396
-0.0921521064209
0.540292809676
-0.747293380949
0.915711302965
0.85905564699
0.68402816393
0.304026921339
0.878360579484
0.365635327823
0.555326503013
-0.824041870556
-0.782807041318
-0.89900936269
-0.788586556821
0.0578504168152
-0.981171789622
0.0315363932015
-0.724167486459
0.107554994178
0.507509613591
-0.45398576364
-0.949741345872
0.0973537935237
0.342420946329
0.287546648641
-0.154451126893
-0.308081434515
-0.809489517029
0.704548984093
0.734707963193
-0.125149629685
0.132314829779
0.875789621449
1.09161724942
0.0659939853681
0.381760931468
0.451448479971
-0.178582639216
-0.508173322142
0.305707805216
0.44388154581
-0.234173502741
0.258115105882
0.117964643254
-0.983887148804
0.841287047882
-0.52980628501
-0.198774545637
0.737478568758
-0.871164248661
0.123677869569
0.0808843117435
0.985156261581
0.151527263433
-0.657817859552
0.484531465554
-0.767431722549
-0.483587214466
-0.569276060575
-0.285143080224
0.0828402568093
-0.102748395714
0.741038964509
0.174866254954
1.48065463956
0.107678507943
1.80341823451
-0.604135679346
-0.973883462789
-0.0910613820951
-0.855749218241
-0.512925503052
-0.191152458519
0.322207219032
1.25775582513
0.821043806522
-0.160436558204
0.0925802353138
-0.800580956001
-0.81102312253
-0.844100851865
0.826597719642
0.643131164912
0.0675337533951
-0.643853368218
0.444145703351
-0.623599878319
