4
0
3
2
1
136
-0.543394082558
0.556302058267
0.848375945731
0.6505295647
-0.668900041887
0.455379720925
0.0585247331863
0.45654216144
1.16922952986
0.816808975667
-0.440645668846
-0.495826742225
-0.136346676898
0.467277580505
0.665046842409
-0.0460755017508
0.942050373294
1.98491221575
-0.740387705656
0.212221312962
-0.216102813604
-0.460179939791
0.909867784597
-0.156550966869
0.0371643546298
-0.282652211266
0.795462869994
0.472772622457
0.187519004211
-0.409520578678
-0.566347073663
0.803193724862
0.769903040948
3.04811253057
0.687976356388
-0.0224734603171
-0.822547815143
-0.102343231514
-0.181540900587
0.953523039679
0.855960673559
0.603704028453
0.324451781051
0.99067183777
1.18771315752
-0.277446214214
0.155964379216
-0.0476781700955
-0.873037555884
-0.125058818478
0.540292809676
-0.747293380949
0.915711302965
0.85905564699
0.68402816393
0.29131250101
0.878360579484
0.365635327823
0.47266525721
-0.824041870556
-0.782807041318
-0.89900936269
-0.788586556821
0.0578504168152
-0.981171789622
0.0272856006835
-0.731017277188
0.107554994178
0.507509613591
-0.45398576364
-0.949741345872
0.0973537935237
0.342420946329
0.287546648641
-0.154451126893
-0.328401056228
-0.815228784113
0.677394265976
0.734707963193
-0.125149629685
0.112007880022
0.870053148155
1.0644785331
0.0659939853681
0.381760931468
0.451448479971
-0.178582639216
-0.508173322142
0.284553452114
0.44388154581
-0.234173502741
0.20081182895
0.117964643254
-0.983887148804
0.841287047882
-0.52980628501
-0.198774545637
0.737478568758
-0.872561993074
0.122665302735
0.0808843117435
0.985156261581
0.151527263433
-0.657817859552
0.484531465554
-0.767431722549
-0.483587214466
-0.57202358959
-0.300780993981
0.0821154166033
-0.123389001065
0.741038964509
0.172120569449
1.46502580348
0.106954165479
1.78278887388
-0.604135679346
-0.973883462789
-0.0910613820951
-0.855749218241
-0.512925503052
-0.21024787759
0.316274130404
1.25182341238
0.777645403921
-0.160436558204
0.0925802353138
-0.800580956001
-0.81102312253
-0.844100851865
0.826597719642
0.640793473427
0.0675337533951
-0.644211904976
0.444145703351
-0.623599878319
