4
0
3
2
1
136
-0.542810816943
0.582195002324
0.84964502634
0.674290679681
-0.668900041887
0.455962932512
0.0844159785418
0.457811206563
1.19298912315
0.816808975667
-0.440645668846
-0.495826742225
-0.136346676898
0.467277580505
0.766062832768
-0.0408489881414
0.947276831118
2.34656714812
-0.740387705656
0.212221312962
-0.216102813604
-0.460179939791
0.909867784597
-0.156550966869
0.0525651452899
-0.249527812863
0.795502027118
0.523733219119
0.238474630849
-0.358569921088
-0.566347073663
0.803193724862
0.769903040948
3.35854455541
0.687976356388
-0.00163118278818
-0.822547815143
-0.102343231514
-0.130595211072
1.00446376209
0.906896429846
0.603704028453
0.432136609917
1.03470620098
1.41031737176
-0.277446214214
0.155964379216
0.0599552024413
-0.829007885618
0.0974512247387
0.540292809676
-0.747293380949
0.915711302965
0.85905564699
0.68402816393
0.373308855753
0.878360579484
0.365635327823
1.14608070624
-0.824041870556
-0.782807041318
-0.89900936269
-0.788586556821
0.0578504168152
-0.981171789622
0.0537981101718
-0.670303150523
0.107554994178
0.507509613591
-0.45398576364
-0.949741345872
0.0973537935237
0.342420946329
0.287546648641
-0.154451126893
-0.187276883454
-0.771923763528
0.865169862302
0.734707963193
-0.125149629685
0.253064660016
0.913343783301
1.25216828407
0.0659939853681
0.381760931468
0.451448479971
-0.178582639216
-0.508173322142
0.436216757601
0.44388154581
-0.234173502741
0.674693779563
0.117964643254
-0.983887148804
0.841287047882
-0.52980628501
-0.198774545637
0.737478568758
-0.861931325254
0.1297045691
0.0808843117435
0.985156261581
0.151527263433
-0.657817859552
0.484531465554
-0.767431722549
-0.483587214466
-0.553827949885
-0.191239640703
0.0869668065138
0.0228184303084
0.741038964509
0.190307224688
1.57452124314
0.111803078281
1.92893840322
-0.604135679346
-0.973883462789
-0.0910613820951
-0.855749218241
-0.512925503052
-0.0741293877555
0.355732769649
1.29127889283
1.13588853839
-0.160436558204
0.0925802353138
-0.800580956001
-0.81102312253
-0.844100851865
0.826597719642
0.658319870527
0.0675337533951
-0.641907896563
0.444145703351
-0.623599878319
