4
0
3
2
1
136
-0.543024338461
0.572511441864
0.849162380066
0.66548387514
-0.668900041887
0.455749425935
0.074732899979
0.457328570179
1.18418274361
0.816808975667
-0.440645668846
-0.495826742225
-0.136346676898
0.467277580505
0.728286545179
-0.0427941835179
0.945331651482
2.20747608881
-0.740387705656
0.212221312962
-0.216102813604
-0.460179939791
0.909867784597
-0.156550966869
0.0468303080227
-0.26215351547
0.795487891751
0.503763002228
0.218506011231
-0.378536943686
-0.566347073663
0.803193724862
0.769903040948
3.23950388156
0.687976356388
-0.00934401810196
-0.822547815143
-0.102343231514
-0.1505606369
0.984499932782
0.8869341968
0.603704028453
0.394728754127
1.01653324051
1.33179622715
-0.277446214214
0.155964379216
0.0225607957291
-0.847179294954
0.0189557453344
0.540292809676
-0.747293380949
0.915711302965
0.85905564699
0.68402816393
0.345425486436
0.878360579484
0.365635327823
0.872343627043
-0.824041870556
-0.782807041318
-0.89900936269
-0.788586556821
0.0578504168152
-0.981171789622
0.0450300733396
-0.696295295874
0.107554994178
0.507509613591
-0.45398576364
-0.949741345872
0.0973537935237
0.342420946329
0.287546648641
-0.154451126893
-0.238396100694
-0.788733951434
0.79755110378
0.734707963193
-0.125149629685
0.201964194508
0.896537470476
1.18457363811
0.0659939853681
0.381760931468
0.451448479971
-0.178582639216
-0.508173322142
0.3798170489
0.44388154581
-0.234173502741
0.479445544751
0.117964643254
-0.983887148804
0.841287047882
-0.52980628501
-0.198774545637
0.737478568758
-0.8660253455
0.127163668523
0.0808843117435
0.985156261581
0.151527263433
-0.657817859552
0.484531465554
-0.767431722549
-0.483587214466
-0.560217888437
-0.231410892027
0.0852518850901
-0.0312236099644
0.741038964509
0.183919639392
1.53436250726
0.110088818535
1.87491244397
-0.604135679346
-0.973883462789
-0.0910613820951
-0.855749218241
-0.512925503052
-0.124675658455
0.341819712309
1.27736662663
0.988097699722
-0.160436558204
0.0925802353138
-0.800580956001
-0.81102312253
-0.844100851865
0.826597719642
0.651581299553
0.0675337533951
-0.642697693039
0.444145703351
-0.623599878319
