4
0
3
2
1
136
-0.543284034291
0.561054713681
0.848603854453
0.654942439473
-0.668900041887
0.455489755472
0.0632769672509
0.456770061212
1.17364202174
0.816808975667
-0.440645668846
-0.495826742225
-0.136346676898
0.467277580505
0.683584456123
-0.0451100502913
0.943015810845
2.04883787209
-0.740387705656
0.212221312962
-0.216102813604
-0.460179939791
0.909867784597
-0.156550966869
0.0400060386556
-0.276726227404
0.795470387903
0.481533722752
0.196279022208
-0.400761642719
-0.566347073663
0.803193724862
0.769903040948
3.10321663581
0.687976356388
-0.018595047751
-0.822547815143
-0.102343231514
-0.172783046407
0.962279812339
0.864716364959
0.603704028453
0.345835381759
0.99764088983
1.23101253342
-0.277446214214
0.155964379216
-0.0263077690595
-0.866069477438
-0.0817827388503
0.540292809676
-0.747293380949
0.915711302965
0.85905564699
0.68402816393
0.307990191723
0.878360579484
0.365635327823
0.582279536796
-0.824041870556
-0.782807041318
-0.89900936269
-0.788586556821
0.0578504168152
-0.981171789622
0.0328516262626
-0.721895769885
0.107554994178
0.507509613591
-0.45398576364
-0.949741345872
0.0973537935237
0.342420946329
0.287546648641
-0.154451126893
-0.301658071369
-0.807651259231
0.713133551192
0.734707963193
-0.125149629685
0.138734380303
0.877627045522
1.10019699372
0.0659939853681
0.381760931468
0.451448479971
-0.178582639216
-0.508173322142
0.312431904123
0.44388154581
-0.234173502741
0.276818667971
0.117964643254
-0.983887148804
0.841287047882
-0.52980628501
-0.198774545637
0.737478568758
-0.870713039409
0.123998579834
0.0808843117435
0.985156261581
0.151527263433
-0.657817859552
0.484531465554
-0.767431722549
-0.483587214466
-0.568419440442
-0.280207990052
0.0830669700506
-0.0962176394227
0.741038964509
0.175722339925
1.48558706859
0.107905075714
1.80994567916
-0.604135679346
-0.973883462789
-0.0910613820951
-0.855749218241
-0.512925503052
-0.18510247332
0.32405811284
1.25960652511
0.835180102022
-0.160436558204
0.0925802353138
-0.800580956001
-0.81102312253
-0.844100851865
0.826597719642
0.643880263128
0.0675337533951
-0.643742330204
0.444145703351
-0.623599878319
