4
0
3
2
1
136
-0.54297899643
0.574547454612
0.849263035573
0.667343277944
-0.668900041887
0.455794764398
0.0767687987676
0.457429223332
1.1860420453
0.816808975667
-0.440645668846
-0.495826742225
-0.136346676898
0.467277580505
0.736230648608
-0.0423842800186
0.945741551251
2.23633987954
-0.740387705656
0.212221312962
-0.216102813604
-0.460179939791
0.909867784597
-0.156550966869
0.0480387862182
-0.25952203646
0.79549091305
0.507873738943
0.22261638708
-0.374426928641
-0.566347073663
0.803193724862
0.769903040948
3.26423849782
0.687976356388
-0.00771434081915
-0.822547815143
-0.102343231514
-0.146450982598
0.988609226404
0.891043129805
0.603704028453
0.402915808205
1.02019357267
1.34889325109
-0.277446214214
0.155964379216
0.0307444953616
-0.843519312104
0.0360464632751
0.540292809676
-0.747293380949
0.915711302965
0.85905564699
0.68402816393
0.351588927076
0.878360579484
0.365635327823
0.927724929794
-0.824041870556
-0.782807041318
-0.89900936269
-0.788586556821
0.0578504168152
-0.981171789622
0.0469909873288
-0.691175568271
0.107554994178
0.507509613591
-0.45398576364
-0.949741345872
0.0973537935237
0.342420946329
0.287546648641
-0.154451126893
-0.227441703676
-0.785269507587
0.812110260973
0.734707963193
-0.125149629685
0.212914041792
0.900000964483
1.19912696441
0.0659939853681
0.381760931468
0.451448479971
-0.178582639216
-0.508173322142
0.391737096056
0.44388154581
-0.234173502741
0.518553058283
0.117964643254
-0.983887148804
0.841287047882
-0.52980628501
-0.198774545637
0.737478568758
-0.865169564594
0.127710803614
0.0808843117435
0.985156261581
0.151527263433
-0.657817859552
0.484531465554
-0.767431722549
-0.483587214466
-0.558832948346
-0.22287470103
0.0856228845063
-0.0197788659287
0.741038964509
0.185304004189
1.54289568207
0.110459657074
1.8863533388
-0.604135679346
-0.973883462789
-0.0910613820951
-0.855749218241
-0.512925503052
-0.11399395146
0.34482853413
1.28037525223
1.01764154667
-0.160436558204
0.0925802353138
-0.800580956001
-0.81102312253
-0.844100851865
0.826597719642
0.652983260515
0.0675337533951
-0.642524679775
0.444145703351
-0.623599878319
