4
0
3
2
1
136
-0.543892243066
0.53550927503
0.847403042739
0.630935821158
-0.668900041887
0.454881652787
0.0377346824952
0.455569318133
1.1496383282
0.816808975667
-0.440645668846
-0.495826742225
-0.136346676898
0.467277580505
0.584089823857
-0.050333726413
0.937792239556
1.71819563028
-0.740387705656
0.212221312962
-0.216102813604
-0.460179939791
0.909867784597
-0.156550966869
0.0246785790467
-0.307720731439
0.795428119599
0.437737130375
0.152489136696
-0.44454482338
-0.566347073663
0.803193724862
0.769903040948
2.81678015897
0.687976356388
-0.039729779503
-0.822547815143
-0.102343231514
-0.216559524229
0.918510035343
0.820953286777
0.603704028453
0.230598265079
0.966002675048
1.00289710935
-0.277446214214
0.155964379216
-0.141464609338
-0.897702573273
-0.309760600023
0.540292809676
-0.747293380949
0.915711302965
0.85905564699
0.68402816393
0.216258387044
0.878360579484
0.365635327823
0.0676187955495
-0.824041870556
-0.782807041318
-0.89900936269
-0.788586556821
0.0578504168152
-0.981171789622
0.00136440005297
-0.761995159842
0.107554994178
0.507509613591
-0.45398576364
-0.949741345872
0.0973537935237
0.342420946329
0.287546648641
-0.154451126893
-0.442014815103
-0.845901587915
0.525807002605
0.734707963193
-0.125149629685
-0.00152333817952
0.839399106579
0.912995398712
0.0659939853681
0.381760931468
0.451448479971
-0.178582639216
-0.508173322142
0.168555728335
0.44388154581
-0.234173502741
-0.0808844910846
0.117964643254
-0.983887148804
0.841287047882
-0.52980628501
-0.198774545637
0.737478568758
-0.8796358647
0.11707654645
0.0808843117435
0.985156261581
0.151527263433
-0.657817859552
0.484531465554
-0.767431722549
-0.483587214466
-0.589137039983
-0.392398725245
0.0777039930703
-0.242608525101
0.741038964509
0.155023589479
1.37348491427
0.102546977343
1.66366225449
-0.604135679346
-0.973883462789
-0.0910613820951
-0.855749218241
-0.512925503052
-0.319831748322
0.279324504256
1.21488029785
0.557855805971
-0.160436558204
0.0925802353138
-0.800580956001
-0.81102312253
-0.844100851865
0.826597719642
0.628174472597
0.0675337533951
-0.646522986073
0.444145703351
-0.623599878319
