4
0
3
2
1
136
-0.543417532546
0.555296992421
0.848328023755
0.649593296452
-0.668900041887
0.455356274123
0.0575197644641
0.456494241539
1.16829335029
0.816808975667
-0.440645668846
-0.495826742225
-0.136346676898
0.467277580505
0.661127573714
-0.0462800346326
0.941845843622
1.9715349472
-0.740387705656
0.212221312962
-0.216102813604
-0.460179939791
0.909867784597
-0.156550966869
0.0365627012732
-0.283896274543
0.795461260423
0.470955158929
0.185701779539
-0.411337564555
-0.566347073663
0.803193724862
0.769903040948
3.0365663342
0.687976356388
-0.0232967441597
-0.822547815143
-0.102343231514
-0.18335764773
0.951706531209
0.8541444037
0.603704028453
0.319877318088
0.989263378438
1.17851305949
-0.277446214214
0.155964379216
-0.0522496525597
-0.874445806489
-0.134253710794
0.540292809676
-0.747293380949
0.915711302965
0.85905564699
0.68402816393
0.287722624376
0.878360579484
0.365635327823
0.450289795427
-0.824041870556
-0.782807041318
-0.89900936269
-0.788586556821
0.0578504168152
-0.981171789622
0.0260769767031
-0.732840776342
0.107554994178
0.507509613591
-0.45398576364
-0.949741345872
0.0973537935237
0.342420946329
0.287546648641
-0.154451126893
-0.334064969082
-0.816809972624
0.669826602669
0.734707963193
-0.125149629685
0.106347656179
0.868472779042
1.05691552177
0.0659939853681
0.381760931468
0.451448479971
-0.178582639216
-0.508173322142
0.278686028686
0.44388154581
-0.234173502741
0.185308969926
0.117964643254
-0.983887148804
0.841287047882
-0.52980628501
-0.198774545637
0.737478568758
-0.872943715551
0.122383666831
0.0808843117435
0.985156261581
0.151527263433
-0.657817859552
0.484531465554
-0.767431722549
-0.483587214466
-0.572800780162
-0.305153102626
0.0819110657603
-0.129145046006
0.741038964509
0.171343936598
1.46065641589
0.106749964207
1.77703618498
-0.604135679346
-0.973883462789
-0.0910613820951
-0.855749218241
-0.512925503052
-0.215566134496
0.314596610183
1.25014609904
0.765872838164
-0.160436558204
0.0925802353138
-0.800580956001
-0.81102312253
-0.844100851865
0.826597719642
0.640149653815
0.0675337533951
-0.644313978707
0.444145703351
-0.623599878319
