4
0
3
2
1
136
-0.543970871921
0.532331052235
0.847257581226
0.627898115098
-0.668900041887
0.454803044195
0.0345570414231
0.455423869625
1.14660117356
0.816808975667
-0.440645668846
-0.495826742225
-0.136346676898
0.467277580505
0.571748475307
-0.0509897521627
0.937136233297
1.67927928116
-0.740387705656
0.212221312962
-0.216102813604
-0.460179939791
0.909867784597
-0.156550966869
0.0227650596756
-0.311425312666
0.795422530556
0.432862799649
0.147615783505
-0.449417199408
-0.566347073663
0.803193724862
0.769903040948
2.78280535351
0.687976356388
-0.0424096452822
-0.822547815143
-0.102343231514
-0.221430923467
0.913639612526
0.81608384001
0.603704028453
0.217173147289
0.963011516529
0.977021598656
-0.277446214214
0.155964379216
-0.154880001723
-0.900693184875
-0.335619796725
0.540292809676
-0.747293380949
0.915711302965
0.85905564699
0.68402816393
0.205302789358
0.878360579484
0.365635327823
0.0164554475495
-0.824041870556
-0.782807041318
-0.89900936269
-0.788586556821
0.0578504168152
-0.981171789622
-0.00251204693406
-0.765611261174
0.107554994178
0.507509613591
-0.45398576364
-0.949741345872
0.0973537935237
0.342420946329
0.287546648641
-0.154451126893
-0.45800869057
-0.850097676811
0.504485519328
0.734707963193
-0.125149629685
-0.0175050365621
0.835205826049
0.891689405577
0.0659939853681
0.381760931468
0.451448479971
-0.178582639216
-0.508173322142
0.152415990639
0.44388154581
-0.234173502741
-0.116838512867
0.117964643254
-0.983887148804
0.841287047882
-0.52980628501
-0.198774545637
0.737478568758
-0.880547577823
0.116299459928
0.0808843117435
0.985156261581
0.151527263433
-0.657817859552
0.484531465554
-0.767431722549
-0.483587214466
-0.591935832312
-0.40655259648
0.0770034919878
-0.260759371654
0.741038964509
0.152228411684
1.35934717594
0.101847359295
1.64553054579
-0.604135679346
-0.973883462789
-0.0910613820951
-0.855749218241
-0.512925503052
-0.336420895851
0.273262667077
1.20881998831
0.528057711487
-0.160436558204
0.0925802353138
-0.800580956001
-0.81102312253
-0.844100851865
0.826597719642
0.626383169603
0.0675337533951
-0.64691290138
0.444145703351
-0.623599878319
