4
0
3
2
1
136
-0.542793036697
0.583012470005
0.849686230862
0.675029907322
-0.668900041887
0.45598071171
0.0852334119602
0.457852410389
1.19372832082
0.816808975667
-0.440645668846
-0.495826742225
-0.136346676898
0.467277580505
0.769250725227
-0.0406852797484
0.947440538397
2.35851886711
-0.740387705656
0.212221312962
-0.216102813604
-0.460179939791
0.909867784597
-0.156550966869
0.0530477234751
-0.248449329001
0.79550319353
0.52546699686
0.24020828722
-0.356836386071
-0.566347073663
0.803193724862
0.769903040948
3.36875655448
0.687976356388
-0.000984475126577
-0.822547815143
-0.102343231514
-0.128861797392
1.00619705445
0.908629600901
0.603704028453
0.43511400034
1.03632496931
1.41660449973
-0.277446214214
0.155964379216
0.0629317240187
-0.827389235348
0.103736655394
0.540292809676
-0.747293380949
0.915711302965
0.85905564699
0.68402816393
0.375495983325
0.878360579484
0.365635327823
1.17038101793
-0.824041870556
-0.782807041318
-0.89900936269
-0.788586556821
0.0578504168152
-0.981171789622
0.0544745906898
-0.667914574656
0.107554994178
0.507509613591
-0.45398576364
-0.949741345872
0.0973537935237
0.342420946329
0.287546648641
-0.154451126893
-0.18308041666
-0.770462621532
0.870674596385
0.734707963193
-0.125149629685
0.25725985756
0.914804666513
1.25767137871
0.0659939853681
0.381760931468
0.451448479971
-0.178582639216
-0.508173322142
0.440940295032
0.44388154581
-0.234173502741
0.692293884038
0.117964643254
-0.983887148804
0.841287047882
-0.52980628501
-0.198774545637
0.737478568758
-0.861584702612
0.129911233009
0.0808843117435
0.985156261581
0.151527263433
-0.657817859552
0.484531465554
-0.767431722549
-0.483587214466
-0.553311411096
-0.187901263228
0.0871057123084
0.0273299066062
0.741038964509
0.190823605057
1.57785875895
0.111941939186
1.93344876068
-0.604135679346
-0.973883462789
-0.0910613820951
-0.855749218241
-0.512925503052
-0.0698975818176
0.356861205747
1.29240727685
1.14925143162
-0.160436558204
0.0925802353138
-0.800580956001
-0.81102312253
-0.844100851865
0.826597719642
0.658895880321
0.0675337533951
-0.641845010378
0.444145703351
-0.623599878319
