4
0
3
2
1
136
-0.543778149001
0.540170184718
0.847617861509
0.63536972004
-0.668900041887
0.454995720545
0.0423948287857
0.45578411998
1.15407150833
0.816808975667
-0.440645668846
-0.495826742225
-0.136346676898
0.467277580505
0.602207966192
-0.0493741856426
0.938751754815
1.77615273225
-0.740387705656
0.212221312962
-0.216102813604
-0.460179939791
0.909867784597
-0.156550966869
0.0274831232299
-0.302225739062
0.795436180027
0.445117513873
0.159868139432
-0.437167200914
-0.566347073663
0.803193724862
0.769903040948
2.86726548115
0.687976356388
-0.0358201876974
-0.822547815143
-0.102343231514
-0.209183281542
0.925884898743
0.828326771381
0.603704028453
0.250976726811
0.970744011358
1.04239813852
-0.277446214214
0.155964379216
-0.121101153732
-0.892962096027
-0.27028478872
0.540292809676
-0.747293380949
0.915711302965
0.85905564699
0.68402816393
0.232790178055
0.878360579484
0.365635327823
0.147787503055
-0.824041870556
-0.782807041318
-0.89900936269
-0.788586556821
0.0578504168152
-0.981171789622
0.0071768400047
-0.756200489544
0.107554994178
0.507509613591
-0.45398576364
-0.949741345872
0.0973537935237
0.342420946329
0.287546648641
-0.154451126893
-0.417672232879
-0.839472187462
0.558255820081
0.734707963193
-0.125149629685
0.022800651722
0.845824227204
0.945420671938
0.0659939853681
0.381760931468
0.451448479971
-0.178582639216
-0.508173322142
0.193180222031
0.44388154581
-0.234173502741
-0.0247842899291
0.117964643254
-0.983887148804
0.841287047882
-0.52980628501
-0.198774545637
0.737478568758
-0.878213661483
0.118263317145
0.0808843117435
0.985156261581
0.151527263433
-0.657817859552
0.484531465554
-0.767431722549
-0.483587214466
-0.585116637679
-0.371689530871
0.0787216452776
-0.215921349003
0.741038964509
0.159039279476
1.39417274151
0.103563454363
1.69032391975
-0.604135679346
-0.973883462789
-0.0910613820951
-0.855749218241
-0.512925503052
-0.295399052922
0.288017334627
1.22357118664
0.603192992827
-0.160436558204
0.0925802353138
-0.800580956001
-0.81102312253
-0.844100851865
0.826597719642
0.630869651534
0.0675337533951
-0.645968515419
0.444145703351
-0.623599878319
