4
0
3
2
1
136
-0.543005828527
0.573341295273
0.849203353904
0.666242246157
-0.668900041887
0.455767934384
0.0755627060522
0.457369543038
1.18494107259
0.816808975667
-0.440645668846
-0.495826742225
-0.136346676898
0.467277580505
0.731524519396
-0.0426270524369
0.945498781016
2.21921613542
-0.740387705656
0.212221312962
-0.216102813604
-0.460179939791
0.909867784597
-0.156550966869
0.0473230353422
-0.26108245786
0.795489126399
0.505432747767
0.220175608039
-0.376867495582
-0.566347073663
0.803193724862
0.769903040948
3.2495665601
0.687976356388
-0.00867926337881
-0.822547815143
-0.102343231514
-0.148891337475
0.986169083555
0.888603198947
0.603704028453
0.398085771002
1.01801442764
1.33879986584
-0.277446214214
0.155964379216
0.0259164088757
-0.845698251655
0.0259567520144
0.540292809676
-0.747293380949
0.915711302965
0.85905564699
0.68402816393
0.347956658233
0.878360579484
0.365635327823
0.894776374466
-0.824041870556
-0.782807041318
-0.89900936269
-0.788586556821
0.0578504168152
-0.981171789622
0.0458369227816
-0.694230197338
0.107554994178
0.507509613591
-0.45398576364
-0.949741345872
0.0973537935237
0.342420946329
0.287546648641
-0.154451126893
-0.233918790266
-0.787325992057
0.803505144311
0.734707963193
-0.125149629685
0.206439609286
0.897945033333
1.1905252507
0.0659939853681
0.381760931468
0.451448479971
-0.178582639216
-0.508173322142
0.384678910382
0.44388154581
-0.234173502741
0.495265738108
0.117964643254
-0.983887148804
0.841287047882
-0.52980628501
-0.198774545637
0.737478568758
-0.865677075614
0.127387404411
0.0808843117435
0.985156261581
0.151527263433
-0.657817859552
0.484531465554
-0.767431722549
-0.483587214466
-0.559650747708
-0.227926233018
0.0854037550174
-0.0265542233929
0.741038964509
0.184486539923
1.53784590996
0.110240621361
1.87958022909
-0.604135679346
-0.973883462789
-0.0910613820951
-0.855749218241
-0.512925503052
-0.120319074361
0.34305144093
1.27859827312
1.00004625605
-0.160436558204
0.0925802353138
-0.800580956001
-0.81102312253
-0.844100851865
0.826597719642
0.652151647437
0.0675337533951
-0.642626722209
0.444145703351
-0.623599878319
