4
0
3
2
1
136
-0.54303484818
0.572041060032
0.849139186749
0.665053704015
-0.668900041887
0.455738917075
0.074262545534
0.457305377429
1.18375259684
0.816808975667
-0.440645668846
-0.495826742225
-0.136346676898
0.467277580505
0.726451151747
-0.042888954102
0.945236881794
2.20083648918
-0.740387705656
0.212221312962
-0.216102813604
-0.460179939791
0.909867784597
-0.156550966869
0.0465509171762
-0.262759698746
0.795487189957
0.502820068384
0.217563162703
-0.379479706914
-0.566347073663
0.803193724862
0.769903040948
3.2338116032
0.687976356388
-0.00972113526605
-0.822547815143
-0.102343231514
-0.151503314843
0.983557340109
0.885991689382
0.603704028453
0.392813802154
1.01570026933
1.32780550113
-0.277446214214
0.155964379216
0.0206466621068
-0.848012183728
0.0149665493538
0.540292809676
-0.747293380949
0.915711302965
0.85905564699
0.68402816393
0.343979221175
0.878360579484
0.365635327823
0.859713698641
-0.824041870556
-0.782807041318
-0.89900936269
-0.788586556821
0.0578504168152
-0.981171789622
0.0445680876216
-0.697452727939
0.107554994178
0.507509613591
-0.45398576364
-0.949741345872
0.0973537935237
0.342420946329
0.287546648641
-0.154451126893
-0.240941365543
-0.789529569964
0.794164446775
0.734707963193
-0.125149629685
0.199420029654
0.895742082537
1.18118838901
0.0659939853681
0.381760931468
0.451448479971
-0.178582639216
-0.508173322142
0.377059275415
0.44388154581
-0.234173502741
0.470550401837
0.117964643254
-0.983887148804
0.841287047882
-0.52980628501
-0.198774545637
0.737478568758
-0.866222389337
0.127036422149
0.0808843117435
0.985156261581
0.151527263433
-0.657817859552
0.484531465554
-0.767431722549
-0.483587214466
-0.560540979984
-0.233389331382
0.0851654039147
-0.0338730735435
0.741038964509
0.183596687588
1.53238479688
0.110002376353
1.87226390847
-0.604135679346
-0.973883462789
-0.0910613820951
-0.855749218241
-0.512925503052
-0.127146720957
0.341118255411
1.27666521765
0.981380992122
-0.160436558204
0.0925802353138
-0.800580956001
-0.81102312253
-0.844100851865
0.826597719642
0.651258687424
0.0675337533951
-0.642738198726
0.444145703351
-0.623599878319
