4
0
3
2
1
136
-0.543686337991
0.543963747578
0.847794058027
0.638960418727
-0.668900041887
0.45508751282
0.0461878415967
0.455960304417
1.15766169291
0.816808975667
-0.440645668846
-0.495826742225
-0.136346676898
0.467277580505
0.616969240682
-0.0485953855317
0.93953053659
1.82410389952
-0.740387705656
0.212221312962
-0.216102813604
-0.460179939791
0.909867784597
-0.156550966869
0.0297638147665
-0.29769948703
0.79544262304
0.451327625839
0.166077176663
-0.430959238061
-0.566347073663
0.803193724862
0.769903040948
2.90893812403
0.687976356388
-0.0326559503066
-0.822547815143
-0.102343231514
-0.202976392713
0.932090713905
0.834531513231
0.603704028453
0.268022674288
0.974927972687
1.07567720661
-0.277446214214
0.155964379216
-0.104067791612
-0.888778876116
-0.237026964686
0.540292809676
-0.747293380949
0.915711302965
0.85905564699
0.68402816393
0.246523321803
0.878360579484
0.365635327823
0.217579072053
-0.824041870556
-0.782807041318
-0.89900936269
-0.788586556821
0.0578504168152
-0.981171789622
0.0119664225684
-0.751023546696
0.107554994178
0.507509613591
-0.45398576364
-0.949741345872
0.0973537935237
0.342420946329
0.287546648641
-0.154451126893
-0.397215970981
-0.834021625796
0.585530945723
0.734707963193
-0.125149629685
0.0432414460954
0.851271243604
0.972676278904
0.0659939853681
0.381760931468
0.451448479971
-0.178582639216
-0.508173322142
0.213946684153
0.44388154581
-0.234173502741
0.0238595348736
0.117964643254
-0.983887148804
0.841287047882
-0.52980628501
-0.198774545637
0.737478568758
-0.876982791726
0.119264882021
0.0808843117435
0.985156261581
0.151527263433
-0.657817859552
0.484531465554
-0.767431722549
-0.483587214466
-0.58192095455
-0.354892440199
0.079539453348
-0.194162474043
0.741038964509
0.162231604497
1.41095434047
0.104380407685
1.71206416349
-0.604135679346
-0.973883462789
-0.0910613820951
-0.855749218241
-0.512925503052
-0.275439039275
0.294917975531
1.23047048038
0.641637000336
-0.160436558204
0.0925802353138
-0.800580956001
-0.81102312253
-0.844100851865
0.826597719642
0.633121923983
0.0675337533951
-0.645532689672
0.444145703351
-0.623599878319
