4
0
3
2
1
136
-0.542858375749
0.580016917144
0.849535594236
0.672317872076
-0.668900041887
0.455915376645
0.0822379891603
0.457701776412
1.19101639947
0.816808975667
-0.440645668846
-0.495826742225
-0.136346676898
0.467277580505
0.757567873799
-0.0412855557237
0.94684026666
2.31488219215
-0.740387705656
0.212221312962
-0.216102813604
-0.460179939791
0.909867784597
-0.156550966869
0.0512781377639
-0.252391816729
0.795498899072
0.519149688336
0.233891433451
-0.36315278515
-0.566347073663
0.803193724862
0.769903040948
3.33145955927
0.687976356388
-0.00335761330034
-0.822547815143
-0.102343231514
-0.135177741844
0.999881564562
0.902314565509
0.603704028453
0.424065009882
1.03045454208
1.39329600279
-0.277446214214
0.155964379216
0.0518861032302
-0.833259220149
0.080434711419
0.540292809676
-0.747293380949
0.915711302965
0.85905564699
0.68402816393
0.367354668409
0.878360579484
0.365635327823
1.08223436184
-0.824041870556
-0.782807041318
-0.89900936269
-0.788586556821
0.0578504168152
-0.981171789622
0.051948129938
-0.676517126578
0.107554994178
0.507509613591
-0.45398576364
-0.949741345872
0.0973537935237
0.342420946329
0.287546648641
-0.154451126893
-0.198551365614
-0.775782493668
0.850338865593
0.734707963193
-0.125149629685
0.241793783147
0.909485790368
1.23734193958
0.0659939853681
0.381760931468
0.451448479971
-0.178582639216
-0.508173322142
0.423600584327
0.44388154581
-0.234173502741
0.628679994792
0.117964643254
-0.983887148804
0.841287047882
-0.52980628501
-0.198774545637
0.737478568758
-0.862855278152
0.129147518649
0.0808843117435
0.985156261581
0.151527263433
-0.657817859552
0.484531465554
-0.767431722549
-0.483587214466
-0.555221657786
-0.200176843391
0.0865921708859
0.0107557422259
0.741038964509
0.188913966776
1.56558647311
0.111428569922
1.9168788649
-0.604135679346
-0.973883462789
-0.0910613820951
-0.855749218241
-0.512925503052
-0.0854352159636
0.352691085831
1.28823735782
1.10098730544
-0.160436558204
0.0925802353138
-0.800580956001
-0.81102312253
-0.844100851865
0.826597719642
0.656789847519
0.0675337533951
-0.642078298421
0.444145703351
-0.623599878319
