4
0
3
2
1
136
-0.543214530557
0.564087339325
0.848750422656
0.657745906126
-0.668900041887
0.455559251516
0.0663093542207
0.456916624384
1.17644527285
0.816808975667
-0.440645668846
-0.495826742225
-0.136346676898
0.467277580505
0.695416043839
-0.0444954747819
0.943630378497
2.09020525487
-0.740387705656
0.212221312962
-0.216102813604
-0.460179939791
0.909867784597
-0.156550966869
0.041816188631
-0.272908017496
0.795475105469
0.487266667948
0.202011317528
-0.395029997131
-0.566347073663
0.803193724862
0.769903040948
3.13881570428
0.687976356388
-0.0161328321247
-0.822547815143
-0.102343231514
-0.167052050408
0.968010158892
0.870446062209
0.603704028453
0.359195314869
1.00235507012
1.25831075194
-0.277446214214
0.155964379216
-0.012955400034
-0.861355900407
-0.0544980787071
0.540292809676
-0.747293380949
0.915711302965
0.85905564699
0.68402816393
0.318319755926
0.878360579484
0.365635327823
0.655504151941
-0.824041870556
-0.782807041318
-0.89900936269
-0.788586556821
0.0578504168152
-0.981171789622
0.0362568804857
-0.715630422582
0.107554994178
0.507509613591
-0.45398576364
-0.949741345872
0.0973537935237
0.342420946329
0.287546648641
-0.154451126893
-0.284695325956
-0.802733541429
0.735799814812
0.734707963193
-0.125149629685
0.155687528576
0.882542680068
1.12285109576
0.0659939853681
0.381760931468
0.451448479971
-0.178582639216
-0.508173322142
0.330283091285
0.44388154581
-0.234173502741
0.327706423401
0.117964643254
-0.983887148804
0.841287047882
-0.52980628501
-0.198774545637
0.737478568758
-0.869499548241
0.124846598301
0.0808843117435
0.985156261581
0.151527263433
-0.657817859552
0.484531465554
-0.767431722549
-0.483587214466
-0.566181254363
-0.267174896001
0.0836608099722
-0.0789322800944
0.741038964509
0.177959212815
1.49861357771
0.108498556774
1.82722281122
-0.604135679346
-0.973883462789
-0.0910613820951
-0.855749218241
-0.512925503052
-0.169070496918
0.328897247138
1.26444518857
0.873600076629
-0.160436558204
0.0925802353138
-0.800580956001
-0.81102312253
-0.844100851865
0.826597719642
0.645884818829
0.0675337533951
-0.643453906587
0.444145703351
-0.623599878319
