4
0
3
2
1
136
-0.5432469765
0.562668628118
0.848681743557
0.656435588067
-0.668900041887
0.455526809074
0.0648907519159
0.456847947578
1.17513505298
0.816808975667
-0.440645668846
-0.495826742225
-0.136346676898
0.467277580505
0.689880825471
-0.0447828416824
0.943343015179
2.07079695737
-0.740387705656
0.212221312962
-0.216102813604
-0.460179939791
0.909867784597
-0.156550966869
0.0409696863887
-0.274697790635
0.795472906164
0.484570980161
0.199315929821
-0.397725084825
-0.566347073663
0.803193724862
0.769903040948
3.12211934118
0.687976356388
-0.0172834832198
-0.822547815143
-0.102343231514
-0.169746838153
0.965315671032
0.867751874168
0.603704028453
0.352977452041
1.00012377965
1.24558246653
-0.277446214214
0.155964379216
-0.0191698119684
-0.863586910816
-0.067220157398
0.540292809676
-0.747293380949
0.915711302965
0.85905564699
0.68402816393
0.313521175394
0.878360579484
0.365635327823
0.620930369184
-0.824041870556
-0.782807041318
-0.89900936269
-0.788586556821
0.0578504168152
-0.981171789622
0.0346790964059
-0.718605646944
0.107554994178
0.507509613591
-0.45398576364
-0.949741345872
0.0973537935237
0.342420946329
0.287546648641
-0.154451126893
-0.292616585943
-0.805041977976
0.725216183472
0.734707963193
-0.125149629685
0.147770663894
0.88023519479
1.11227303832
0.0659939853681
0.381760931468
0.451448479971
-0.178582639216
-0.508173322142
0.321929330198
0.44388154581
-0.234173502741
0.303663778104
0.117964643254
-0.983887148804
0.841287047882
-0.52980628501
-0.198774545637
0.737478568758
-0.870070199156
0.124450419237
0.0808843117435
0.985156261581
0.151527263433
-0.657817859552
0.484531465554
-0.767431722549
-0.483587214466
-0.567222317994
-0.27326234892
0.083384335526
-0.0870127290285
0.741038964509
0.176918744926
1.49252912218
0.108222245467
1.81914611323
-0.604135679346
-0.973883462789
-0.0910613820951
-0.855749218241
-0.512925503052
-0.176568486982
0.326645785878
1.26219394005
0.855453886185
-0.160436558204
0.0925802353138
-0.800580956001
-0.81102312253
-0.844100851865
0.826597719642
0.644943793978
0.0675337533951
-0.64358775617
0.444145703351
-0.623599878319
