4
0
3
2
1
136
-0.54316789018
0.566136016656
0.848849949416
0.659634391891
-0.668900041887
0.455605887122
0.0683578824613
0.457016148016
1.17833362452
0.816808975667
-0.440645668846
-0.495826742225
-0.136346676898
0.467277580505
0.703409608643
-0.0440809412352
0.944044907143
2.11840528997
-0.740387705656
0.212221312962
-0.216102813604
-0.460179939791
0.909867784597
-0.156550966869
0.0430375609746
-0.270312549458
0.795478257782
0.491201660431
0.205945888875
-0.391095846833
-0.566347073663
0.803193724862
0.769903040948
3.16305818862
0.687976356388
-0.0144749950141
-0.822547815143
-0.102343231514
-0.16311832107
0.971943467357
0.874378949889
0.603704028453
0.368064936943
1.00565735281
1.27653682867
-0.277446214214
0.155964379216
-0.00409048337409
-0.858054014579
-0.0362805272378
0.540292809676
-0.747293380949
0.915711302965
0.85905564699
0.68402816393
0.325137212938
0.878360579484
0.365635327823
0.706417747407
-0.824041870556
-0.782807041318
-0.89900936269
-0.788586556821
0.0578504168152
-0.981171789622
0.0384859536548
-0.71119437776
0.107554994178
0.507509613591
-0.45398576364
-0.949741345872
0.0973537935237
0.342420946329
0.287546648641
-0.154451126893
-0.273310042776
-0.799375665086
0.751006033254
0.734707963193
-0.125149629685
0.167066765069
0.885899255936
1.13804963327
0.0659939853681
0.381760931468
0.451448479971
-0.178582639216
-0.508173322142
0.342347520293
0.44388154581
-0.234173502741
0.363173130876
0.117964643254
-0.983887148804
0.841287047882
-0.52980628501
-0.198774545637
0.737478568758
-0.86866711822
0.12541639481
0.0808843117435
0.985156261581
0.151527263433
-0.657817859552
0.484531465554
-0.767431722549
-0.483587214466
-0.564696566664
-0.25841550688
0.0840558217699
-0.0672842822606
0.741038964509
0.179443094954
1.50736888525
0.108893347071
1.83886568427
-0.604135679346
-0.973883462789
-0.0910613820951
-0.855749218241
-0.512925503052
-0.158251352951
0.332110149274
1.26765780538
0.900358052516
-0.160436558204
0.0925802353138
-0.800580956001
-0.81102312253
-0.844100851865
0.826597719642
0.64725348149
0.0675337533951
-0.643263952291
0.444145703351
-0.623599878319
