4
0
3
2
1
136
-0.542940229906
0.576296817857
0.849349866272
0.66893758768
-0.668900041887
0.45583352805
0.0785180697676
0.457516052132
1.18763627347
0.816808975667
-0.440645668846
-0.495826742225
-0.136346676898
0.467277580505
0.743055845146
-0.0420324792467
0.946093349006
2.26130186822
-0.740387705656
0.212221312962
-0.216102813604
-0.460179939791
0.909867784597
-0.156550966869
0.0490760046003
-0.25725114588
0.795493487865
0.511443530486
0.226185879376
-0.370857735542
-0.566347073663
0.803193724862
0.769903040948
3.28561555131
0.687976356388
-0.00631752917618
-0.822547815143
-0.102343231514
-0.142882088647
0.992177821256
0.894611425606
0.603704028453
0.409815676646
1.02340872065
1.36334431095
-0.277446214214
0.155964379216
0.0376417177445
-0.840304454519
0.0504925073759
0.540292809676
-0.747293380949
0.915711302965
0.85905564699
0.68402816393
0.356757743577
0.878360579484
0.365635327823
0.976235120186
-0.824041870556
-0.782807041318
-0.89900936269
-0.788586556821
0.0578504168152
-0.981171789622
0.0486255406695
-0.686632193974
0.107554994178
0.507509613591
-0.45398576364
-0.949741345872
0.0973537935237
0.342420946329
0.287546648641
-0.154451126893
-0.218113968176
-0.782264850088
0.824482980195
0.734707963193
-0.125149629685
0.222238136611
0.903004866474
1.21149500874
0.0659939853681
0.381760931468
0.451448479971
-0.178582639216
-0.508173322142
0.401954969121
0.44388154581
-0.234173502741
0.552957285089
0.117964643254
-0.983887148804
0.841287047882
-0.52980628501
-0.198774545637
0.737478568758
-0.864431197242
0.128175842411
0.0808843117435
0.985156261581
0.151527263433
-0.657817859552
0.484531465554
-0.767431722549
-0.483587214466
-0.557660583454
-0.2155769342
0.0859372810226
-0.00997755728529
0.741038964509
0.186475911357
1.55019103061
0.110773925186
1.89615154998
-0.604135679346
-0.973883462789
-0.0910613820951
-0.855749218241
-0.512925503052
-0.104836338043
0.347378220131
1.28292478335
1.04365352661
-0.160436558204
0.0925802353138
-0.800580956001
-0.81102312253
-0.844100851865
0.826597719642
0.654194691984
0.0675337533951
-0.642379008079
0.444145703351
-0.623599878319
