4
0
3
2
1
136
-0.544164304823
0.524627597917
0.846908304775
0.620486156442
-0.668900041887
0.45460966949
0.0268552319398
0.455074630405
1.13919078941
0.816808975667
-0.440645668846
-0.495826742225
-0.136346676898
0.467277580505
0.541887989959
-0.0525858033953
0.93554023738
1.58697695127
-0.740387705656
0.212221312962
-0.216102813604
-0.460179939791
0.909867784597
-0.156550966869
0.0181250731249
-0.320259245178
0.795408664796
0.421580956121
0.136336418987
-0.460694085941
-0.566347073663
0.803193724862
0.769903040948
2.70196535686
0.687976356388
-0.0489526637638
-0.822547815143
-0.102343231514
-0.23270533304
0.902367678887
0.80481438128
0.603704028453
0.18661189363
0.956522244325
0.918472154399
-0.277446214214
0.155964379216
-0.185420045398
-0.907181276707
-0.394133619227
0.540292809676
-0.747293380949
0.915711302965
0.85905564699
0.68402816393
0.180183274834
0.878360579484
0.365635327823
-0.0960479549457
-0.824041870556
-0.782807041318
-0.89900936269
-0.788586556821
0.0578504168152
-0.981171789622
-0.0114605870585
-0.773350910251
0.107554994178
0.507509613591
-0.45398576364
-0.949741345872
0.0973537935237
0.342420946329
0.287546648641
-0.154451126893
-0.494369820742
-0.859568552482
0.455980243058
0.734707963193
-0.125149629685
-0.0538391266304
0.825741181763
0.843218808174
0.0659939853681
0.381760931468
0.451448479971
-0.178582639216
-0.508173322142
0.115799567925
0.44388154581
-0.234173502741
-0.19638896727
0.117964643254
-0.983887148804
0.841287047882
-0.52980628501
-0.198774545637
0.737478568758
-0.882562197049
0.114539071175
0.0808843117435
0.985156261581
0.151527263433
-0.657817859552
0.484531465554
-0.767431722549
-0.483587214466
-0.598899547376
-0.440901685188
0.075291369664
-0.304510587686
0.741038964509
0.145274933818
1.32504277257
0.10013765665
1.6018318826
-0.604135679346
-0.973883462789
-0.0910613820951
-0.855749218241
-0.512925503052
-0.376322887712
0.258129528815
1.19369134579
0.459273543179
-0.160436558204
0.0925802353138
-0.800580956001
-0.81102312253
-0.844100851865
0.826597719642
0.622201440901
0.0675337533951
-0.647896291934
0.444145703351
-0.623599878319
