4
0
3
2
1
136
-0.542922119858
0.577116784915
0.849390676948
0.669683830048
-0.668900041887
0.45585163681
0.0793379953228
0.457556861956
1.18838247922
0.816808975667
-0.440645668846
-0.495826742225
-0.136346676898
0.467277580505
0.746254785311
-0.0418677063551
0.946258120545
2.27305364574
-0.740387705656
0.212221312962
-0.216102813604
-0.460179939791
0.909867784597
-0.156550966869
0.0495618092218
-0.256183593022
0.795494688062
0.513128718107
0.227870930134
-0.369172821625
-0.566347073663
0.803193724862
0.769903040948
3.29567525881
0.687976356388
-0.00566389710389
-0.822547815143
-0.102343231514
-0.14119731155
0.993862461555
0.89629592913
0.603704028453
0.413006271989
1.0249376431
1.37003881114
-0.277446214214
0.155964379216
0.0408311451074
-0.838775665033
0.0571847811523
0.540292809676
-0.747293380949
0.915711302965
0.85905564699
0.68402816393
0.359139737655
0.878360579484
0.365635327823
0.999267385588
-0.824041870556
-0.782807041318
-0.89900936269
-0.788586556821
0.0578504168152
-0.981171789622
0.049375745163
-0.684456029189
0.107554994178
0.507509613591
-0.45398576364
-0.949741345872
0.0973537935237
0.342420946329
0.287546648641
-0.154451126893
-0.213769648432
-0.780847174343
0.830236550533
0.734707963193
-0.125149629685
0.226580832962
0.904422206628
1.2172464919
0.0659939853681
0.381760931468
0.451448479971
-0.178582639216
-0.508173322142
0.406736046088
0.44388154581
-0.234173502741
0.569344640032
0.117964643254
-0.983887148804
0.841287047882
-0.52980628501
-0.198774545637
0.737478568758
-0.864084364726
0.128392094678
0.0808843117435
0.985156261581
0.151527263433
-0.657817859552
0.484531465554
-0.767431722549
-0.483587214466
-0.557116672501
-0.212168354356
0.0860832386458
-0.00539436427325
0.741038964509
0.187019618801
1.5535985296
0.110919825603
1.90073335517
-0.604135679346
-0.973883462789
-0.0910613820951
-0.855749218241
-0.512925503052
-0.100551063328
0.348562015796
1.28410851052
1.05605128641
-0.160436558204
0.0925802353138
-0.800580956001
-0.81102312253
-0.844100851865
0.826597719642
0.654764569411
0.0675337533951
-0.642311671235
0.444145703351
-0.623599878319
