4
0
3
2
1
136
-0.543266002981
0.561839143922
0.848641680107
0.655668511148
-0.668900041887
0.455507784718
0.0640613336186
0.456807885517
1.17436803562
0.816808975667
-0.440645668846
-0.495826742225
-0.136346676898
0.467277580505
0.686644689291
-0.044950972851
0.943174886181
2.05949500626
-0.740387705656
0.212221312962
-0.216102813604
-0.460179939791
0.909867784597
-0.156550966869
0.0404745000995
-0.275741334034
0.795471614064
0.483006046968
0.197751175286
-0.39928966074
-0.566347073663
0.803193724862
0.769903040948
3.11239206523
0.687976356388
-0.0179572270032
-0.822547815143
-0.102343231514
-0.171311235489
0.963751452236
0.866187833872
0.603704028453
0.349315442397
0.998840307858
1.2381051701
-0.277446214214
0.155964379216
-0.0228297322066
-0.864870217073
-0.0746937133053
0.540292809676
-0.747293380949
0.915711302965
0.85905564699
0.68402816393
0.310687759443
0.878360579484
0.365635327823
0.600975076406
-0.824041870556
-0.782807041318
-0.89900936269
-0.788586556821
0.0578504168152
-0.981171789622
0.03374409518
-0.720309086061
0.107554994178
0.507509613591
-0.45398576364
-0.949741345872
0.0973537935237
0.342420946329
0.287546648641
-0.154451126893
-0.297259900857
-0.806385275054
0.719011277024
0.734707963193
-0.125149629685
0.143129996069
0.878892472939
1.10607148534
0.0659939853681
0.381760931468
0.451448479971
-0.178582639216
-0.508173322142
0.317046980238
0.44388154581
-0.234173502741
0.289799844478
0.117964643254
-0.983887148804
0.841287047882
-0.52980628501
-0.198774545637
0.737478568758
-0.870401464955
0.124218319094
0.0808843117435
0.985156261581
0.151527263433
-0.657817859552
0.484531465554
-0.767431722549
-0.483587214466
-0.56783588684
-0.276829427091
0.0832215981019
-0.0917420687464
0.741038964509
0.176305539412
1.48896386377
0.108059607262
1.81441904584
-0.604135679346
-0.973883462789
-0.0910613820951
-0.855749218241
-0.512925503052
-0.180954099467
0.325319346654
1.26086763128
0.844985663782
-0.160436558204
0.0925802353138
-0.800580956001
-0.81102312253
-0.844100851865
0.826597719642
0.644396243985
0.0675337533951
-0.643666893153
0.444145703351
-0.623599878319
