4
0
3
2
1
136
-0.545623597187
0.471368794568
0.844597221418
0.567137343013
-0.668900041887
0.453151448315
-0.0263763964706
0.452764221819
1.08586984755
0.816808975667
-0.440645668846
-0.495826742225
-0.136346676898
0.467277580505
0.339025901657
-0.0638830100511
0.924243971357
1.02486331205
-0.740387705656
0.212221312962
-0.216102813604
-0.460179939791
0.909867784597
-0.156550966869
-0.0136657401496
-0.375270065542
0.795299172681
0.363119859833
0.0778942378171
-0.519117363189
-0.566347073663
0.803193724862
0.769903040948
2.20040656081
0.687976356388
-0.096120466309
-0.822547815143
-0.102343231514
-0.291109717554
0.84398217593
0.74644774871
0.603704028453
0.0586937778297
0.932174839513
0.675905655862
-0.277446214214
0.155964379216
-0.313273220749
-0.931524864273
-0.636587655445
0.540292809676
-0.747293380949
0.915711302965
0.85905564699
0.68402816393
0.0727912763529
0.878360579484
0.365635327823
-0.532421768853
-0.824041870556
-0.782807041318
-0.89900936269
-0.788586556821
0.0578504168152
-0.981171789622
-0.0502019145822
-0.801169165706
0.107554994178
0.507509613591
-0.45398576364
-0.949741345872
0.0973537935237
0.342420946329
0.287546648641
-0.154451126893
-0.647805235817
-0.898802901476
0.249655929118
0.734707963193
-0.125149629685
-0.207184879416
0.786526959841
0.637015301215
0.0659939853681
0.381760931468
0.451448479971
-0.178582639216
-0.508173322142
-0.0387046128739
0.44388154581
-0.234173502741
-0.512698845246
0.117964643254
-0.983887148804
0.841287047882
-0.52980628501
-0.198774545637
0.737478568758
-0.890492004925
0.107138166061
0.0808843117435
0.985156261581
0.151527263433
-0.657817859552
0.484531465554
-0.767431722549
-0.483587214466
-0.649289470555
-0.663026878349
0.0644516407244
-0.578393592976
0.741038964509
0.0950081699844
1.10340585837
0.089320614448
1.32850328073
-0.604135679346
-0.973883462789
-0.0910613820951
-0.855749218241
-0.512925503052
-0.624596036389
0.144223656287
1.07985619638
0.0915670553298
-0.160436558204
0.0925802353138
-0.800580956001
-0.81102312253
-0.844100851865
0.826597719642
0.599852691641
0.0675337533951
-0.655406913897
0.444145703351
-0.623599878319
