4
0
3
2
1
136
-0.542840025993
0.580855835218
0.849577682635
0.67307827484
-0.668900041887
0.455933725242
0.0830768695357
0.457743864042
1.19177676918
0.816808975667
-0.440645668846
-0.495826742225
-0.136346676898
0.467277580505
0.760839988634
-0.0411173407521
0.947008480403
2.32705859498
-0.740387705656
0.212221312962
-0.216102813604
-0.460179939791
0.909867784597
-0.156550966869
0.0517740524871
-0.251290354308
0.795500107372
0.52090887535
0.235650490323
-0.361393858401
-0.566347073663
0.803193724862
0.769903040948
3.34187034302
0.687976356388
-0.0026920828368
-0.822547815143
-0.102343231514
-0.133418945199
1.00164023112
0.904073102002
0.603704028453
0.427197731345
1.03208138236
1.39989806607
-0.277446214214
0.155964379216
0.055017828611
-0.831632506492
0.0870348458413
0.540292809676
-0.747293380949
0.915711302965
0.85905564699
0.68402816393
0.369669864535
0.878360579484
0.365635327823
1.10667019701
-0.824041870556
-0.782807041318
-0.89900936269
-0.788586556821
0.0578504168152
-0.981171789622
0.0526689162189
-0.674149495141
0.107554994178
0.507509613591
-0.45398576364
-0.949741345872
0.0973537935237
0.342420946329
0.287546648641
-0.154451126893
-0.194192892085
-0.77430205045
0.856079051983
0.734707963193
-0.125149629685
0.246150828781
0.910965941213
1.24308028428
0.0659939853681
0.381760931468
0.451448479971
-0.178582639216
-0.508173322142
0.428465066409
0.44388154581
-0.234173502741
0.646252738544
0.117964643254
-0.983887148804
0.841287047882
-0.52980628501
-0.198774545637
0.737478568758
-0.86249939386
0.129363157366
0.0808843117435
0.985156261581
0.151527263433
-0.657817859552
0.484531465554
-0.767431722549
-0.483587214466
-0.554681853602
-0.196727386356
0.086737243534
0.0154089196764
0.741038964509
0.189453592713
1.56903496908
0.111573592199
1.92153079953
-0.604135679346
-0.973883462789
-0.0910613820951
-0.855749218241
-0.512925503052
-0.0810755704681
0.353868662838
1.28941487573
1.11431034228
-0.160436558204
0.0925802353138
-0.800580956001
-0.81102312253
-0.844100851865
0.826597719642
0.657378306731
0.0675337533951
-0.64201217424
0.444145703351
-0.623599878319
