4
0
3
2
1
136
-0.543530259195
0.550502565285
0.848100715689
0.645112177585
-0.668900041887
0.4552435642
0.0527258430494
0.456266944338
1.16381269552
0.816808975667
-0.440645668846
-0.495826742225
-0.136346676898
0.467277580505
0.642437783886
-0.0472574858706
0.940868409133
1.90840082294
-0.740387705656
0.212221312962
-0.216102813604
-0.460179939791
0.909867784597
-0.156550966869
0.0336895572569
-0.289786379113
0.795453486232
0.4624567198
0.177204527393
-0.419833630038
-0.566347073663
0.803193724862
0.769903040948
2.98199976264
0.687976356388
-0.0272390189815
-0.822547815143
-0.102343231514
-0.191852526871
0.94321283809
0.845651896284
0.603704028453
0.297920745262
0.982855424289
1.13465334365
-0.277446214214
0.155964379216
-0.074191281619
-0.880852761685
-0.178087573072
0.540292809676
-0.747293380949
0.915711302965
0.85905564699
0.68402816393
0.270388441989
0.878360579484
0.365635327823
0.347436764454
-0.824041870556
-0.782807041318
-0.89900936269
-0.788586556821
0.0578504168152
-0.981171789622
0.0201916128846
-0.741053281612
0.107554994178
0.507509613591
-0.45398576364
-0.949741345872
0.0973537935237
0.342420946329
0.287546648641
-0.154451126893
-0.36101550216
-0.824239674377
0.633832714063
0.734707963193
-0.125149629685
0.0794155077711
0.861047196292
1.02094479137
0.0659939853681
0.381760931468
0.451448479971
-0.178582639216
-0.508173322142
0.250918893045
0.44388154581
-0.234173502741
0.114036442752
0.117964643254
-0.983887148804
0.841287047882
-0.52980628501
-0.198774545637
0.737478568758
-0.874714665697
0.121047720456
0.0808843117435
0.985156261581
0.151527263433
-0.657817859552
0.484531465554
-0.767431722549
-0.483587214466
-0.576579618417
-0.326102589423
0.0809222048461
-0.156634860451
0.741038964509
0.167568049397
1.43972115471
0.105761887108
1.74956381851
-0.604135679346
-0.973883462789
-0.0910613820951
-0.855749218241
-0.512925503052
-0.240924709995
0.306442975752
1.24199357683
0.711480800904
-0.160436558204
0.0925802353138
-0.800580956001
-0.81102312253
-0.844100851865
0.826597719642
0.637123546142
0.0675337533951
-0.644814320319
0.444145703351
-0.623599878319
