4
0
3
2
1
136
-0.542923013532
0.577076281041
0.849388659353
0.66964698361
-0.668900041887
0.455850743199
0.0792974934748
0.457554844402
1.18834563457
0.816808975667
-0.440645668846
-0.495826742225
-0.136346676898
0.467277580505
0.746096770562
-0.0418758437763
0.946249983189
2.27247237175
-0.740387705656
0.212221312962
-0.216102813604
-0.460179939791
0.909867784597
-0.156550966869
0.0495378174665
-0.256236373723
0.795494628876
0.513045296683
0.227787515421
-0.36925622963
-0.566347073663
0.803193724862
0.769903040948
3.29517774303
0.687976356388
-0.00569616828998
-0.822547815143
-0.102343231514
-0.141280712846
0.993779066966
0.896212541246
0.603704028453
0.412849323551
1.02486179441
1.36970933051
-0.277446214214
0.155964379216
0.0406742533054
-0.838851507205
0.056855408668
0.540292809676
-0.747293380949
0.915711302965
0.85905564699
0.68402816393
0.359022687299
0.878360579484
0.365635327823
0.998125253034
-0.824041870556
-0.782807041318
-0.89900936269
-0.788586556821
0.0578504168152
-0.981171789622
0.0493389256239
-0.684564228052
0.107554994178
0.507509613591
-0.45398576364
-0.949741345872
0.0973537935237
0.342420946329
0.287546648641
-0.154451126893
-0.213983820986
-0.780917346587
0.829953046232
0.734707963193
-0.125149629685
0.226366739374
0.90435205069
1.21696308916
0.0659939853681
0.381760931468
0.451448479971
-0.178582639216
-0.508173322142
0.406500004211
0.44388154581
-0.234173502741
0.568531189235
0.117964643254
-0.983887148804
0.841287047882
-0.52980628501
-0.198774545637
0.737478568758
-0.864101506395
0.128381439147
0.0808843117435
0.985156261581
0.151527263433
-0.657817859552
0.484531465554
-0.767431722549
-0.483587214466
-0.557143456012
-0.212336543813
0.0860760500078
-0.0056205908592
0.741038964509
0.186992845181
1.55343039277
0.110912639748
1.9005071962
-0.604135679346
-0.973883462789
-0.0910613820951
-0.855749218241
-0.512925503052
-0.100762630574
0.348503709259
1.28405020731
1.05543575058
-0.160436558204
0.0925802353138
-0.800580956001
-0.81102312253
-0.844100851865
0.826597719642
0.65473638955
0.0675337533951
-0.642314983392
0.444145703351
-0.623599878319
