4
0
3
2
1
136
-0.543101613736
0.569066274925
0.848993034652
0.662328046051
-0.668900041887
0.455672157287
0.0712879432787
0.457159229129
1.18102710187
0.816808975667
-0.440645668846
-0.495826742225
-0.136346676898
0.467277580505
0.714843494457
-0.0434889156083
0.944636926283
2.15909697496
-0.740387705656
0.212221312962
-0.216102813604
-0.460179939791
0.909867784597
-0.156550966869
0.0447823471638
-0.266577847254
0.79548271858
0.496916124434
0.211659775394
-0.385382537684
-0.566347073663
0.803193724862
0.769903040948
3.19800492868
0.687976356388
-0.0121114312088
-0.822547815143
-0.102343231514
-0.157405589178
0.977655622108
0.880090527612
0.603704028453
0.38050571321
1.01054436739
1.30223513298
-0.277446214214
0.155964379216
0.00834413786199
-0.853167550233
-0.0105934948536
0.540292809676
-0.747293380949
0.915711302965
0.85905564699
0.68402816393
0.334642943402
0.878360579484
0.365635327823
0.781271615251
-0.824041870556
-0.782807041318
-0.89900936269
-0.788586556821
0.0578504168152
-0.981171789622
0.0415689753793
-0.704555785174
0.107554994178
0.507509613591
-0.45398576364
-0.949741345872
0.0973537935237
0.342420946329
0.287546648641
-0.154451126893
-0.257156264896
-0.794521722148
0.77256209058
0.734707963193
-0.125149629685
0.183212520739
0.89075148902
1.15959547425
0.0659939853681
0.381760931468
0.451448479971
-0.178582639216
-0.508173322142
0.359590205397
0.44388154581
-0.234173502741
0.415479769298
0.117964643254
-0.983887148804
0.841287047882
-0.52980628501
-0.198774545637
0.737478568758
-0.867461376663
0.126225110574
0.0808843117435
0.985156261581
0.151527263433
-0.657817859552
0.484531465554
-0.767431722549
-0.483587214466
-0.562611411867
-0.245954057287
0.0846119058403
-0.0506717338577
0.741038964509
0.181527202615
1.51982497563
0.109449141637
1.85547147139
-0.604135679346
-0.973883462789
-0.0910613820951
-0.855749218241
-0.512925503052
-0.142798835731
0.336627084643
1.27217437409
0.939817387904
-0.160436558204
0.0925802353138
-0.800580956001
-0.81102312253
-0.844100851865
0.826597719642
0.649230272741
0.0675337533951
-0.64299904389
0.444145703351
-0.623599878319
