4
0
3
2
1
136
-0.542848736503
0.580457378304
0.849557682637
0.672717196038
-0.668900041887
0.455925015278
0.0826784303994
0.457723864406
1.19141570597
0.816808975667
-0.440645668846
-0.495826742225
-0.136346676898
0.467277580505
0.759285873182
-0.0411972268044
0.946928594931
2.32127093523
-0.740387705656
0.212221312962
-0.216102813604
-0.460179939791
0.909867784597
-0.156550966869
0.0515385423327
-0.25181376827
0.795499534018
0.520072348301
0.234814024814
-0.362230262378
-0.566347073663
0.803193724862
0.769903040948
3.33692224885
0.687976356388
-0.00300809703108
-0.822547815143
-0.102343231514
-0.134255287654
1.00080395018
0.903236882566
0.603704028453
0.425713517694
1.03130699191
1.39676945775
-0.277446214214
0.155964379216
0.0535340828235
-0.832406837068
0.0839071443455
0.540292809676
-0.747293380949
0.915711302965
0.85905564699
0.68402816393
0.368573645876
0.878360579484
0.365635327823
1.09503969708
-0.824041870556
-0.782807041318
-0.89900936269
-0.788586556821
0.0578504168152
-0.981171789622
0.0523278619451
-0.675278048589
0.107554994178
0.507509613591
-0.45398576364
-0.949741345872
0.0973537935237
0.342420946329
0.287546648641
-0.154451126893
-0.196260536871
-0.775006099753
0.853356957812
0.734707963193
-0.125149629685
0.244083855963
0.910262029434
1.24035905695
0.0659939853681
0.381760931468
0.451448479971
-0.178582639216
-0.508173322142
0.426155407972
0.44388154581
-0.234173502741
0.63788304647
0.117964643254
-0.983887148804
0.841287047882
-0.52980628501
-0.198774545637
0.737478568758
-0.862668431946
0.129260903105
0.0808843117435
0.985156261581
0.151527263433
-0.657817859552
0.484531465554
-0.767431722549
-0.483587214466
-0.554937773446
-0.198364651468
0.0866684599933
0.013199904041
0.741038964509
0.189197756744
1.56739815661
0.111504832368
1.91932236948
-0.604135679346
-0.973883462789
-0.0910613820951
-0.855749218241
-0.512925503052
-0.0831454841435
0.353310296913
1.28885653759
1.10796385816
-0.160436558204
0.0925802353138
-0.800580956001
-0.81102312253
-0.844100851865
0.826597719642
0.657098671757
0.0675337533951
-0.642043503915
0.444145703351
-0.623599878319
