4
0
3
2
1
136
-0.54515892474
0.48744620809
0.845279065856
0.583659312622
-0.668900041887
0.453615620442
-0.0103111747525
0.453445752415
1.10237898084
0.816808975667
-0.440645668846
-0.495826742225
-0.136346676898
0.467277580505
0.39938934356
-0.0604194941658
0.927707060204
1.18095575482
-0.740387705656
0.212221312962
-0.216102813604
-0.460179939791
0.909867784597
-0.156550966869
-0.00417488899209
-0.359834429909
0.795334917674
0.37740498187
0.0921736593437
-0.504843638262
-0.566347073663
0.803193724862
0.769903040948
2.34140725633
0.687976356388
-0.0815134812072
-0.822547815143
-0.102343231514
-0.276841685317
0.85824451938
0.760704407276
0.603704028453
0.0841109587149
0.936797521688
0.724009856748
-0.277446214214
0.155964379216
-0.287865544808
-0.926902793507
-0.588500577069
0.540292809676
-0.747293380949
0.915711302965
0.85905564699
0.68402816393
0.0943738051189
0.878360579484
0.365635327823
-0.4483286841
-0.824041870556
-0.782807041318
-0.89900936269
-0.788586556821
0.0578504168152
-0.981171789622
-0.0423894673684
-0.796024006247
0.107554994178
0.507509613591
-0.45398576364
-0.949741345872
0.0973537935237
0.342420946329
0.287546648641
-0.154451126893
-0.617049240648
-0.891012906014
0.291327164322
0.734707963193
-0.125149629685
-0.176442901386
0.794313909792
0.678666666834
0.0659939853681
0.381760931468
0.451448479971
-0.178582639216
-0.508173322142
-0.00765098078637
0.44388154581
-0.234173502741
-0.45074527856
0.117964643254
-0.983887148804
0.841287047882
-0.52980628501
-0.198774545637
0.737478568758
-0.888949817382
0.10862407812
0.0808843117435
0.985156261581
0.151527263433
-0.657817859552
0.484531465554
-0.767431722549
-0.483587214466
-0.63451394388
-0.601455816274
0.0673422893058
-0.50383529619
0.741038964509
0.109740682009
1.16481096244
0.0922043592015
1.40287549409
-0.604135679346
-0.973883462789
-0.0910613820951
-0.855749218241
-0.512925503052
-0.557127713468
0.178696264782
1.11430069835
0.184214342514
-0.160436558204
0.0925802353138
-0.800580956001
-0.81102312253
-0.844100851865
0.826597719642
0.605362472726
0.0675337533951
-0.653155140607
0.444145703351
-0.623599878319
