4
0
3
2
1
136
-0.543655475993
0.545247661038
0.847853972514
0.640172041874
-0.668900041887
0.455118368973
0.047471582194
0.456020215127
1.15887315521
0.816808975667
-0.440645668846
-0.495826742225
-0.136346676898
0.467277580505
0.621967742478
-0.0483322407616
0.93979367561
1.84049139721
-0.740387705656
0.212221312962
-0.216102813604
-0.460179939791
0.909867784597
-0.156550966869
0.0305352250451
-0.29615678469
0.795444780092
0.453470536816
0.168219734274
-0.428817033706
-0.566347073663
0.803193724862
0.769903040948
2.92316071748
0.687976356388
-0.0315886262331
-0.822547815143
-0.102343231514
-0.2008345415
0.934232212086
0.836672658491
0.603704028453
0.273857543267
0.976412127535
1.08712368259
-0.277446214214
0.155964379216
-0.0982372018141
-0.887294979048
-0.225587740894
0.540292809676
-0.747293380949
0.915711302965
0.85905564699
0.68402816393
0.251203506766
0.878360579484
0.365635327823
0.242123721864
-0.824041870556
-0.782807041318
-0.89900936269
-0.788586556821
0.0578504168152
-0.981171789622
0.0135897467564
-0.749172959573
0.107554994178
0.507509613591
-0.45398576364
-0.949741345872
0.0973537935237
0.342420946329
0.287546648641
-0.154451126893
-0.39018730005
-0.832137156229
0.594905299498
0.734707963193
-0.125149629685
0.0502648731931
0.853154515778
0.98204402463
0.0659939853681
0.381760931468
0.451448479971
-0.178582639216
-0.508173322142
0.221100801413
0.44388154581
-0.234173502741
0.0409320021716
0.117964643254
-0.983887148804
0.841287047882
-0.52980628501
-0.198774545637
0.737478568758
-0.876551729653
0.119609978584
0.0808843117435
0.985156261581
0.151527263433
-0.657817859552
0.484531465554
-0.767431722549
-0.483587214466
-0.580855336874
-0.349221969189
0.0798137956662
-0.186794212835
0.741038964509
0.163296175843
1.41661993378
0.104654480633
1.71942653185
-0.604135679346
-0.973883462789
-0.0910613820951
-0.855749218241
-0.512925503052
-0.26867152405
0.297217840633
1.23276993223
0.654981745501
-0.160436558204
0.0925802353138
-0.800580956001
-0.81102312253
-0.844100851865
0.826597719642
0.633895874066
0.0675337533951
-0.645388352515
0.444145703351
-0.623599878319
