4
0
3
2
1
136
-0.542888190913
0.57865770905
0.849467563719
0.671084405793
-0.668900041887
0.45588556343
0.0808788443316
0.457633747188
1.1897829888
0.816808975667
-0.440645668846
-0.495826742225
-0.136346676898
0.467277580505
0.752266011233
-0.0415582703536
0.946567554097
2.29522714641
-0.740387705656
0.212221312962
-0.216102813604
-0.460179939791
0.909867784597
-0.156550966869
0.0504741184896
-0.25417200377
0.795496932065
0.516316103215
0.23105806385
-0.365985939262
-0.566347073663
0.803193724862
0.769903040948
3.31464880352
0.687976356388
-0.00443742802757
-0.822547815143
-0.102343231514
-0.138010680501
0.997048841329
0.899482057667
0.603704028453
0.41892618479
1.02784798299
1.38247885529
-0.277446214214
0.155964379216
0.0467489830686
-0.835865569573
0.069620850311
0.540292809676
-0.747293380949
0.915711302965
0.85905564699
0.68402816393
0.363545375896
0.878360579484
0.365635327823
1.04305847582
-0.824041870556
-0.782807041318
-0.89900936269
-0.788586556821
0.0578504168152
-0.981171789622
0.0507581820046
-0.680285129154
0.107554994178
0.507509613591
-0.45398576364
-0.949741345872
0.0973537935237
0.342420946329
0.287546648641
-0.154451126893
-0.205654832696
-0.778166209933
0.840966540508
0.734707963193
-0.125149629685
0.234692737339
0.907102571153
1.22797273473
0.0659939853681
0.381760931468
0.451448479971
-0.178582639216
-0.508173322142
0.415705753237
0.44388154581
-0.234173502741
0.600601151577
0.117964643254
-0.983887148804
0.841287047882
-0.52980628501
-0.198774545637
0.737478568758
-0.863431658129
0.128795354323
0.0808843117435
0.985156261581
0.151527263433
-0.657817859552
0.484531465554
-0.767431722549
-0.483587214466
-0.556104214157
-0.205784227114
0.0863550747406
0.00319869310689
0.741038964509
0.18803171287
1.55998071295
0.111191559123
1.90932391094
-0.604135679346
-0.973883462789
-0.0910613820951
-0.855749218241
-0.512925503052
-0.0925113111964
0.350767148617
1.28631352133
1.07971321803
-0.160436558204
0.0925802353138
-0.800580956001
-0.81102312253
-0.844100851865
0.826597719642
0.655838848588
0.0675337533951
-0.642186746829
0.444145703351
-0.623599878319
