4
0
3
2
1
136
-0.544324844778
0.518355710719
0.846627219367
0.614398976034
-0.668900041887
0.454449188074
0.0205849670124
0.454793582309
1.13310518142
0.816808975667
-0.440645668846
-0.495826742225
-0.136346676898
0.467277580505
0.517641889831
-0.0538916782132
0.93423441738
1.51393240417
-0.740387705656
0.212221312962
-0.216102813604
-0.460179939791
0.909867784597
-0.156550966869
0.0143476091593
-0.32729641479
0.795397034001
0.412950213705
0.127707793983
-0.469320594503
-0.566347073663
0.803193724862
0.769903040948
2.6377181676
0.687976356388
-0.0543300533543
-0.822547815143
-0.102343231514
-0.241329726128
0.893745400306
0.796194216238
0.603704028453
0.164085913902
0.951967981253
0.875558900229
-0.277446214214
0.155964379216
-0.207931554149
-0.911734732827
-0.437022429563
0.540292809676
-0.747293380949
0.915711302965
0.85905564699
0.68402816393
0.161518795824
0.878360579484
0.365635327823
-0.176149521755
-0.824041870556
-0.782807041318
-0.89900936269
-0.788586556821
0.0578504168152
-0.981171789622
-0.0181523413607
-0.778697228527
0.107554994178
0.507509613591
-0.45398576364
-0.949741345872
0.0973537935237
0.342420946329
0.287546648641
-0.154451126893
-0.52118807618
-0.866502400467
0.420149311605
0.734707963193
-0.125149629685
-0.0806384431668
0.818811677454
0.807412481152
0.0659939853681
0.381760931468
0.451448479971
-0.178582639216
-0.508173322142
0.0888295457769
0.44388154581
-0.234173502741
-0.253492304146
0.117964643254
-0.983887148804
0.841287047882
-0.52980628501
-0.198774545637
0.737478568758
-0.884004230582
0.113244670838
0.0808843117435
0.985156261581
0.151527263433
-0.657817859552
0.484531465554
-0.767431722549
-0.483587214466
-0.60473715971
-0.468820662339
0.0738927732781
-0.339765781005
0.741038964509
0.139447316646
1.29716624983
0.0987413153725
1.56662611957
-0.604135679346
-0.973883462789
-0.0910613820951
-0.855749218241
-0.512925503052
-0.408400369482
0.245371588328
1.18093802078
0.406571428163
-0.160436558204
0.0925802353138
-0.800580956001
-0.81102312253
-0.844100851865
0.826597719642
0.618967683432
0.0675337533951
-0.648734200367
0.444145703351
-0.623599878319
