4
0
3
2
1
136
-0.543043376519
0.57165978287
0.849120403727
0.664704856968
-0.668900041887
0.455730389444
0.0738812908658
0.457286594873
1.18340376981
0.816808975667
-0.440645668846
-0.495826742225
-0.136346676898
0.467277580505
0.724963425335
-0.0429657916479
0.945160044985
2.19546257203
-0.740387705656
0.212221312962
-0.216102813604
-0.460179939791
0.909867784597
-0.156550966869
0.0463243985312
-0.263250563558
0.795486620059
0.502057628436
0.216800792447
-0.380242007489
-0.566347073663
0.803193724862
0.769903040948
3.22920371811
0.687976356388
-0.0100269836473
-0.822547815143
-0.102343231514
-0.152265545751
0.982795178857
0.885229597773
0.603704028453
0.391255232386
1.01502861171
1.32455986225
-0.277446214214
0.155964379216
0.0190887678378
-0.848683774101
0.0117221710617
0.540292809676
-0.747293380949
0.915711302965
0.85905564699
0.68402816393
0.342800837827
0.878360579484
0.365635327823
0.849521658121
-0.824041870556
-0.782807041318
-0.89900936269
-0.788586556821
0.0578504168152
-0.981171789622
0.0441911540411
-0.698383980085
0.107554994178
0.507509613591
-0.45398576364
-0.949741345872
0.0973537935237
0.342420946329
0.287546648641
-0.154451126893
-0.243008344135
-0.790173194403
0.791413234938
0.734707963193
-0.125149629685
0.197353956313
0.895098648141
1.17843833529
0.0659939853681
0.381760931468
0.451448479971
-0.178582639216
-0.508173322142
0.374822923756
0.44388154581
-0.234173502741
0.463378256103
0.117964643254
-0.983887148804
0.841287047882
-0.52980628501
-0.198774545637
0.737478568758
-0.866381900503
0.126933060303
0.0808843117435
0.985156261581
0.151527263433
-0.657817859552
0.484531465554
-0.767431722549
-0.483587214466
-0.560803728768
-0.234994696216
0.0850950949312
-0.0360220644739
0.741038964509
0.183334054018
1.53078003203
0.109932099494
1.87011568077
-0.604135679346
-0.973883462789
-0.0910613820951
-0.855749218241
-0.512925503052
-0.129150523945
0.340547933044
1.27609493486
0.975966072821
-0.160436558204
0.0925802353138
-0.800580956001
-0.81102312253
-0.844100851865
0.826597719642
0.650997553183
0.0675337533951
-0.642771179142
0.444145703351
-0.623599878319
