4
0
3
2
1
136
-0.543930608075
0.533955114977
0.847331809856
0.629451833103
-0.668900041887
0.454843297437
0.0361808003769
0.455498091452
1.14815460323
0.816808975667
-0.440645668846
-0.495826742225
-0.136346676898
0.467277580505
0.578053432449
-0.0506543482812
0.937471626996
1.69910432384
-0.740387705656
0.212221312962
-0.216102813604
-0.460179939791
0.909867784597
-0.156550966869
0.0237429555551
-0.309536609121
0.795425396016
0.435337520972
0.15009000179
-0.446943483967
-0.566347073663
0.803193724862
0.769903040948
2.80012082029
0.687976356388
-0.0410388211248
-0.822547815143
-0.102343231514
-0.218957710676
0.91611232286
0.818556048079
0.603704028453
0.223980164187
0.964516092603
0.990127947158
-0.277446214214
0.155964379216
-0.148077893186
-0.899188884089
-0.32252168077
0.540292809676
-0.747293380949
0.915711302965
0.85905564699
0.68402816393
0.210863924497
0.878360579484
0.365635327823
0.0422472506204
-0.824041870556
-0.782807041318
-0.89900936269
-0.788586556821
0.0578504168152
-0.981171789622
-0.000542080165662
-0.763796169296
0.107554994178
0.507509613591
-0.45398576364
-0.949741345872
0.0973537935237
0.342420946329
0.287546648641
-0.154451126893
-0.449902273303
-0.847973472748
0.515292731552
0.734707963193
-0.125149629685
-0.00940477962816
0.837328609142
0.902488773331
0.0659939853681
0.381760931468
0.451448479971
-0.178582639216
-0.508173322142
0.160593034339
0.44388154581
-0.234173502741
-0.0986978623323
0.117964643254
-0.983887148804
0.841287047882
-0.52980628501
-0.198774545637
0.737478568758
-0.880087604761
0.116693079453
0.0808843117435
0.985156261581
0.151527263433
-0.657817859552
0.484531465554
-0.767431722549
-0.483587214466
-0.590499985142
-0.399317462238
0.0773620223254
-0.251490069583
0.741038964509
0.153662369582
1.3665739036
0.102205430027
1.65478988774
-0.604135679346
-0.973883462789
-0.0910613820951
-0.855749218241
-0.512925503052
-0.327951880522
0.276373752145
1.21193027085
0.543175423497
-0.160436558204
0.0925802353138
-0.800580956001
-0.81102312253
-0.844100851865
0.826597719642
0.627293761586
0.0675337533951
-0.646712471267
0.444145703351
-0.623599878319
