4
0
3
2
1
136
-0.543449383181
0.553936145566
0.848263288713
0.648323885433
-0.668900041887
0.455324427973
0.0561590538669
0.456429509413
1.16702406394
0.816808975667
-0.440645668846
-0.495826742225
-0.136346676898
0.467277580505
0.655821585871
-0.0465571743263
0.941568708439
1.95350092354
-0.740387705656
0.212221312962
-0.216102813604
-0.460179939791
0.909867784597
-0.156550966869
0.0357476991145
-0.285575599572
0.795459070005
0.468514111664
0.18326106121
-0.413777954033
-0.566347073663
0.803193724862
0.769903040948
3.02099226078
0.687976356388
-0.0244131926431
-0.822547815143
-0.102343231514
-0.185797708443
0.949266799176
0.851705000261
0.603704028453
0.313663229941
0.987392477844
1.16605022923
-0.277446214214
0.155964379216
-0.0584596130964
-0.876316423685
-0.146709360812
0.540292809676
-0.747293380949
0.915711302965
0.85905564699
0.68402816393
0.282833942916
0.878360579484
0.365635327823
0.42044268822
-0.824041870556
-0.782807041318
-0.89900936269
-0.788586556821
0.0578504168152
-0.981171789622
0.0244253092804
-0.735252708812
0.107554994178
0.507509613591
-0.45398576364
-0.949741345872
0.0973537935237
0.342420946329
0.287546648641
-0.154451126893
-0.341730303541
-0.81893829859
0.659586380158
0.734707963193
-0.125149629685
0.0986874158591
0.866345588712
1.04668171963
0.0659939853681
0.381760931468
0.451448479971
-0.178582639216
-0.508173322142
0.270763831641
0.44388154581
-0.234173502741
0.164630524721
0.117964643254
-0.983887148804
0.841287047882
-0.52980628501
-0.198774545637
0.737478568758
-0.873454966796
0.122002976966
0.0808843117435
0.985156261581
0.151527263433
-0.657817859552
0.484531465554
-0.767431722549
-0.483587214466
-0.573861386381
-0.311084061456
0.0816327123576
-0.136942960545
0.741038964509
0.170284118096
1.45472928176
0.106471821269
1.76924297712
-0.604135679346
-0.973883462789
-0.0910613820951
-0.855749218241
-0.512925503052
-0.222766241138
0.312307753157
1.24785753605
0.750142149056
-0.160436558204
0.0925802353138
-0.800580956001
-0.81102312253
-0.844100851865
0.826597719642
0.639283078467
0.0675337533951
-0.644453736001
0.444145703351
-0.623599878319
