4
0
3
2
1
136
-0.542928401432
0.576832176308
0.849376503591
0.669424886681
-0.668900041887
0.455845355679
0.0790534009938
0.457542688893
1.18812354846
0.816808975667
-0.440645668846
-0.495826742225
-0.136346676898
0.467277580505
0.745144455834
-0.0419248896661
0.946200937699
2.26897090601
-0.740387705656
0.212221312962
-0.216102813604
-0.460179939791
0.909867784597
-0.156550966869
0.0493932141722
-0.256554364199
0.795494271958
0.512542932725
0.227285192012
-0.369758512494
-0.566347073663
0.803193724862
0.769903040948
3.29218067799
0.687976356388
-0.00589069282346
-0.822547815143
-0.102343231514
-0.141782955173
0.99327686517
0.895710379975
0.603704028453
0.411901993914
1.02440538946
1.36772098256
-0.277446214214
0.155964379216
0.0397272673157
-0.839307872748
0.0548677164859
0.540292809676
-0.747293380949
0.915711302965
0.85905564699
0.68402816393
0.358315910271
0.878360579484
0.365635327823
0.991251661633
-0.824041870556
-0.782807041318
-0.89900936269
-0.788586556821
0.0578504168152
-0.981171789622
0.0491165013367
-0.685214761114
0.107554994178
0.507509613591
-0.45398576364
-0.949741345872
0.0973537935237
0.342420946329
0.287546648641
-0.154451126893
-0.215275510095
-0.78133993645
0.828242892056
0.734707963193
-0.125149629685
0.225075528858
0.903929559691
1.21525355045
0.0659939853681
0.381760931468
0.451448479971
-0.178582639216
-0.508173322142
0.405077165012
0.44388154581
-0.234173502741
0.563637513919
0.117964643254
-0.983887148804
0.841287047882
-0.52980628501
-0.198774545637
0.737478568758
-0.864204794759
0.128317162363
0.0808843117435
0.985156261581
0.151527263433
-0.657817859552
0.484531465554
-0.767431722549
-0.483587214466
-0.55730505717
-0.213350577871
0.0860326794709
-0.00698436582913
0.741038964509
0.186831303992
1.55241667752
0.110869286074
1.89914383079
-0.604135679346
-0.973883462789
-0.0910613820951
-0.855749218241
-0.512925503052
-0.102037932834
0.348151940503
1.28369845871
1.05173299736
-0.160436558204
0.0925802353138
-0.800580956001
-0.81102312253
-0.844100851865
0.826597719642
0.654566622693
0.0675337533951
-0.642334975727
0.444145703351
-0.623599878319
