4
0
3
2
1
136
-0.543842705872
0.537525740727
0.847495759099
0.632857109094
-0.668900041887
0.454931178126
0.039750805403
0.455662026873
1.1515592927
0.816808975667
-0.440645668846
-0.495826742225
-0.136346676898
0.467277580505
0.591925683157
-0.0499182307456
0.938207723758
1.74314040471
-0.740387705656
0.212221312962
-0.216102813604
-0.460179939791
0.909867784597
-0.156550966869
0.0258921988963
-0.305352430698
0.795431626512
0.440896288299
0.155647689332
-0.441386875811
-0.566347073663
0.803193724862
0.769903040948
2.83852521141
0.687976356388
-0.0380353827125
-0.822547815143
-0.102343231514
-0.213402181508
0.921666773437
0.824109420464
0.603704028453
0.239324069538
0.968001108262
1.01977579634
-0.277446214214
0.155964379216
-0.132745207312
-0.895704503889
-0.292892662044
0.540292809676
-0.747293380949
0.915711302965
0.85905564699
0.68402816393
0.223351874329
0.878360579484
0.365635327823
0.10154927954
-0.824041870556
-0.782807041318
-0.89900936269
-0.788586556821
0.0578504168152
-0.981171789622
0.00386421924381
-0.759562113166
0.107554994178
0.507509613591
-0.45398576364
-0.949741345872
0.0973537935237
0.342420946329
0.287546648641
-0.154451126893
-0.431603475849
-0.843158540898
0.539685064723
0.734707963193
-0.125149629685
0.00888004334737
0.842140320041
0.926863370003
0.0659939853681
0.381760931468
0.451448479971
-0.178582639216
-0.508173322142
0.179077651561
0.44388154581
-0.234173502741
-0.0571079373385
0.117964643254
-0.983887148804
0.841287047882
-0.52980628501
-0.198774545637
0.737478568758
-0.879032933233
0.117583493935
0.0808843117435
0.985156261581
0.151527263433
-0.657817859552
0.484531465554
-0.767431722549
-0.483587214466
-0.587385183972
-0.383430995667
0.0781458259457
-0.231071077303
0.741038964509
0.156773323777
1.3824430732
0.102988284518
1.67518830029
-0.604135679346
-0.973883462789
-0.0910613820951
-0.855749218241
-0.512925503052
-0.309275246015
0.283114213866
1.21866912609
0.577223679399
-0.160436558204
0.0925802353138
-0.800580956001
-0.81102312253
-0.844100851865
0.826597719642
0.629330628562
0.0675337533951
-0.646280550207
0.444145703351
-0.623599878319
