4
0
3
2
1
136
-0.543231270773
0.563354706201
0.848714931528
0.657069508347
-0.668900041887
0.455542513087
0.0655767767447
0.456881134426
1.17576892521
0.816808975667
-0.440645668846
-0.495826742225
-0.136346676898
0.467277580505
0.69255757478
-0.0446438422461
0.943482012862
2.08017037708
-0.740387705656
0.212221312962
-0.216102813604
-0.460179939791
0.909867784597
-0.156550966869
0.0413791187931
-0.273833047796
0.795473971406
0.485871590318
0.200616393996
-0.396424766598
-0.566347073663
0.803193724862
0.769903040948
3.13018422915
0.687976356388
-0.0167267711153
-0.822547815143
-0.102343231514
-0.168446665842
0.966615697457
0.86905175474
0.603704028453
0.355991737747
1.0011971294
1.2517478047
-0.277446214214
0.155964379216
-0.0161572145715
-0.862513697007
-0.0610578511911
0.540292809676
-0.747293380949
0.915711302965
0.85905564699
0.68402816393
0.315849385565
0.878360579484
0.365635327823
0.637580138508
-0.824041870556
-0.782807041318
-0.89900936269
-0.788586556821
0.0578504168152
-0.981171789622
0.0354455179511
-0.717176635275
0.107554994178
0.507509613591
-0.45398576364
-0.949741345872
0.0973537935237
0.342420946329
0.287546648641
-0.154451126893
-0.288782498513
-0.803927356071
0.730339231033
0.734707963193
-0.125149629685
0.151602604783
0.881349351512
1.11739336467
0.0659939853681
0.381760931468
0.451448479971
-0.178582639216
-0.508173322142
0.325968793991
0.44388154581
-0.234173502741
0.315238256909
0.117964643254
-0.983887148804
0.841287047882
-0.52980628501
-0.198774545637
0.737478568758
-0.869794861257
0.124642147196
0.0808843117435
0.985156261581
0.151527263433
-0.657817859552
0.484531465554
-0.767431722549
-0.483587214466
-0.566717549545
-0.270316347083
0.0835183322192
-0.0831037171164
0.741038964509
0.177423221294
1.49547365661
0.108356162247
1.82305329011
-0.604135679346
-0.973883462789
-0.0910613820951
-0.855749218241
-0.512925503052
-0.17294200801
0.327737287903
1.26328533759
0.864190753734
-0.160436558204
0.0925802353138
-0.800580956001
-0.81102312253
-0.844100851865
0.826597719642
0.645398161015
0.0675337533951
-0.643522791121
0.444145703351
-0.623599878319
