4
0
3
2
1
136
-0.542860808328
0.579905841108
0.849530027257
0.672217139985
-0.668900041887
0.455912944221
0.0821269181903
0.457696209537
1.19091567184
0.816808975667
-0.440645668846
-0.495826742225
-0.136346676898
0.467277580505
0.757134617996
-0.0413078341874
0.946817988363
2.31327256916
-0.740387705656
0.212221312962
-0.216102813604
-0.460179939791
0.909867784597
-0.156550966869
0.0512124574594
-0.252537499694
0.795498738759
0.518917351451
0.233659113962
-0.363385087246
-0.566347073663
0.803193724862
0.769903040948
3.33008313476
0.687976356388
-0.00344578604777
-0.822547815143
-0.102343231514
-0.13541002655
0.999649297244
0.902082315576
0.603704028453
0.423647989652
1.03024016655
1.39241758047
-0.277446214214
0.155964379216
0.0514692180573
-0.833473578753
0.079556550117
0.540292809676
-0.747293380949
0.915711302965
0.85905564699
0.68402816393
0.36704607128
0.878360579484
0.365635327823
1.07901359683
-0.824041870556
-0.782807041318
-0.89900936269
-0.788586556821
0.0578504168152
-0.981171789622
0.0518519157326
-0.676828201532
0.107554994178
0.507509613591
-0.45398576364
-0.949741345872
0.0973537935237
0.342420946329
0.287546648641
-0.154451126893
-0.199129931811
-0.775977977814
0.849576270754
0.734707963193
-0.125149629685
0.241215409776
0.909290345747
1.23657959335
0.0659939853681
0.381760931468
0.451448479971
-0.178582639216
-0.508173322142
0.422956028157
0.44388154581
-0.234173502741
0.626367236548
0.117964643254
-0.983887148804
0.841287047882
-0.52980628501
-0.198774545637
0.737478568758
-0.862902393977
0.129118867567
0.0808843117435
0.985156261581
0.151527263433
-0.657817859552
0.484531465554
-0.767431722549
-0.483587214466
-0.555293411546
-0.200634227956
0.0865728900795
0.0101389972846
0.741038964509
0.188842237092
1.56512921811
0.111409295915
1.91626228736
-0.604135679346
-0.973883462789
-0.0910613820951
-0.855749218241
-0.512925503052
-0.0860129063681
0.352534603562
1.28808088355
1.09923437419
-0.160436558204
0.0925802353138
-0.800580956001
-0.81102312253
-0.844100851865
0.826597719642
0.656712016648
0.0675337533951
-0.642087099862
0.444145703351
-0.623599878319
