4
0
3
2
1
136
-0.543476694143
0.552773157808
0.848208102156
0.647237468961
-0.668900041887
0.455297121005
0.0549961870406
0.456374325452
1.16593775836
0.816808975667
-0.440645668846
-0.495826742225
-0.136346676898
0.467277580505
0.651287707472
-0.046794207023
0.941331679743
1.93816061227
-0.740387705656
0.212221312962
-0.216102813604
-0.460179939791
0.909867784597
-0.156550966869
0.035050866426
-0.287006072953
0.795457187914
0.46644606792
0.181193303602
-0.415845425582
-0.566347073663
0.803193724862
0.769903040948
3.00773659115
0.687976356388
-0.025368899148
-0.822547815143
-0.102343231514
-0.187864894009
0.947199899515
0.84963838643
0.603704028453
0.308338409301
0.985826406586
1.15540246008
-0.277446214214
0.155964379216
-0.0637808295226
-0.877882252412
-0.157350885869
0.540292809676
-0.747293380949
0.915711302965
0.85905564699
0.68402816393
0.278633952946
0.878360579484
0.365635327823
0.395345138599
-0.824041870556
-0.782807041318
-0.89900936269
-0.788586556821
0.0578504168152
-0.981171789622
0.0230011246983
-0.737262669391
0.107554994178
0.507509613591
-0.45398576364
-0.949741345872
0.0973537935237
0.342420946329
0.287546648641
-0.154451126893
-0.348273935474
-0.820745264711
0.650846299103
0.734707963193
-0.125149629685
0.092148220578
0.864539615343
1.03794722762
0.0659939853681
0.381760931468
0.451448479971
-0.178582639216
-0.508173322142
0.264016942099
0.44388154581
-0.234173502741
0.147241360715
0.117964643254
-0.983887148804
0.841287047882
-0.52980628501
-0.198774545637
0.737478568758
-0.873886601782
0.121678437183
0.0808843117435
0.985156261581
0.151527263433
-0.657817859552
0.484531465554
-0.767431722549
-0.483587214466
-0.574775327991
-0.316162543415
0.0813933466753
-0.143610463112
0.741038964509
0.169370880368
1.44965419998
0.106232642881
1.76257964888
-0.604135679346
-0.973883462789
-0.0910613820951
-0.855749218241
-0.512925503052
-0.228918327717
0.310335696718
1.24588574413
0.736884880075
-0.160436558204
0.0925802353138
-0.800580956001
-0.81102312253
-0.844100851865
0.826597719642
0.638547260189
0.0675337533951
-0.644574590684
0.444145703351
-0.623599878319
