4
0
3
2
1
136
-0.542859996445
0.579942909597
0.849531884932
0.672250757822
-0.668900041887
0.455913756052
0.0821639849875
0.457698067176
1.19094928819
0.816808975667
-0.440645668846
-0.495826742225
-0.136346676898
0.467277580505
0.757279205266
-0.0413003992196
0.946825423275
2.3138096683
-0.740387705656
0.212221312962
-0.216102813604
-0.460179939791
0.909867784597
-0.156550966869
0.0512343769048
-0.252488886151
0.795498792267
0.518994872058
0.233736628759
-0.363307578257
-0.566347073663
0.803193724862
0.769903040948
3.33054242548
0.687976356388
-0.00341635948098
-0.822547815143
-0.102343231514
-0.135332523369
0.999726794618
0.902159807144
0.603704028453
0.42378721645
1.03031168154
1.39271083999
-0.277446214214
0.155964379216
0.0516083997003
-0.833402069417
0.0798497223832
0.540292809676
-0.747293380949
0.915711302965
0.85905564699
0.68402816393
0.367149110327
0.878360579484
0.365635327823
1.08008805536
-0.824041870556
-0.782807041318
-0.89900936269
-0.788586556821
0.0578504168152
-0.981171789622
0.0518840448161
-0.676724451552
0.107554994178
0.507509613591
-0.45398576364
-0.949741345872
0.0973537935237
0.342420946329
0.287546648641
-0.154451126893
-0.198936813149
-0.775912754215
0.849830831647
0.734707963193
-0.125149629685
0.241408463989
0.909355556135
1.23683407115
0.0659939853681
0.381760931468
0.451448479971
-0.178582639216
-0.508173322142
0.423171142953
0.44388154581
-0.234173502741
0.62713869343
0.117964643254
-0.983887148804
0.841287047882
-0.52980628501
-0.198774545637
0.737478568758
-0.862886670582
0.129128431626
0.0808843117435
0.985156261581
0.151527263433
-0.657817859552
0.484531465554
-0.767431722549
-0.483587214466
-0.555269458437
-0.200481571653
0.0865793263884
0.0103448350958
0.741038964509
0.188866182155
1.56528183111
0.111415729951
1.91646806923
-0.604135679346
-0.973883462789
-0.0910613820951
-0.855749218241
-0.512925503052
-0.0858201068412
0.352586839825
1.28813311714
1.09981907865
-0.160436558204
0.0925802353138
-0.800580956001
-0.81102312253
-0.844100851865
0.826597719642
0.656737988296
0.0675337533951
-0.642084161423
0.444145703351
-0.623599878319
