4
0
3
2
1
136
-0.543234100262
0.563231013318
0.848708944659
0.656955255039
-0.668900041887
0.455539683904
0.0654530933786
0.456875147758
1.17565468049
0.816808975667
-0.440645668846
-0.495826742225
-0.136346676898
0.467277580505
0.692074978254
-0.044668898138
0.943456957283
2.07847874461
-0.740387705656
0.212221312962
-0.216102813604
-0.460179939791
0.909867784597
-0.156550966869
0.041305311974
-0.273989059887
0.795473779585
0.485636687358
0.200381517236
-0.396659617165
-0.566347073663
0.803193724862
0.769903040948
3.12872891882
0.687976356388
-0.0168271038124
-0.822547815143
-0.102343231514
-0.168681490222
0.96638089926
0.868816982719
0.603704028453
0.35544929735
1.00100282821
1.25063760768
-0.277446214214
0.155964379216
-0.0166993532704
-0.862707973757
-0.062167505765
0.540292809676
-0.747293380949
0.915711302965
0.85905564699
0.68402816393
0.315430680126
0.878360579484
0.365635327823
0.634568688705
-0.824041870556
-0.782807041318
-0.89900936269
-0.788586556821
0.0578504168152
-0.981171789622
0.0353078094914
-0.717435621356
0.107554994178
0.507509613591
-0.45398576364
-0.949741345872
0.0973537935237
0.342420946329
0.287546648641
-0.154451126893
-0.289473286849
-0.804128549131
0.729416248829
0.734707963193
-0.125149629685
0.150912200552
0.881148241608
1.11647086953
0.0659939853681
0.381760931468
0.451448479971
-0.178582639216
-0.508173322142
0.325240459277
0.44388154581
-0.234173502741
0.313144272913
0.117964643254
-0.983887148804
0.841287047882
-0.52980628501
-0.198774545637
0.737478568758
-0.869844589627
0.124607598749
0.0808843117435
0.985156261581
0.151527263433
-0.657817859552
0.484531465554
-0.767431722549
-0.483587214466
-0.566808371843
-0.27084718494
0.0834942147564
-0.0838082863749
0.741038964509
0.177332451099
1.49494308082
0.108332059049
1.82234904875
-0.604135679346
-0.973883462789
-0.0910613820951
-0.855749218241
-0.512925503052
-0.17359575824
0.327540876673
1.26308894497
0.862610288408
-0.160436558204
0.0925802353138
-0.800580956001
-0.81102312253
-0.844100851865
0.826597719642
0.645316145082
0.0675337533951
-0.643534470909
0.444145703351
-0.623599878319
