4
0
3
2
1
136
-0.542829108624
0.581355826514
0.849602803311
0.673531143349
-0.668900041887
0.455944641936
0.0835768388405
0.45776898427
1.19222961842
0.816808975667
-0.440645668846
-0.495826742225
-0.136346676898
0.467277580505
0.762790054916
-0.0410171243171
0.947108696122
2.33433204558
-0.740387705656
0.212221312962
-0.216102813604
-0.460179939791
0.909867784597
-0.156550966869
0.0520694924987
-0.250632906034
0.79550082543
0.521961054033
0.236702592479
-0.360341832761
-0.566347073663
0.803193724862
0.769903040948
3.34808784392
0.687976356388
-0.00229577146063
-0.822547815143
-0.102343231514
-0.132366996066
1.00269210376
0.905124898157
0.603704028453
0.429050619953
1.03305740951
1.40380551445
-0.277446214214
0.155964379216
0.0568701433356
-0.830656553801
0.0909411798599
0.540292809676
-0.747293380949
0.915711302965
0.85905564699
0.68402816393
0.371036675543
0.878360579484
0.365635327823
1.121326547
-0.824041870556
-0.782807041318
-0.89900936269
-0.788586556821
0.0578504168152
-0.981171789622
0.0530935778163
-0.672723071003
0.107554994178
0.507509613591
-0.45398576364
-0.949741345872
0.0973537935237
0.342420946329
0.287546648641
-0.154451126893
-0.191604745759
-0.773416287029
0.859483688131
0.734707963193
-0.125149629685
0.24873814767
0.911851535453
1.24648385269
0.0659939853681
0.381760931468
0.451448479971
-0.178582639216
-0.508173322142
0.431361197113
0.44388154581
-0.234173502741
0.656815079002
0.117964643254
-0.983887148804
0.841287047882
-0.52980628501
-0.198774545637
0.737478568758
-0.862287282108
0.129491036219
0.0808843117435
0.985156261581
0.151527263433
-0.657817859552
0.484531465554
-0.767431722549
-0.483587214466
-0.554361919713
-0.194675776139
0.0868232440566
0.0181780193209
0.741038964509
0.189773423333
1.57108602099
0.111659563514
1.92429917627
-0.604135679346
-0.973883462789
-0.0910613820951
-0.855749218241
-0.512925503052
-0.0784802116754
0.354566898969
1.29011307772
1.12232175765
-0.160436558204
0.0925802353138
-0.800580956001
-0.81102312253
-0.844100851865
0.826597719642
0.657729540332
0.0675337533951
-0.641973057885
0.444145703351
-0.623599878319
