4
0
3
2
1
136
-0.543224246793
0.563661937903
0.848729808388
0.657353225221
-0.668900041887
0.455549536313
0.0658839849556
0.456896010792
1.1760526209
0.816808975667
-0.440645668846
-0.495826742225
-0.136346676898
0.467277580505
0.693756271618
-0.0445816159039
0.943544238432
2.08437533554
-0.740387705656
0.212221312962
-0.216102813604
-0.460179939791
0.909867784597
-0.156550966869
0.0415624236198
-0.273445335891
0.795474447413
0.486455839744
0.201200578576
-0.39584064685
-0.566347073663
0.803193724862
0.769903040948
3.1338014303
0.687976356388
-0.0164776320895
-0.822547815143
-0.102343231514
-0.167862610913
0.967199687582
0.869635680075
0.603704028453
0.357337118374
1.00168123738
1.25450268665
-0.277446214214
0.155964379216
-0.0148125781766
-0.862029649591
-0.0583043085523
0.540292809676
-0.747293380949
0.915711302965
0.85905564699
0.68402816393
0.316887357813
0.878360579484
0.365635327823
0.645078457172
-0.824041870556
-0.782807041318
-0.89900936269
-0.788586556821
0.0578504168152
-0.981171789622
0.0357866607717
-0.716530780227
0.107554994178
0.507509613591
-0.45398576364
-0.949741345872
0.0973537935237
0.342420946329
0.287546648641
-0.154451126893
-0.287067607169
-0.803427174199
0.732630465074
0.734707963193
-0.125149629685
0.153316547613
0.881849328198
1.1196833957
0.0659939853681
0.381760931468
0.451448479971
-0.178582639216
-0.508173322142
0.327777940283
0.44388154581
-0.234173502741
0.320453149623
0.117964643254
-0.983887148804
0.841287047882
-0.52980628501
-0.198774545637
0.737478568758
-0.869671180478
0.124727922685
0.0808843117435
0.985156261581
0.151527263433
-0.657817859552
0.484531465554
-0.767431722549
-0.483587214466
-0.566492309841
-0.26899840611
0.0835781578792
-0.081354050365
0.741038964509
0.177648332631
1.49679095137
0.108415952743
1.82480214797
-0.604135679346
-0.973883462789
-0.0910613820951
-0.855749218241
-0.512925503052
-0.171318340264
0.328224425011
1.26377242889
0.868126504007
-0.160436558204
0.0925802353138
-0.800580956001
-0.81102312253
-0.844100851865
0.826597719642
0.645602060051
0.0675337533951
-0.643493842807
0.444145703351
-0.623599878319
