4
0
3
2
1
136
-0.54351545347
0.551128802469
0.848130286167
0.6456988962
-0.668900041887
0.455258367589
0.0533520100027
0.4562965133
1.16439934946
0.816808975667
-0.440645668846
-0.495826742225
-0.136346676898
0.467277580505
0.644878353551
-0.0471296455146
0.940996247161
1.91658354349
-0.740387705656
0.212221312962
-0.216102813604
-0.460179939791
0.909867784597
-0.156550966869
0.0340651171309
-0.289021220128
0.795454510765
0.463550606366
0.178298254479
-0.418740062387
-0.566347073663
0.803193724862
0.769903040948
2.98907916428
0.687976356388
-0.0267226752107
-0.822547815143
-0.102343231514
-0.190759118611
0.944306087005
0.846744985898
0.603704028453
0.300795541472
0.98366344444
1.14036837991
-0.277446214214
0.155964379216
-0.0713184952665
-0.880044871822
-0.172375992446
0.540292809676
-0.747293380949
0.915711302965
0.85905564699
0.68402816393
0.272667547749
0.878360579484
0.365635327823
0.360505666417
-0.824041870556
-0.782807041318
-0.89900936269
-0.788586556821
0.0578504168152
-0.981171789622
0.0209699341174
-0.740025257864
0.107554994178
0.507509613591
-0.45398576364
-0.949741345872
0.0973537935237
0.342420946329
0.287546648641
-0.154451126893
-0.357507017903
-0.82328047894
0.638516866216
0.734707963193
-0.125149629685
0.0829215271381
0.862005836345
1.02562584019
0.0659939853681
0.381760931468
0.451448479971
-0.178582639216
-0.508173322142
0.254520585915
0.44388154581
-0.234173502741
0.123096414505
0.117964643254
-0.983887148804
0.841287047882
-0.52980628501
-0.198774545637
0.737478568758
-0.874488263619
0.121221229452
0.0808843117435
0.985156261581
0.151527263433
-0.657817859552
0.484531465554
-0.767431722549
-0.483587214466
-0.576079364825
-0.323357894657
0.0810526401336
-0.153041930093
0.741038964509
0.168067888922
1.4424638698
0.105892213177
1.75315432994
-0.604135679346
-0.973883462789
-0.0910613820951
-0.855749218241
-0.512925503052
-0.237614077065
0.307522221932
1.24307266523
0.718425229531
-0.160436558204
0.0925802353138
-0.800580956001
-0.81102312253
-0.844100851865
0.826597719642
0.637514492601
0.0675337533951
-0.644747702636
0.444145703351
-0.623599878319
