4
0
3
2
1
136
-0.544472879331
0.512667664918
0.846374698738
0.608836383943
-0.668900041887
0.454301216977
0.0148986498063
0.454541102008
1.12754428321
0.816808975667
-0.440645668846
-0.495826742225
-0.136346676898
0.467277580505
0.495712925785
-0.0550811638406
0.933044990419
1.44930840602
-0.740387705656
0.212221312962
-0.216102813604
-0.460179939791
0.909867784597
-0.156550966869
0.0109241663624
-0.333555270471
0.795386212901
0.405548624743
0.120308186665
-0.476718221157
-0.566347073663
0.803193724862
0.769903040948
2.58066325356
0.687976356388
-0.0592464741047
-0.822547815143
-0.102343231514
-0.248725373098
0.88635173204
0.788802525698
0.603704028453
0.145593340564
0.948342399684
0.840436997191
-0.277446214214
0.155964379216
-0.226413151374
-0.915359694438
-0.472125646783
0.540292809676
-0.747293380949
0.915711302965
0.85905564699
0.68402816393
0.146108727762
0.878360579484
0.365635327823
-0.240519858911
-0.824041870556
-0.782807041318
-0.89900936269
-0.788586556821
0.0578504168152
-0.981171789622
-0.0236973803531
-0.782904002317
0.107554994178
0.507509613591
-0.45398576364
-0.949741345872
0.0973537935237
0.342420946329
0.287546648641
-0.154451126893
-0.54324751963
-0.872177976567
0.390622453182
0.734707963193
-0.125149629685
-0.102683190613
0.813139449532
0.77790495618
0.0659939853681
0.381760931468
0.451448479971
-0.178582639216
-0.508173322142
0.0666502051922
0.44388154581
-0.234173502741
-0.299685471037
0.117964643254
-0.983887148804
0.841287047882
-0.52980628501
-0.198774545637
0.737478568758
-0.885167498657
0.112181380687
0.0808843117435
0.985156261581
0.151527263433
-0.657817859552
0.484531465554
-0.767431722549
-0.483587214466
-0.610138028613
-0.494007898765
0.0726307928077
-0.371343067426
0.741038964509
0.134056860805
1.2720222634
0.0974815816734
1.5350987984
-0.604135679346
-0.973883462789
-0.0910613820951
-0.855749218241
-0.512925503052
-0.437083959304
0.233494894143
1.1690663584
0.361128948449
-0.160436558204
0.0925802353138
-0.800580956001
-0.81102312253
-0.844100851865
0.826597719642
0.616170254263
0.0675337533951
-0.649519371831
0.444145703351
-0.623599878319
