4
0
3
2
1
136
-0.543126629976
0.567957595227
0.848938795703
0.661309917782
-0.668900041887
0.45564714335
0.0701793361829
0.457104991694
1.18000903852
0.816808975667
-0.440645668846
-0.495826742225
-0.136346676898
0.467277580505
0.710517378952
-0.04371278936
0.944413054913
2.14365167029
-0.740387705656
0.212221312962
-0.216102813604
-0.460179939791
0.909867784597
-0.156550966869
0.0441225040328
-0.267993975197
0.795481037424
0.494742157296
0.209486023323
-0.387556074728
-0.566347073663
0.803193724862
0.769903040948
3.18474488249
0.687976356388
-0.0130046400919
-0.822547815143
-0.102343231514
-0.159578911238
0.975482514991
0.877917635396
0.603704028453
0.375834265919
1.00867279226
1.29256761373
-0.277446214214
0.155964379216
0.00367493987432
-0.85503891972
-0.0202568780329
0.540292809676
-0.747293380949
0.915711302965
0.85905564699
0.68402816393
0.33108151271
0.878360579484
0.365635327823
0.752668776319
-0.824041870556
-0.782807041318
-0.89900936269
-0.788586556821
0.0578504168152
-0.981171789622
0.0404173373386
-0.707108744328
0.107554994178
0.507509613591
-0.45398576364
-0.949741345872
0.0973537935237
0.342420946329
0.287546648641
-0.154451126893
-0.263248413213
-0.796365444437
0.764435855631
0.734707963193
-0.125149629685
0.177123320642
0.888908392997
1.15147299756
0.0659939853681
0.381760931468
0.451448479971
-0.178582639216
-0.508173322142
0.35306937096
0.44388154581
-0.234173502741
0.395467120206
0.117964643254
-0.983887148804
0.841287047882
-0.52980628501
-0.198774545637
0.737478568758
-0.867919485719
0.125920120847
0.0808843117435
0.985156261581
0.151527263433
-0.657817859552
0.484531465554
-0.767431722549
-0.483587214466
-0.563395014914
-0.25065932621
0.0844027593186
-0.0569500864617
0.741038964509
0.180743981807
1.51512167042
0.109240101003
1.84919560072
-0.604135679346
-0.973883462789
-0.0910613820951
-0.855749218241
-0.512925503052
-0.148641838892
0.334928938009
1.27047636073
0.92471925551
-0.160436558204
0.0925802353138
-0.800580956001
-0.81102312253
-0.844100851865
0.826597719642
0.648479770065
0.0675337533951
-0.643098338599
0.444145703351
-0.623599878319
