4
0
3
2
1
136
-0.54283688768
0.580999496537
0.849584897728
0.673208421533
-0.668900041887
0.45593686336
0.0832205244974
0.457751079005
1.19190691031
0.816808975667
-0.440645668846
-0.495826742225
-0.136346676898
0.467277580505
0.761400304337
-0.0410885428286
0.94703727812
2.3291472065
-0.740387705656
0.212221312962
-0.216102813604
-0.460179939791
0.909867784597
-0.156550966869
0.05185895
-0.25110152625
0.795500313849
0.521210912011
0.235952504916
-0.361091865872
-0.566347073663
0.803193724862
0.769903040948
3.34365582961
0.687976356388
-0.002578185517
-0.822547815143
-0.102343231514
-0.133116974731
1.00194217953
0.904375028357
0.603704028453
0.427731203895
1.0323613329
1.4010228843
-0.277446214214
0.155964379216
0.0555511347736
-0.831352577429
0.0881593412127
0.540292809676
-0.747293380949
0.915711302965
0.85905564699
0.68402816393
0.370063583313
0.878360579484
0.365635327823
1.11087429025
-0.824041870556
-0.782807041318
-0.89900936269
-0.788586556821
0.0578504168152
-0.981171789622
0.0527913086603
-0.673740818366
0.107554994178
0.507509613591
-0.45398576364
-0.949741345872
0.0973537935237
0.342420946329
0.287546648641
-0.154451126893
-0.193448518504
-0.774047810667
0.857058567708
0.734707963193
-0.125149629685
0.24689496283
0.911220132003
1.24405949095
0.0659939853681
0.381760931468
0.451448479971
-0.178582639216
-0.508173322142
0.429297441927
0.44388154581
-0.234173502741
0.649280748161
0.117964643254
-0.983887148804
0.841287047882
-0.52980628501
-0.198774545637
0.737478568758
-0.862438447581
0.129399949931
0.0808843117435
0.985156261581
0.151527263433
-0.657817859552
0.484531465554
-0.767431722549
-0.483587214466
-0.554589791084
-0.196137574726
0.0867619892685
0.0162048814541
0.741038964509
0.189545625335
1.5696246192
0.11159832948
1.92232655225
-0.604135679346
-0.973883462789
-0.0910613820951
-0.855749218241
-0.512925503052
-0.0803296211605
0.354069560257
1.28961576326
1.11660678785
-0.160436558204
0.0925802353138
-0.800580956001
-0.81102312253
-0.844100851865
0.826597719642
0.657479187263
0.0675337533951
-0.642000912631
0.444145703351
-0.623599878319
