4
0
3
2
1
136
-0.543784075302
0.539926638373
0.847606591647
0.635138645986
-0.668900041887
0.454989795525
0.042151319855
0.455772850944
1.15384046936
0.816808975667
-0.440645668846
-0.495826742225
-0.136346676898
0.467277580505
0.60126071941
-0.0494242508969
0.938701690808
1.77309818086
-0.740387705656
0.212221312962
-0.216102813604
-0.460179939791
0.909867784597
-0.156550966869
0.0273366374323
-0.302514682715
0.795435762807
0.444725043399
0.159475739489
-0.437559530349
-0.566347073663
0.803193724862
0.769903040948
2.86460797183
0.687976356388
-0.0360238759846
-0.822547815143
-0.102343231514
-0.209575540494
0.92549271025
0.827934653323
0.603704028453
0.249894642707
0.970485511272
1.04029322817
-0.277446214214
0.155964379216
-0.122182437616
-0.8932205497
-0.272388351818
0.540292809676
-0.747293380949
0.915711302965
0.85905564699
0.68402816393
0.231915414405
0.878360579484
0.365635327823
0.143446293365
-0.824041870556
-0.782807041318
-0.89900936269
-0.788586556821
0.0578504168152
-0.981171789622
0.00687050287428
-0.756518393381
0.107554994178
0.507509613591
-0.45398576364
-0.949741345872
0.0973537935237
0.342420946329
0.287546648641
-0.154451126893
-0.418967478674
-0.839815743098
0.556529122681
0.734707963193
-0.125149629685
0.0215063925786
0.845480898278
0.943695221384
0.0659939853681
0.381760931468
0.451448479971
-0.178582639216
-0.508173322142
0.191867801603
0.44388154581
-0.234173502741
-0.0278155561226
0.117964643254
-0.983887148804
0.841287047882
-0.52980628501
-0.198774545637
0.737478568758
-0.878290459222
0.118200036213
0.0808843117435
0.985156261581
0.151527263433
-0.657817859552
0.484531465554
-0.767431722549
-0.483587214466
-0.585324175912
-0.372769872572
0.0786687989321
-0.21731735736
0.741038964509
0.158831971001
1.39309345122
0.103510665964
1.68892917151
-0.604135679346
-0.973883462789
-0.0910613820951
-0.855749218241
-0.512925503052
-0.296678416293
0.287568949894
1.22312289522
0.600773516462
-0.160436558204
0.0925802353138
-0.800580956001
-0.81102312253
-0.844100851865
0.826597719642
0.630726838012
0.0675337533951
-0.645996971465
0.444145703351
-0.623599878319
