4
0
3
2
1
136
-0.543675912536
0.544396971302
0.847814258558
0.639369454141
-0.668900041887
0.455097936276
0.0466210062657
0.455980503656
1.15807067333
0.816808975667
-0.440645668846
-0.495826742225
-0.136346676898
0.467277580505
0.618655718149
-0.0485065695517
0.939619350605
1.82962446652
-0.740387705656
0.212221312962
-0.216102813604
-0.460179939791
0.909867784597
-0.156550966869
0.0300241364326
-0.297179549905
0.795443352206
0.452048376169
0.166797807164
-0.430238727352
-0.566347073663
0.803193724862
0.769903040948
2.91373045539
0.687976356388
-0.0322956063782
-0.822547815143
-0.102343231514
-0.202256001756
0.932810985146
0.835251664795
0.603704028453
0.269988497753
0.975424865798
1.07953037767
-0.277446214214
0.155964379216
-0.102103412393
-0.888282069648
-0.233176239395
0.540292809676
-0.747293380949
0.915711302965
0.85905564699
0.68402816393
0.248101320513
0.878360579484
0.365635327823
0.225808838285
-0.824041870556
-0.782807041318
-0.89900936269
-0.788586556821
0.0578504168152
-0.981171789622
0.0125142817558
-0.750404797731
0.107554994178
0.507509613591
-0.45398576364
-0.949741345872
0.0973537935237
0.342420946329
0.287546648641
-0.154451126893
-0.394849627328
-0.833387895511
0.588686826522
0.734707963193
-0.125149629685
0.0456060193383
0.851904569336
0.975829928306
0.0659939853681
0.381760931468
0.451448479971
-0.178582639216
-0.508173322142
0.21635409358
0.44388154581
-0.234173502741
0.029585695844
0.117964643254
-0.983887148804
0.841287047882
-0.52980628501
-0.198774545637
0.737478568758
-0.876838145989
0.119381009511
0.0808843117435
0.985156261581
0.151527263433
-0.657817859552
0.484531465554
-0.767431722549
-0.483587214466
-0.581560479551
-0.352978209916
0.0796321683475
-0.191676386452
0.741038964509
0.162591721506
1.41286690477
0.104473030688
1.71454823988
-0.604135679346
-0.973883462789
-0.0910613820951
-0.855749218241
-0.512925503052
-0.273156131264
0.295696021766
1.23124838487
0.646120469964
-0.160436558204
0.0925802353138
-0.800580956001
-0.81102312253
-0.844100851865
0.826597719642
0.633382419819
0.0675337533951
-0.645483807509
0.444145703351
-0.623599878319
