4
0
3
2
1
136
-0.54402514788
0.53015309779
0.847158365898
0.625809674696
-0.668900041887
0.45474878332
0.0323795167969
0.455324663962
1.14451314248
0.816808975667
-0.440645668846
-0.495826742225
-0.136346676898
0.467277580505
0.563298189523
-0.0514401312372
0.93668586865
1.65289302241
-0.740387705656
0.212221312962
-0.216102813604
-0.460179939791
0.909867784597
-0.156550966869
0.021453407667
-0.313943877878
0.795418656498
0.429596717853
0.144350387463
-0.452681909968
-0.566347073663
0.803193724862
0.769903040948
2.75973362644
0.687976356388
-0.044252671315
-0.822547815143
-0.102343231514
-0.224694948815
0.910376272116
0.812821184267
0.603704028453
0.20823239529
0.96107037691
0.95984599407
-0.277446214214
0.155964379216
-0.163814394383
-0.90263396952
-0.352784733549
0.540292809676
-0.747293380949
0.915711302965
0.85905564699
0.68402816393
0.197979327785
0.878360579484
0.365635327823
-0.0169858792562
-0.824041870556
-0.782807041318
-0.89900936269
-0.788586556821
0.0578504168152
-0.981171789622
-0.00511290739835
-0.767941540801
0.107554994178
0.507509613591
-0.45398576364
-0.949741345872
0.0973537935237
0.342420946329
0.287546648641
-0.154451126893
-0.468649460737
-0.852878502925
0.490296938247
0.734707963193
-0.125149629685
-0.0281377758363
0.832426852347
0.877511078917
0.0659939853681
0.381760931468
0.451448479971
-0.178582639216
-0.508173322142
0.141691384695
0.44388154581
-0.234173502741
-0.140410659215
0.117964643254
-0.983887148804
0.841287047882
-0.52980628501
-0.198774545637
0.737478568758
-0.88114505302
0.115783480325
0.0808843117435
0.985156261581
0.151527263433
-0.657817859552
0.484531465554
-0.767431722549
-0.483587214466
-0.593879546824
-0.416261373149
0.0765210629464
-0.273168287446
0.741038964509
0.150287373731
1.3496502178
0.101365574246
1.63313559031
-0.604135679346
-0.973883462789
-0.0910613820951
-0.855749218241
-0.512925503052
-0.347749780334
0.269046628032
1.20460510105
0.508131044378
-0.160436558204
0.0925802353138
-0.800580956001
-0.81102312253
-0.844100851865
0.826597719642
0.625177749843
0.0675337533951
-0.647185523765
0.444145703351
-0.623599878319
