4
0
3
2
1
136
-0.543352691817
0.558082610551
0.848461077444
0.652185607156
-0.668900041887
0.455421106273
0.060305120467
0.456627289639
1.17088542202
0.816808975667
-0.440645668846
-0.495826742225
-0.136346676898
0.467277580505
0.671991033537
-0.0457134694142
0.94241240018
2.00873225111
-0.740387705656
0.212221312962
-0.216102813604
-0.460179939791
0.909867784597
-0.156550966869
0.0382296373993
-0.280440403617
0.795465704502
0.476022739847
0.190768706993
-0.406271290402
-0.566347073663
0.803193724862
0.769903040948
3.06865905831
0.687976356388
-0.0210176098357
-0.822547815143
-0.102343231514
-0.178292026714
0.956771499251
0.859208718932
0.603704028453
0.332516337509
0.993222914482
1.20398605491
-0.277446214214
0.155964379216
-0.0396187392906
-0.870486847008
-0.108794918052
0.540292809676
-0.747293380949
0.915711302965
0.85905564699
0.68402816393
0.29762255582
0.878360579484
0.365635327823
0.512995758103
-0.824041870556
-0.782807041318
-0.89900936269
-0.788586556821
0.0578504168152
-0.981171789622
0.0294011369275
-0.727697450635
0.107554994178
0.507509613591
-0.45398576364
-0.949741345872
0.0973537935237
0.342420946329
0.287546648641
-0.154451126893
-0.318369142286
-0.812408949913
0.690799985979
0.734707963193
-0.125149629685
0.122033424617
0.872871573897
1.07787621484
0.0659939853681
0.381760931468
0.451448479971
-0.178582639216
-0.508173322142
0.294976215895
0.44388154581
-0.234173502741
0.228761717151
0.117964643254
-0.983887148804
0.841287047882
-0.52980628501
-0.198774545637
0.737478568758
-0.871877498471
0.123164809941
0.0808843117435
0.985156261581
0.151527263433
-0.657817859552
0.484531465554
-0.767431722549
-0.483587214466
-0.570659567515
-0.293053356335
0.0824748093552
-0.113199467857
0.741038964509
0.173483651707
1.47274882997
0.10731330513
1.79297270484
-0.604135679346
-0.973883462789
-0.0910613820951
-0.855749218241
-0.512925503052
-0.200826000175
0.319219042733
1.25476797859
0.798832837855
-0.160436558204
0.0925802353138
-0.800580956001
-0.81102312253
-0.844100851865
0.826597719642
0.641941837985
0.0675337533951
-0.644033454442
0.444145703351
-0.623599878319
