4
0
3
2
1
136
-0.544507020078
0.511368605397
0.846317333328
0.607560248084
-0.668900041887
0.454267092279
0.0136000231519
0.454483746781
1.12626857423
0.816808975667
-0.440645668846
-0.495826742225
-0.136346676898
0.467277580505
0.490713603076
-0.0553535317522
0.932772637235
1.43476423991
-0.740387705656
0.212221312962
-0.216102813604
-0.460179939791
0.909867784597
-0.156550966869
0.0101428328946
-0.334967994523
0.795383704382
0.403914396798
0.118674417972
-0.478351530836
-0.566347073663
0.803193724862
0.769903040948
2.56779385406
0.687976356388
-0.0603746439844
-0.822547815143
-0.102343231514
-0.250358223999
0.88471933968
0.787170591643
0.603704028453
0.141627873062
0.947576231834
0.832915135269
-0.277446214214
0.155964379216
-0.230376379355
-0.916125734441
-0.479643675448
0.540292809676
-0.747293380949
0.915711302965
0.85905564699
0.68402816393
0.14279451182
0.878360579484
0.365635327823
-0.254185184696
-0.824041870556
-0.782807041318
-0.89900936269
-0.788586556821
0.0578504168152
-0.981171789622
-0.0248918247002
-0.783787502329
0.107554994178
0.507509613591
-0.45398576364
-0.949741345872
0.0973537935237
0.342420946329
0.287546648641
-0.154451126893
-0.547984736988
-0.87339378328
0.384273950067
0.734707963193
-0.125149629685
-0.107417369867
0.811924331798
0.771560481294
0.0659939853681
0.381760931468
0.451448479971
-0.178582639216
-0.508173322142
0.0618866623056
0.44388154581
-0.234173502741
-0.309527969645
0.117964643254
-0.983887148804
0.841287047882
-0.52980628501
-0.198774545637
0.737478568758
-0.885414957602
0.111953130179
0.0808843117435
0.985156261581
0.151527263433
-0.657817859552
0.484531465554
-0.767431722549
-0.483587214466
-0.611383066391
-0.499732563886
0.072344395144
-0.378490695465
0.741038964509
0.132814381428
1.26630809444
0.0971957210739
1.52796324564
-0.604135679346
-0.973883462789
-0.0910613820951
-0.855749218241
-0.512925503052
-0.443571249288
0.230745706213
1.16631844045
0.351050511035
-0.160436558204
0.0925802353138
-0.800580956001
-0.81102312253
-0.844100851865
0.826597719642
0.615549636964
0.0675337533951
-0.649701625641
0.444145703351
-0.623599878319
