4
0
3
2
1
136
-0.543528125997
0.550592728791
0.848104970947
0.645196677506
-0.668900041887
0.455245697059
0.0528159963649
0.456271199376
1.16389718605
0.816808975667
-0.440645668846
-0.495826742225
-0.136346676898
0.467277580505
0.642789155621
-0.0472390767198
0.940886817945
1.90957776392
-0.740387705656
0.212221312962
-0.216102813604
-0.460179939791
0.909867784597
-0.156550966869
0.0337436339593
-0.289676292179
0.79545363391
0.46261391344
0.17736169799
-0.419676482477
-0.566347073663
0.803193724862
0.769903040948
2.98301814427
0.687976356388
-0.027164651311
-0.822547815143
-0.102343231514
-0.19169540234
0.943369939598
0.845808974775
0.603704028453
0.298334674701
0.98297122775
1.13547572711
-0.277446214214
0.155964379216
-0.0737776424381
-0.88073697697
-0.177265688293
0.540292809676
-0.747293380949
0.915711302965
0.85905564699
0.68402816393
0.270716773869
0.878360579484
0.365635327823
0.34931159515
-0.824041870556
-0.782807041318
-0.89900936269
-0.788586556821
0.0578504168152
-0.981171789622
0.0203038205753
-0.740906081323
0.107554994178
0.507509613591
-0.45398576364
-0.949741345872
0.0973537935237
0.342420946329
0.287546648641
-0.154451126893
-0.360510673014
-0.824101793323
0.634506676195
0.734707963193
-0.125149629685
0.0799199810435
0.861184997107
1.02161830547
0.0659939853681
0.381760931468
0.451448479971
-0.178582639216
-0.508173322142
0.251436910182
0.44388154581
-0.234173502741
0.115336276666
0.117964643254
-0.983887148804
0.841287047882
-0.52980628501
-0.198774545637
0.737478568758
-0.874682163664
0.121072678598
0.0808843117435
0.985156261581
0.151527263433
-0.657817859552
0.484531465554
-0.767431722549
-0.483587214466
-0.576507470752
-0.325707271089
0.0809410072172
-0.156117532637
0.741038964509
0.167640136894
1.44011618569
0.105780673624
1.75008079538
-0.604135679346
-0.973883462789
-0.0910613820951
-0.855749218241
-0.512925503052
-0.240448097115
0.306598625909
1.24214920403
0.712477763519
-0.160436558204
0.0925802353138
-0.800580956001
-0.81102312253
-0.844100851865
0.826597719642
0.637179752007
0.0675337533951
-0.644804705465
0.444145703351
-0.623599878319
