4
0
3
2
1
136
-0.543141347958
0.567306819084
0.848907016231
0.660711710038
-0.668900041887
0.455632426761
0.0695286038344
0.457073213136
1.17941086998
0.816808975667
-0.440645668846
-0.495826742225
-0.136346676898
0.467277580505
0.707978039482
-0.0438442687913
0.944281576921
2.13461353412
-0.740387705656
0.212221312962
-0.216102813604
-0.460179939791
0.909867784597
-0.156550966869
0.0437350123379
-0.268823472822
0.795480046871
0.493472793346
0.208216787554
-0.388825182343
-0.566347073663
0.803193724862
0.769903040948
3.1769828739
0.687976356388
-0.0135295383516
-0.822547815143
-0.102343231514
-0.160847890722
0.974213663612
0.876648912097
0.603704028453
0.373071772987
1.00758696929
1.28686073369
-0.277446214214
0.155964379216
0.000913812237096
-0.856124620521
-0.0259612571873
0.540292809676
-0.747293380949
0.915711302965
0.85905564699
0.68402816393
0.328970923311
0.878360579484
0.365635327823
0.736039022502
-0.824041870556
-0.782807041318
-0.89900936269
-0.788586556821
0.0578504168152
-0.981171789622
0.0397328913463
-0.708583826665
0.107554994178
0.507509613591
-0.45398576364
-0.949741345872
0.0973537935237
0.342420946329
0.287546648641
-0.154451126893
-0.26683584548
-0.797443565778
0.75964863433
0.734707963193
-0.125149629685
0.173537668275
0.887830650946
1.14668804309
0.0659939853681
0.381760931468
0.451448479971
-0.178582639216
-0.508173322142
0.349239841165
0.44388154581
-0.234173502741
0.383846638956
0.117964643254
-0.983887148804
0.841287047882
-0.52980628501
-0.198774545637
0.737478568758
-0.868187336321
0.125740513702
0.0808843117435
0.985156261581
0.151527263433
-0.657817859552
0.484531465554
-0.767431722549
-0.483587214466
-0.563857998256
-0.253426725434
0.0842792815867
-0.0606394814218
0.741038964509
0.180281230643
1.51235545975
0.109116687471
1.84550770542
-0.604135679346
-0.973883462789
-0.0910613820951
-0.855749218241
-0.512925503052
-0.152073671521
0.333925998365
1.26947350236
0.915953148504
-0.160436558204
0.0925802353138
-0.800580956001
-0.81102312253
-0.844100851865
0.826597719642
0.648040682065
0.0675337533951
-0.643157152157
0.444145703351
-0.623599878319
