4
0
3
2
1
136
-0.543466823399
0.553193071534
0.848228013634
0.647629902863
-0.668900041887
0.455306990289
0.0554160566168
0.456394235982
1.16633015175
0.816808975667
-0.440645668846
-0.495826742225
-0.136346676898
0.467277580505
0.65292465797
-0.0467086029165
0.941417282389
1.94369183777
-0.740387705656
0.212221312962
-0.216102813604
-0.460179939791
0.909867784597
-0.156550966869
0.0353025021081
-0.286490079157
0.795457868552
0.467190838561
0.181937970396
-0.415100862606
-0.566347073663
0.803193724862
0.769903040948
3.01251700545
0.687976356388
-0.025023658809
-0.822547815143
-0.102343231514
-0.187120434824
0.947944254938
0.850382638119
0.603704028453
0.310262246488
0.986388380723
1.15924612389
-0.277446214214
0.155964379216
-0.0618583013648
-0.877320365856
-0.153509487223
0.540292809676
-0.747293380949
0.915711302965
0.85905564699
0.68402816393
0.280152543582
0.878360579484
0.365635327823
0.404363350281
-0.824041870556
-0.782807041318
-0.89900936269
-0.788586556821
0.0578504168152
-0.981171789622
0.0235166138319
-0.736542349933
0.107554994178
0.507509613591
-0.45398576364
-0.949741345872
0.0973537935237
0.342420946329
0.287546648641
-0.154451126893
-0.345912285941
-0.820094129954
0.654000479458
0.734707963193
-0.125149629685
0.0945082598412
0.8651903894
1.04109937969
0.0659939853681
0.381760931468
0.451448479971
-0.178582639216
-0.508173322142
0.266450301985
0.44388154581
-0.234173502741
0.153490023058
0.117964643254
-0.983887148804
0.841287047882
-0.52980628501
-0.198774545637
0.737478568758
-0.873731326471
0.12179551826
0.0808843117435
0.985156261581
0.151527263433
-0.657817859552
0.484531465554
-0.767431722549
-0.483587214466
-0.574444536017
-0.314327857841
0.0814799285863
-0.141202742261
0.741038964509
0.169701414868
1.45148764366
0.106319156365
1.76498584614
-0.604135679346
-0.973883462789
-0.0910613820951
-0.855749218241
-0.512925503052
-0.226697181453
0.311049436987
1.24659938745
0.741652087629
-0.160436558204
0.0925802353138
-0.800580956001
-0.81102312253
-0.844100851865
0.826597719642
0.638812427686
0.0675337533951
-0.644530803461
0.444145703351
-0.623599878319
