4
0
3
2
1
136
-0.54418342237
0.523875001909
0.846874424163
0.619758248992
-0.668900041887
0.454590558397
0.0261028162466
0.455040753913
1.13846305584
0.816808975667
-0.440645668846
-0.495826742225
-0.136346676898
0.467277580505
0.538975240271
-0.0527421928593
0.935383853997
1.57811251486
-0.740387705656
0.212221312962
-0.216102813604
-0.460179939791
0.909867784597
-0.156550966869
0.017671728282
-0.321111096584
0.795407285553
0.420519119465
0.135274832104
-0.461755423162
-0.566347073663
0.803193724862
0.769903040948
2.69418178829
0.687976356388
-0.0495955263301
-0.822547815143
-0.102343231514
-0.233766420708
0.901306840661
0.803753792387
0.603704028453
0.183792629239
0.95594279714
0.913091688368
-0.277446214214
0.155964379216
-0.188237437974
-0.907760619862
-0.39951093253
0.540292809676
-0.747293380949
0.915711302965
0.85905564699
0.68402816393
0.177853998246
0.878360579484
0.365635327823
-0.106189412725
-0.824041870556
-0.782807041318
-0.89900936269
-0.788586556821
0.0578504168152
-0.981171789622
-0.0122939707325
-0.77403501747
0.107554994178
0.507509613591
-0.45398576364
-0.949741345872
0.0973537935237
0.342420946329
0.287546648641
-0.154451126893
-0.49772425456
-0.860438040567
0.451501728846
0.734707963193
-0.125149629685
-0.0571911357443
0.824872251148
0.838743427318
0.0659939853681
0.381760931468
0.451448479971
-0.178582639216
-0.508173322142
0.112425124162
0.44388154581
-0.234173502741
-0.20359628893
0.117964643254
-0.983887148804
0.841287047882
-0.52980628501
-0.198774545637
0.737478568758
-0.882744426971
0.114377020513
0.0808843117435
0.985156261581
0.151527263433
-0.657817859552
0.484531465554
-0.767431722549
-0.483587214466
-0.599592614617
-0.444256378313
0.0751235126051
-0.308761131923
0.741038964509
0.144582985023
1.32169288253
0.0999700570179
1.59758695266
-0.604135679346
-0.973883462789
-0.0910613820951
-0.855749218241
-0.512925503052
-0.380193634905
0.256618658065
1.19218098071
0.452799351496
-0.160436558204
0.0925802353138
-0.800580956001
-0.81102312253
-0.844100851865
0.826597719642
0.621805233616
0.0675337533951
-0.647995150816
0.444145703351
-0.623599878319
