4
0
3
2
1
136
-0.545243189492
0.484472348075
0.84515211674
0.580632377556
-0.668900041887
0.453531432653
-0.013283116541
0.453318851661
1.09935403609
0.816808975667
-0.440645668846
-0.495826742225
-0.136346676898
0.467277580505
0.388153321755
-0.0610563514224
0.927070269673
1.1512258573
-0.740387705656
0.212221312962
-0.216102813604
-0.460179939791
0.909867784597
-0.156550966869
-0.00594073751395
-0.362768799513
0.795328493271
0.374561688607
0.0893314396395
-0.507684785114
-0.566347073663
0.803193724862
0.769903040948
2.31465758477
0.687976356388
-0.0841905697242
-0.822547815143
-0.102343231514
-0.279681760025
0.855405516112
0.757866474742
0.603704028453
0.078741159383
0.935815583126
0.713848864874
-0.277446214214
0.155964379216
-0.2932332013
-0.927884597041
-0.598657741071
0.540292809676
-0.747293380949
0.915711302965
0.85905564699
0.68402816393
0.0898227392305
0.878360579484
0.365635327823
-0.466158838151
-0.824041870556
-0.782807041318
-0.89900936269
-0.788586556821
0.0578504168152
-0.981171789622
-0.0440366457044
-0.797121780401
0.107554994178
0.507509613591
-0.45398576364
-0.949741345872
0.0973537935237
0.342420946329
0.287546648641
-0.154451126893
-0.623534532162
-0.892658142469
0.2825559866
0.734707963193
-0.125149629685
-0.182925066411
0.792669357325
0.669899873219
0.0659939853681
0.381760931468
0.451448479971
-0.178582639216
-0.508173322142
-0.0141935715369
0.44388154581
-0.234173502741
-0.463842845732
0.117964643254
-0.983887148804
0.841287047882
-0.52980628501
-0.198774545637
0.737478568758
-0.889276254814
0.108311009397
0.0808843117435
0.985156261581
0.151527263433
-0.657817859552
0.484531465554
-0.767431722549
-0.483587214466
-0.63733436528
-0.613366557997
0.0667732418726
-0.518325924787
0.741038964509
0.106928241484
1.15293104937
0.0916366544294
1.3884195392
-0.604135679346
-0.973883462789
-0.0910613820951
-0.855749218241
-0.512925503052
-0.570241254304
0.172199849639
1.10780921127
0.165901600894
-0.160436558204
0.0925802353138
-0.800580956001
-0.81102312253
-0.844100851865
0.826597719642
0.604262669016
0.0675337533951
-0.653582975017
0.444145703351
-0.623599878319
