4
0
3
2
1
136
-0.543339407881
0.558655840848
0.848488548867
0.652718040294
-0.668900041887
0.455434388538
0.0608782995095
0.456654759972
1.17141780856
0.816808975667
-0.440645668846
-0.495826742225
-0.136346676898
0.467277580505
0.674226866031
-0.0455970017901
0.942528866111
2.01643382938
-0.740387705656
0.212221312962
-0.216102813604
-0.460179939791
0.909867784597
-0.156550966869
0.0385724281374
-0.279726206965
0.795466612446
0.477077305815
0.191823141809
-0.405216986705
-0.566347073663
0.803193724862
0.769903040948
3.07529873227
0.687976356388
-0.0205496360653
-0.822547815143
-0.102343231514
-0.177237854106
0.957825540803
0.860262629458
0.603704028453
0.335100188573
0.99405944554
1.20921437452
-0.277446214214
0.155964379216
-0.0370364938518
-0.869650433691
-0.103569429101
0.540292809676
-0.747293380949
0.915711302965
0.85905564699
0.68402816393
0.299639137962
0.878360579484
0.365635327823
0.526167431605
-0.824041870556
-0.782807041318
-0.89900936269
-0.788586556821
0.0578504168152
-0.981171789622
0.0300747869065
-0.726604039829
0.107554994178
0.507509613591
-0.45398576364
-0.949741345872
0.0973537935237
0.342420946329
0.287546648641
-0.154451126893
-0.315141660517
-0.811496203461
0.695113257996
0.734707963193
-0.125149629685
0.125258903593
0.873783879199
1.08218695739
0.0659939853681
0.381760931468
0.451448479971
-0.178582639216
-0.508173322142
0.298338105196
0.44388154581
-0.234173502741
0.237893013113
0.117964643254
-0.983887148804
0.841287047882
-0.52980628501
-0.198774545637
0.737478568758
-0.87165497648
0.123325684004
0.0808843117435
0.985156261581
0.151527263433
-0.657817859552
0.484531465554
-0.767431722549
-0.483587214466
-0.570223934614
-0.290570539753
0.0825897824858
-0.109921410963
0.741038964509
0.173918994743
1.47523021749
0.107428199927
1.79624899052
-0.604135679346
-0.973883462789
-0.0910613820951
-0.855749218241
-0.512925503052
-0.197792897952
0.320159805108
1.25570863486
0.805746122522
-0.160436558204
0.0925802353138
-0.800580956001
-0.81102312253
-0.844100851865
0.826597719642
0.642313627526
0.0675337533951
-0.643976649976
0.444145703351
-0.623599878319
