4
0
3
2
1
136
-0.543511276799
0.551305651721
0.848138643336
0.645864508596
-0.668900041887
0.455262543609
0.0535288396553
0.456304870047
1.16456494382
0.816808975667
-0.440645668846
-0.495826742225
-0.136346676898
0.467277580505
0.645567608221
-0.0470935526094
0.941032339416
1.91889780781
-0.740387705656
0.212221312962
-0.216102813604
-0.460179939791
0.909867784597
-0.156550966869
0.0341711607549
-0.288804910195
0.795454799596
0.463860402008
0.178608005324
-0.418430356327
-0.566347073663
0.803193724862
0.769903040948
2.99108099176
0.687976356388
-0.0265769369215
-0.822547815143
-0.102343231514
-0.190449457322
0.944615703534
0.84705455768
0.603704028453
0.301607260812
0.983893195901
1.1419835356
-0.277446214214
0.155964379216
-0.0705073408197
-0.879815157186
-0.1707618091
0.540292809676
-0.747293380949
0.915711302965
0.85905564699
0.68402816393
0.273310558907
0.878360579484
0.365635327823
0.364216252313
-0.824041870556
-0.782807041318
-0.89900936269
-0.788586556821
0.0578504168152
-0.981171789622
0.0211892842161
-0.739732553648
0.107554994178
0.507509613591
-0.45398576364
-0.949741345872
0.0973537935237
0.342420946329
0.287546648641
-0.154451126893
-0.356515352517
-0.823008959806
0.639840924274
0.734707963193
-0.125149629685
0.0839124994295
0.862277199476
1.02694902558
0.0659939853681
0.381760931468
0.451448479971
-0.178582639216
-0.508173322142
0.255539262401
0.44388154581
-0.234173502741
0.12566844763
0.117964643254
-0.983887148804
0.841287047882
-0.52980628501
-0.198774545637
0.737478568758
-0.874424051339
0.121270294092
0.0808843117435
0.985156261581
0.151527263433
-0.657817859552
0.484531465554
-0.767431722549
-0.483587214466
-0.575938454606
-0.322583227248
0.0810894078344
-0.152027380519
0.741038964509
0.168208683822
1.44323798496
0.105928950416
1.75416820422
-0.604135679346
-0.973883462789
-0.0910613820951
-0.855749218241
-0.512925503052
-0.236679039594
0.307826225371
1.24337662483
0.720394816137
-0.160436558204
0.0925802353138
-0.800580956001
-0.81102312253
-0.844100851865
0.826597719642
0.637625134063
0.0675337533951
-0.644728958746
0.444145703351
-0.623599878319
