4
0
3
2
1
136
-0.543829997814
0.53804481216
0.847519680177
0.633350929068
-0.668900041887
0.454943883252
0.0402697917466
0.455685946065
1.15205303254
0.816808975667
-0.440645668846
-0.495826742225
-0.136346676898
0.467277580505
0.593943434909
-0.0498113660147
0.938314585645
1.74959352665
-0.740387705656
0.212221312962
-0.216102813604
-0.460179939791
0.909867784597
-0.156550966869
0.0262045392332
-0.304740559934
0.795432524372
0.441717864923
0.15646911208
-0.440565606884
-0.566347073663
0.803193724862
0.769903040948
2.84414656972
0.687976356388
-0.0375999528408
-0.822547815143
-0.102343231514
-0.212581066347
0.922487734886
0.824930228257
0.603704028453
0.241593691535
0.968528474292
1.02417442913
-0.277446214214
0.155964379216
-0.130477257654
-0.895177233506
-0.288496839088
0.540292809676
-0.747293380949
0.915711302965
0.85905564699
0.68402816393
0.225193326948
0.878360579484
0.365635327823
0.11046919326
-0.824041870556
-0.782807041318
-0.89900936269
-0.788586556821
0.0578504168152
-0.981171789622
0.00451177554073
-0.758917780319
0.107554994178
0.507509613591
-0.45398576364
-0.949741345872
0.0973537935237
0.342420946329
0.287546648641
-0.154451126893
-0.428892775741
-0.842442742283
0.543298374689
0.734707963193
-0.125149629685
0.0115886714746
0.842855641618
0.930474056145
0.0659939853681
0.381760931468
0.451448479971
-0.178582639216
-0.508173322142
0.181819469648
0.44388154581
-0.234173502741
-0.0508656317978
0.117964643254
-0.983887148804
0.841287047882
-0.52980628501
-0.198774545637
0.737478568758
-0.878874667557
0.117715635171
0.0808843117435
0.985156261581
0.151527263433
-0.657817859552
0.484531465554
-0.767431722549
-0.483587214466
-0.586937290546
-0.381124463865
0.0782591904627
-0.228098927212
0.741038964509
0.157220691824
1.38474722279
0.103101518
1.67815760627
-0.604135679346
-0.973883462789
-0.0910613820951
-0.855749218241
-0.512925503052
-0.306554265069
0.284082627141
1.21963732292
0.582269342298
-0.160436558204
0.0925802353138
-0.800580956001
-0.81102312253
-0.844100851865
0.826597719642
0.629630687028
0.0675337533951
-0.646218771611
0.444145703351
-0.623599878319
