4
0
3
2
1
136
-0.543740680907
0.541713672687
0.847689401868
0.636832612321
-0.668900041887
0.455033180743
0.0439380856419
0.455855655251
1.1555341842
0.816808975667
-0.440645668846
-0.495826742225
-0.136346676898
0.467277580505
0.60821242364
-0.0490570812511
0.939068851498
1.79557816172
-0.740387705656
0.212221312962
-0.216102813604
-0.460179939791
0.909867784597
-0.156550966869
0.0284113085995
-0.300389926663
0.795438814107
0.447622276512
0.162372459338
-0.434663323592
-0.566347073663
0.803193724862
0.769903040948
2.88415768425
0.687976356388
-0.0345308324207
-0.822547815143
-0.102343231514
-0.206679846654
0.928387891346
0.830829321848
0.603704028453
0.257871631451
0.972410430181
1.05583133414
-0.277446214214
0.155964379216
-0.114211347834
-0.891295974846
-0.256860186314
0.540292809676
-0.747293380949
0.915711302965
0.85905564699
0.68402816393
0.238355789177
0.878360579484
0.365635327823
0.17569116746
-0.824041870556
-0.782807041318
-0.89900936269
-0.788586556821
0.0578504168152
-0.981171789622
0.00912245317633
-0.754145678983
0.107554994178
0.507509613591
-0.45398576364
-0.949741345872
0.0973537935237
0.342420946329
0.287546648641
-0.154451126893
-0.409410410183
-0.837276573701
0.569270414839
0.734707963193
-0.125149629685
0.0310561977571
0.848018400176
0.95642734026
0.0659939853681
0.381760931468
0.451448479971
-0.178582639216
-0.508173322142
0.201558177564
0.44388154581
-0.234173502741
-0.00531659501527
0.117964643254
-0.983887148804
0.841287047882
-0.52980628501
-0.198774545637
0.737478568758
-0.877720670104
0.1186673342
0.0808843117435
0.985156261581
0.151527263433
-0.657817859552
0.484531465554
-0.767431722549
-0.483587214466
-0.583807980838
-0.364848085704
0.0790556295525
-0.207071167477
0.741038964509
0.160346520626
1.40100768481
0.103897080093
1.69916629675
-0.604135679346
-0.973883462789
-0.0910613820951
-0.855749218241
-0.512925503052
-0.287284937412
0.29084396137
1.22639724164
0.618661015031
-0.160436558204
0.0925802353138
-0.800580956001
-0.81102312253
-0.844100851865
0.826597719642
0.631779762932
0.0675337533951
-0.645789507166
0.444145703351
-0.623599878319
