4
0
3
2
1
136
-0.543016048243
0.572882893824
0.849180711593
0.665823416238
-0.668900041887
0.455757715482
0.0751043305926
0.457346901264
1.18452226575
0.816808975667
-0.440645668846
-0.495826742225
-0.136346676898
0.467277580505
0.729735908186
-0.0427193635733
0.945406470729
2.21272690558
-0.740387705656
0.212221312962
-0.216102813604
-0.460179939791
0.909867784597
-0.156550966869
0.0470508865749
-0.261674353411
0.79548844494
0.50450942081
0.219252362959
-0.377790658801
-0.566347073663
0.803193724862
0.769903040948
3.24400484938
0.687976356388
-0.00904637790805
-0.822547815143
-0.102343231514
-0.149814418846
0.985246084017
0.887680281227
0.603704028453
0.396234780636
1.01719440344
1.33493700595
-0.277446214214
0.155964379216
0.0240661876327
-0.846518196652
0.0220953354317
0.540292809676
-0.747293380949
0.915711302965
0.85905564699
0.68402816393
0.346561688615
0.878360579484
0.365635327823
0.882360972742
-0.824041870556
-0.782807041318
-0.89900936269
-0.788586556821
0.0578504168152
-0.981171789622
0.0453925217444
-0.695374595838
0.107554994178
0.507509613591
-0.45398576364
-0.949741345872
0.0973537935237
0.342420946329
0.287546648641
-0.154451126893
-0.236389923175
-0.788104419638
0.800219513155
0.734707963193
-0.125149629685
0.203969516441
0.897166823171
1.18724095192
0.0659939853681
0.381760931468
0.451448479971
-0.178582639216
-0.508173322142
0.381993829064
0.44388154581
-0.234173502741
0.486506677662
0.117964643254
-0.983887148804
0.841287047882
-0.52980628501
-0.198774545637
0.737478568758
-0.865869553857
0.127263936048
0.0808843117435
0.985156261581
0.151527263433
-0.657817859552
0.484531465554
-0.767431722549
-0.483587214466
-0.559963578043
-0.22985020885
0.0853199747515
-0.0291327668004
0.741038964509
0.184173841279
1.53592262344
0.110156877897
1.87700256469
-0.604135679346
-0.973883462789
-0.0910613820951
-0.855749218241
-0.512925503052
-0.122725134829
0.342371961925
1.27791883911
0.993430328809
-0.160436558204
0.0925802353138
-0.800580956001
-0.81102312253
-0.844100851865
0.826597719642
0.651836407578
0.0675337533951
-0.642665848473
0.444145703351
-0.623599878319
