4
0
3
2
1
136
-0.543849136604
0.537263348989
0.847483675449
0.632607365283
-0.668900041887
0.454924748894
0.0394884571632
0.455649944188
1.15130958987
0.816808975667
-0.440645668846
-0.495826742225
-0.136346676898
0.467277580505
0.590905807857
-0.0499722651878
0.938153690771
1.73988331353
-0.740387705656
0.212221312962
-0.216102813604
-0.460179939791
0.909867784597
-0.156550966869
0.0257342995067
-0.305661385808
0.795431171884
0.440482281116
0.155233760238
-0.441800726844
-0.566347073663
0.803193724862
0.769903040948
2.83568731633
0.687976356388
-0.038255607932
-0.822547815143
-0.102343231514
-0.213815954508
0.921253078442
0.823695803446
0.603704028453
0.238180288674
0.967736552488
1.01756043959
-0.277446214214
0.155964379216
-0.133888146326
-0.895969011617
-0.295106604714
0.540292809676
-0.747293380949
0.915711302965
0.85905564699
0.68402816393
0.222423303792
0.878360579484
0.365635327823
0.0970692059952
-0.824041870556
-0.782807041318
-0.89900936269
-0.788586556821
0.0578504168152
-0.981171789622
0.00353746057741
-0.759884988127
0.107554994178
0.507509613591
-0.45398576364
-0.949741345872
0.0973537935237
0.342420946329
0.287546648641
-0.154451126893
-0.432969091932
-0.843518891557
0.537864735873
0.734707963193
-0.125149629685
0.00751547127781
0.841780209815
0.925044363753
0.0659939853681
0.381760931468
0.451448479971
-0.178582639216
-0.508173322142
0.177696737973
0.44388154581
-0.234173502741
-0.0602444323563
0.117964643254
-0.983887148804
0.841287047882
-0.52980628501
-0.198774545637
0.737478568758
-0.879112461037
0.117516947158
0.0808843117435
0.985156261581
0.151527263433
-0.657817859552
0.484531465554
-0.767431722549
-0.483587214466
-0.587612075107
-0.384597266243
0.0780884602301
-0.232573181424
0.741038964509
0.156546701424
1.38127801941
0.102930985706
1.67368764794
-0.604135679346
-0.973883462789
-0.0910613820951
-0.855749218241
-0.512925503052
-0.31065016984
0.282623567703
1.21817859094
0.574682541352
-0.160436558204
0.0925802353138
-0.800580956001
-0.81102312253
-0.844100851865
0.826597719642
0.629179328126
0.0675337533951
-0.646311877579
0.444145703351
-0.623599878319
