4
0
3
2
1
136
-0.543145077448
0.567142090586
0.848898978779
0.660560219341
-0.668900041887
0.455628697628
0.0693638865625
0.457065175918
1.17925938935
0.816808975667
-0.440645668846
-0.495826742225
-0.136346676898
0.467277580505
0.707335269267
-0.0438775578354
0.944248288246
2.1323290294
-0.740387705656
0.212221312962
-0.216102813604
-0.460179939791
0.909867784597
-0.156550966869
0.0436369077328
-0.269033235215
0.795479795696
0.493152274281
0.207896301163
-0.389145636066
-0.566347073663
0.803193724862
0.769903040948
3.17502061644
0.687976356388
-0.0136624743236
-0.822547815143
-0.102343231514
-0.161168311784
0.973893275204
0.876328556337
0.603704028453
0.372370164268
1.00731362065
1.28541252671
-0.277446214214
0.155964379216
0.000212554405995
-0.856397938072
-0.027408822559
0.540292809676
-0.747293380949
0.915711302965
0.85905564699
0.68402816393
0.328434354646
0.878360579484
0.365635327823
0.731848314101
-0.824041870556
-0.782807041318
-0.89900936269
-0.788586556821
0.0578504168152
-0.981171789622
0.0395586555994
-0.708954474702
0.107554994178
0.507509613591
-0.45398576364
-0.949741345872
0.0973537935237
0.342420946329
0.287546648641
-0.154451126893
-0.267745211855
-0.797715989543
0.758434926974
0.734707963193
-0.125149629685
0.172628758231
0.887558324568
1.14547491666
0.0659939853681
0.381760931468
0.451448479971
-0.178582639216
-0.508173322142
0.348270298751
0.44388154581
-0.234173502741
0.380919915687
0.117964643254
-0.983887148804
0.841287047882
-0.52980628501
-0.198774545637
0.737478568758
-0.868255006907
0.125694985938
0.0808843117435
0.985156261581
0.151527263433
-0.657817859552
0.484531465554
-0.767431722549
-0.483587214466
-0.563975545712
-0.254127860943
0.0842479431428
-0.0615738297596
0.741038964509
0.180163742893
1.51165462938
0.109085365522
1.84457374178
-0.604135679346
-0.973883462789
-0.0910613820951
-0.855749218241
-0.512925503052
-0.152942587906
0.333671405473
1.2692189304
0.913745368397
-0.160436558204
0.0925802353138
-0.800580956001
-0.81102312253
-0.844100851865
0.826597719642
0.647929709606
0.0675337533951
-0.643172101657
0.444145703351
-0.623599878319
