4
0
3
2
1
136
-0.545093510056
0.489773024547
0.845378686475
0.586018733152
-0.668900041887
0.453680979142
-0.00798576529744
0.453545337826
1.10473694934
0.816808975667
-0.440645668846
-0.495826742225
-0.136346676898
0.467277580505
0.408200955411
-0.0599223507673
0.928204154782
1.20449316051
-0.740387705656
0.212221312962
-0.216102813604
-0.460179939791
0.909867784597
-0.156550966869
-0.00279050898773
-0.357513817672
0.795339886834
0.379696278316
0.0944641121553
-0.502554028539
-0.566347073663
0.803193724862
0.769903040948
2.36255000875
0.687976356388
-0.0794265931662
-0.822547815143
-0.102343231514
-0.274552918139
0.860532444558
0.762991490998
0.603704028453
0.0885521540479
0.937612119311
0.732413446286
-0.277446214214
0.155964379216
-0.28342617793
-0.926088309977
-0.580100240606
0.540292809676
-0.747293380949
0.915711302965
0.85905564699
0.68402816393
0.0981342104784
0.878360579484
0.365635327823
-0.433552147929
-0.824041870556
-0.782807041318
-0.89900936269
-0.788586556821
0.0578504168152
-0.981171789622
-0.0410286177256
-0.795111265938
0.107554994178
0.507509613591
-0.45398576364
-0.949741345872
0.0973537935237
0.342420946329
0.287546648641
-0.154451126893
-0.611690484818
-0.889652353763
0.298568614792
0.734707963193
-0.125149629685
-0.171086798614
0.795673879685
0.685904416284
0.0659939853681
0.381760931468
0.451448479971
-0.178582639216
-0.508173322142
-0.00224691980775
0.44388154581
-0.234173502741
-0.439906800106
0.117964643254
-0.983887148804
0.841287047882
-0.52980628501
-0.198774545637
0.737478568758
-0.888679513241
0.108882675054
0.0808843117435
0.985156261581
0.151527263433
-0.657817859552
0.484531465554
-0.767431722549
-0.483587214466
-0.632288281637
-0.591993935475
0.0677974139366
-0.492298706438
0.741038964509
0.111960163668
1.17424890657
0.0926584215574
1.4143851187
-0.604135679346
-0.973883462789
-0.0910613820951
-0.855749218241
-0.512925503052
-0.546686509386
0.18379700479
1.11939770802
0.19891447762
-0.160436558204
0.0925802353138
-0.800580956001
-0.81102312253
-0.844100851865
0.826597719642
0.606248761049
0.0675337533951
-0.65281833618
0.444145703351
-0.623599878319
