4
0
3
2
1
136
-0.542953211834
0.57571011186
0.849320708876
0.668403223593
-0.668900041887
0.455820547066
0.0779313941383
0.457486895361
1.18710193623
0.816808975667
-0.440645668846
-0.495826742225
-0.136346676898
0.467277580505
0.740766849606
-0.0421504268082
0.945975402438
2.25291337168
-0.740387705656
0.212221312962
-0.216102813604
-0.460179939791
0.909867784597
-0.156550966869
0.0487282565834
-0.258013779214
0.795492626483
0.510242409021
0.224984857168
-0.372058658509
-0.566347073663
0.803193724862
0.769903040948
3.27843318467
0.687976356388
-0.00678564356283
-0.822547815143
-0.102343231514
-0.144082912389
0.990977096722
0.893410800265
0.603704028453
0.407515613424
1.02232327892
1.35852298938
-0.277446214214
0.155964379216
0.0353425182642
-0.841389799863
0.0456728272923
0.540292809676
-0.747293380949
0.915711302965
0.85905564699
0.68402816393
0.355037376594
0.878360579484
0.365635327823
0.959870287156
-0.824041870556
-0.782807041318
-0.89900936269
-0.788586556821
0.0578504168152
-0.981171789622
0.0480825113897
-0.688170984593
0.107554994178
0.507509613591
-0.45398576364
-0.949741345872
0.0973537935237
0.342420946329
0.287546648641
-0.154451126893
-0.221233411646
-0.783275535139
0.820347996917
0.734707963193
-0.125149629685
0.219119887014
0.901994428729
1.20736155938
0.0659939853681
0.381760931468
0.451448479971
-0.178582639216
-0.508173322142
0.398530693105
0.44388154581
-0.234173502741
0.541334696659
0.117964643254
-0.983887148804
0.841287047882
-0.52980628501
-0.198774545637
0.737478568758
-0.864679096464
0.128020423557
0.0808843117435
0.985156261581
0.151527263433
-0.657817859552
0.484531465554
-0.767431722549
-0.483587214466
-0.558051960589
-0.218020616278
0.0858322919286
-0.0132612825656
0.741038964509
0.186084684103
1.54774814229
0.110668978178
1.89286884254
-0.604135679346
-0.973883462789
-0.0910613820951
-0.855749218241
-0.512925503052
-0.107905408046
0.346526758936
1.28207337274
1.03486363894
-0.160436558204
0.0925802353138
-0.800580956001
-0.81102312253
-0.844100851865
0.826597719642
0.653787721737
0.0675337533951
-0.642427557933
0.444145703351
-0.623599878319
