4
0
3
2
1
136
-0.542868983991
0.579532760066
0.849511338664
0.671878713339
-0.668900041887
0.455904769086
0.0817538542999
0.457677521293
1.19057726025
0.816808975667
-0.440645668846
-0.495826742225
-0.136346676898
0.467277580505
0.755679378174
-0.0413826733872
0.946743149725
2.3078706013
-0.740387705656
0.212221312962
-0.216102813604
-0.460179939791
0.909867784597
-0.156550966869
0.0509918183518
-0.253026552506
0.795498199739
0.518137986563
0.232879807783
-0.364164334723
-0.566347073663
0.803193724862
0.769903040948
3.32546344278
0.687976356388
-0.00374203213508
-0.822547815143
-0.102343231514
-0.136189215335
0.998870167143
0.901303244149
0.603704028453
0.422243484345
1.02952189269
1.38945985861
-0.277446214214
0.155964379216
0.0500651718873
-0.83419179549
0.0765997147253
0.540292809676
-0.747293380949
0.915711302965
0.85905564699
0.68402816393
0.366006037459
0.878360579484
0.365635327823
1.06822080868
-0.824041870556
-0.782807041318
-0.89900936269
-0.788586556821
0.0578504168152
-0.981171789622
0.0515274137795
-0.677868925358
0.107554994178
0.507509613591
-0.45398576364
-0.949741345872
0.0973537935237
0.342420946329
0.287546648641
-0.154451126893
-0.201075747072
-0.776633668705
0.847010516681
0.734707963193
-0.125149629685
0.239270248697
0.908634789023
1.23401468258
0.0659939853681
0.381760931468
0.451448479971
-0.178582639216
-0.508173322142
0.420790287442
0.44388154581
-0.234173502741
0.618622881201
0.117964643254
-0.983887148804
0.841287047882
-0.52980628501
-0.198774545637
0.737478568758
-0.863060632456
0.129022466137
0.0808843117435
0.985156261581
0.151527263433
-0.657817859552
0.484531465554
-0.767431722549
-0.483587214466
-0.555534899182
-0.202171610487
0.0865080059459
0.00806639300939
0.741038964509
0.188600831151
1.56359227478
0.111344434845
1.91419025028
-0.604135679346
-0.973883462789
-0.0910613820951
-0.855749218241
-0.512925503052
-0.0879540096305
0.352008043005
1.28755435016
1.09336548841
-0.160436558204
0.0925802353138
-0.800580956001
-0.81102312253
-0.844100851865
0.826597719642
0.656450745517
0.0675337533951
-0.642116741538
0.444145703351
-0.623599878319
