4
0
3
2
1
136
-0.543053102437
0.571225428434
0.849099024193
0.664307268651
-0.668900041887
0.455720664342
0.0734469623871
0.457265215877
1.18300620459
0.816808975667
-0.440645668846
-0.495826742225
-0.136346676898
0.467277580505
0.723268582182
-0.0430533468814
0.945072490602
2.18934921882
-0.740387705656
0.212221312962
-0.216102813604
-0.460179939791
0.909867784597
-0.156550966869
0.0460662890355
-0.263809227171
0.795485969684
0.50119109767
0.215934341665
-0.381108378301
-0.566347073663
0.803193724862
0.769903040948
3.22396102726
0.687976356388
-0.0103755931549
-0.822547815143
-0.102343231514
-0.153131836607
0.981928967941
0.884363466783
0.603704028453
0.38947280263
1.01426731121
1.32085071564
-0.277446214214
0.155964379216
0.0173071209889
-0.849444997485
0.00801448283414
0.540292809676
-0.747293380949
0.915711302965
0.85905564699
0.68402816393
0.341451809139
0.878360579484
0.365635327823
0.837960307921
-0.824041870556
-0.782807041318
-0.89900936269
-0.788586556821
0.0578504168152
-0.981171789622
0.0437590653771
-0.699437345261
0.107554994178
0.507509613591
-0.45398576364
-0.949741345872
0.0973537935237
0.342420946329
0.287546648641
-0.154451126893
-0.245367219132
-0.790905037255
0.788272513276
0.734707963193
-0.125149629685
0.194996127529
0.894367025232
1.1752989515
0.0659939853681
0.381760931468
0.451448479971
-0.178582639216
-0.508173322142
0.372274220979
0.44388154581
-0.234173502741
0.455248865253
0.117964643254
-0.983887148804
0.841287047882
-0.52980628501
-0.198774545637
0.737478568758
-0.866563380785
0.1268150757
0.0808843117435
0.985156261581
0.151527263433
-0.657817859552
0.484531465554
-0.767431722549
-0.483587214466
-0.561103993147
-0.236825381861
0.0850147700911
-0.038471729574
0.741038964509
0.183033923043
1.52895003995
0.109851811822
1.86766689725
-0.604135679346
-0.973883462789
-0.0910613820951
-0.855749218241
-0.512925503052
-0.131434155985
0.339896314905
1.27544336264
0.969829207124
-0.160436558204
0.0925802353138
-0.800580956001
-0.81102312253
-0.844100851865
0.826597719642
0.65070047074
0.0675337533951
-0.642808912206
0.444145703351
-0.623599878319
