4
0
3
2
1
136
-0.543071866742
0.5703888153
0.849057899554
0.663540934092
-0.668900041887
0.455701901645
0.0726104002485
0.457224092297
1.18223991546
0.816808975667
-0.440645668846
-0.495826742225
-0.136346676898
0.467277580505
0.720004105751
-0.0432220513716
0.944903787783
2.17760024516
-0.740387705656
0.212221312962
-0.216102813604
-0.460179939791
0.909867784597
-0.156550966869
0.0455689717722
-0.264883667392
0.795484713557
0.499528227506
0.214271627333
-0.38277093683
-0.566347073663
0.803193724862
0.769903040948
3.21388300104
0.687976356388
-0.0110476060091
-0.822547815143
-0.102343231514
-0.154794239361
0.980266720934
0.882701375494
0.603704028453
0.386019190002
1.0128125948
1.31367216254
-0.277446214214
0.155964379216
0.0138550568106
-0.850899563871
0.000838806058499
0.540292809676
-0.747293380949
0.915711302965
0.85905564699
0.68402816393
0.338833762568
0.878360579484
0.365635327823
0.815840477862
-0.824041870556
-0.782807041318
-0.89900936269
-0.788586556821
0.0578504168152
-0.981171789622
0.0429187836047
-0.701443774676
0.107554994178
0.507509613591
-0.45398576364
-0.949741345872
0.0973537935237
0.342420946329
0.287546648641
-0.154451126893
-0.24992288098
-0.792310562397
0.782204102456
0.734707963193
-0.125149629685
0.190442525886
0.892961934162
1.16923317342
0.0659939853681
0.381760931468
0.451448479971
-0.178582639216
-0.508173322142
0.367362231438
0.44388154581
-0.234173502741
0.439713406924
0.117964643254
-0.983887148804
0.841287047882
-0.52980628501
-0.198774545637
0.737478568758
-0.866912179943
0.126587146444
0.0808843117435
0.985156261581
0.151527263433
-0.657817859552
0.484531465554
-0.767431722549
-0.483587214466
-0.561685149873
-0.240356930853
0.0848593744178
-0.0431944770858
0.741038964509
0.182453029845
1.52541985748
0.109696489483
1.86294588457
-0.604135679346
-0.973883462789
-0.0910613820951
-0.855749218241
-0.512925503052
-0.135835207541
0.338635519834
1.27418265851
0.958103579027
-0.160436558204
0.0925802353138
-0.800580956001
-0.81102312253
-0.844100851865
0.826597719642
0.650129491867
0.0675337533951
-0.642882075855
0.444145703351
-0.623599878319
