4
0
3
2
1
136
-0.543480679749
0.552603737736
0.848200073198
0.647079082377
-0.668900041887
0.455293135994
0.0548267849383
0.45636629688
1.16577938827
0.816808975667
-0.440645668846
-0.495826742225
-0.136346676898
0.467277580505
0.650627280788
-0.0468287516063
0.941297135756
1.93593139935
-0.740387705656
0.212221312962
-0.216102813604
-0.460179939791
0.909867784597
-0.156550966869
0.0349493297341
-0.287214097789
0.795456912954
0.466146197063
0.180893474813
-0.416145212314
-0.566347073663
0.803193724862
0.769903040948
3.0058097016
0.687976356388
-0.0255082451723
-0.822547815143
-0.102343231514
-0.188164638696
0.946900196863
0.849338725801
0.603704028453
0.307561873401
0.985600781389
1.15385206958
-0.277446214214
0.155964379216
-0.0645568349231
-0.878107842274
-0.15890035922
0.540292809676
-0.747293380949
0.915711302965
0.85905564699
0.68402816393
0.278020623819
0.878360579484
0.365635327823
0.391720583837
-0.824041870556
-0.782807041318
-0.89900936269
-0.788586556821
0.0578504168152
-0.981171789622
0.0227927547398
-0.737551571856
0.107554994178
0.507509613591
-0.45398576364
-0.949741345872
0.0973537935237
0.342420946329
0.287546648641
-0.154451126893
-0.349226395045
-0.821007552679
0.649574270748
0.734707963193
-0.125149629685
0.0911964132615
0.864277473601
1.03667602077
0.0659939853681
0.381760931468
0.451448479971
-0.178582639216
-0.508173322142
0.263036077083
0.44388154581
-0.234173502741
0.144729813539
0.117964643254
-0.983887148804
0.841287047882
-0.52980628501
-0.198774545637
0.737478568758
-0.873949064288
0.121631233572
0.0808843117435
0.985156261581
0.151527263433
-0.657817859552
0.484531465554
-0.767431722549
-0.483587214466
-0.574909046278
-0.316903096734
0.0813583647177
-0.144581987549
0.741038964509
0.169237267039
1.44891415232
0.106197688789
1.76160874445
-0.604135679346
-0.973883462789
-0.0910613820951
-0.855749218241
-0.512925503052
-0.229814424719
0.310047183868
1.24559727087
0.734967674986
-0.160436558204
0.0925802353138
-0.800580956001
-0.81102312253
-0.844100851865
0.826597719642
0.638440438816
0.0675337533951
-0.644592305569
0.444145703351
-0.623599878319
