4
0
3
2
1
136
0.458346791543
-0.770850029829
0.122519110526
-0.463988439885
0.731620888425
-0.984816388777
0.733460599856
-0.847039986801
0.981743322619
-0.206148253119
-0.844611633722
0.753104955419
0.31177309864
-0.989008969419
0.426975857649
0.39303583078
-0.91110310842
1.00602750288
0.442683614171
0.633676384472
0.541671472831
-0.217106278727
0.402610617009
0.0794071756768
0.727456196041
-0.846494821257
-0.976600101002
0.561784876847
0.027709519301
-0.929280994094
-0.37141279685
-0.666631896108
-0.291384701993
1.48447334706
-0.923177382774
0.927610531785
0.13952757069
-0.200406291451
0.875871558048
-0.118435010937
0.719965081048
-0.407551581222
0.207510534183
-0.957790819793
0.691066798251
0.708281213852
-0.207320968033
-0.957944710244
0.0839375363119
-0.799007578447
0.395567061295
-0.372358144143
0.644246950645
-0.560741409989
0.887613233366
0.0772702405813
0.0249241149426
0.270352889772
1.02184293252
0.770552295307
-0.113329695897
0.593746283323
-0.0692156549379
0.308223783161
-0.925003413907
-0.539249613722
0.233201982447
-0.800810246359
-0.413623846621
-0.345642427457
-0.384551154654
-0.366611219086
0.906863550535
0.723528304794
0.134136593497
0.727608634817
0.906031552364
-0.762463727655
-0.0284945552565
-0.128632744751
0.145774983524
0.60414843408
0.814744481948
0.167821372003
0.415753662098
0.72020036289
0.964567217668
-0.723619704565
0.0448897205219
0.488099227411
-0.0245252243888
0.57301711155
-0.55109349169
-0.3233259529
0.698084332482
-0.865970557334
0.840419622854
0.916167658693
-0.038758963172
-0.420451390108
-0.402689060303
-0.57105922015
0.641896697221
-0.960390287718
0.109943654647
-0.685791212527
0.243679258584
-0.270573631988
-0.297465247527
0.505445217437
0.808241527342
0.0220383348954
0.961392562676
-0.168342725378
-0.0258935195863
-0.0989137357419
-0.357171856114
-0.306852882494
-0.240947122158
-0.309623945315
0.658174301327
0.819861067016
-0.913468406701
-0.137875328695
0.0407159066729
-0.371845374049
0.632881688671
-0.692969295025
0.58635664661
0.534357715074
0.0948878780752
0.702615998692
-0.46616594752
0.404917346032
-0.199854509962
0.977326749477
