4
0
3
2
1
136
-0.543086576781
0.569734240439
0.849025773183
0.66294085202
-0.668900041887
0.455687192896
0.071955866233
0.457191966774
1.18163986985
0.816808975667
-0.440645668846
-0.495826742225
-0.136346676898
0.467277580505
0.717449928747
-0.0433541061663
0.944771734329
2.16843159175
-0.740387705656
0.212221312962
-0.216102813604
-0.460179939791
0.909867784597
-0.156550966869
0.0451797104136
-0.265722843678
0.795483727589
0.4982328516
0.212976374987
-0.384066065639
-0.566347073663
0.803193724862
0.769903040948
3.20601615429
0.687976356388
-0.0115739047461
-0.822547815143
-0.102343231514
-0.156089244657
0.978971839128
0.881406617156
0.603704028453
0.383298522104
1.01168513585
1.30802487784
-0.277446214214
0.155964379216
0.0111356379388
-0.852026904112
-0.00480616614374
0.540292809676
-0.747293380949
0.915711302965
0.85905564699
0.68402816393
0.336767487545
0.878360579484
0.365635327823
0.798670016702
-0.824041870556
-0.782807041318
-0.89900936269
-0.788586556821
0.0578504168152
-0.981171789622
0.0422539893116
-0.702993136518
0.107554994178
0.507509613591
-0.45398576364
-0.949741345872
0.0973537935237
0.342420946329
0.287546648641
-0.154451126893
-0.253498208763
-0.793406572223
0.777439195495
0.734707963193
-0.125149629685
0.186868851648
0.891866273641
1.16447037783
0.0659939853681
0.381760931468
0.451448479971
-0.178582639216
-0.508173322142
0.363516564865
0.44388154581
-0.234173502741
0.427669825059
0.117964643254
-0.983887148804
0.841287047882
-0.52980628501
-0.198774545637
0.737478568758
-0.867184349499
0.126408215366
0.0808843117435
0.985156261581
0.151527263433
-0.657817859552
0.484531465554
-0.767431722549
-0.483587214466
-0.562142435688
-0.24312498482
0.0847371694829
-0.0468935472651
0.741038964509
0.181995956382
1.52265290134
0.109574343557
1.85924820611
-0.604135679346
-0.973883462789
-0.0910613820951
-0.855749218241
-0.512925503052
-0.139280840487
0.337643818711
1.27319103092
0.949015141487
-0.160436558204
0.0925802353138
-0.800580956001
-0.81102312253
-0.844100851865
0.826597719642
0.649683906567
0.0675337533951
-0.642939766901
0.444145703351
-0.623599878319
