4
0
3
2
1
136
-0.543280996902
0.561186738149
0.848610216558
0.655064686746
-0.668900041887
0.45549279251
0.0634089808626
0.456776423087
1.17376425919
0.816808975667
-0.440645668846
-0.495826742225
-0.136346676898
0.467277580505
0.684099502837
-0.0450832712274
0.943042589551
2.05062942853
-0.740387705656
0.212221312962
-0.216102813604
-0.460179939791
0.909867784597
-0.156550966869
0.0400848951633
-0.276560597952
0.795470594562
0.481781005463
0.196526275966
-0.400514417906
-0.566347073663
0.803193724862
0.769903040948
3.10475931926
0.687976356388
-0.0184876528137
-0.822547815143
-0.102343231514
-0.172535850533
0.962526979281
0.864963502975
0.603704028453
0.34642221307
0.997841783408
1.23220764186
-0.277446214214
0.155964379216
-0.0257212815876
-0.865868610468
-0.0805882431333
0.540292809676
-0.747293380949
0.915711302965
0.85905564699
0.68402816393
0.308445408138
0.878360579484
0.365635327823
0.585414146999
-0.824041870556
-0.782807041318
-0.89900936269
-0.788586556821
0.0578504168152
-0.981171789622
0.0330023871642
-0.7216303607
0.107554994178
0.507509613591
-0.45398576364
-0.949741345872
0.0973537935237
0.342420946329
0.287546648641
-0.154451126893
-0.300917388267
-0.80743848323
0.714123422253
0.734707963193
-0.125149629685
0.139474629965
0.877839726954
1.10118631621
0.0659939853681
0.381760931468
0.451448479971
-0.178582639216
-0.508173322142
0.31320847994
0.44388154581
-0.234173502741
0.278994699142
0.117964643254
-0.983887148804
0.841287047882
-0.52980628501
-0.198774545637
0.737478568758
-0.870660717783
0.124035577682
0.0808843117435
0.985156261581
0.151527263433
-0.657817859552
0.484531465554
-0.767431722549
-0.483587214466
-0.568320999675
-0.279639005256
0.0830930442199
-0.0954641690724
0.741038964509
0.175820720366
1.48615575263
0.107931133457
1.81069877478
-0.604135679346
-0.973883462789
-0.0910613820951
-0.855749218241
-0.512925503052
-0.184404217131
0.324270851954
1.25981924245
0.836824101402
-0.160436558204
0.0925802353138
-0.800580956001
-0.81102312253
-0.844100851865
0.826597719642
0.643966980383
0.0675337533951
-0.6437295929
0.444145703351
-0.623599878319
