4
0
3
2
1
136
-0.543260093629
0.562096575999
0.848654106684
0.655906651567
-0.668900041887
0.455513693404
0.0643187450615
0.456820311659
1.17460615739
0.816808975667
-0.440645668846
-0.495826742225
-0.136346676898
0.467277580505
0.687649016214
-0.0448987838976
0.943227074456
2.06299898973
-0.740387705656
0.212221312962
-0.216102813604
-0.460179939791
0.909867784597
-0.156550966869
0.0406282022512
-0.275417697071
0.795472015563
0.483490843154
0.198235915771
-0.398804975944
-0.566347073663
0.803193724862
0.769903040948
3.11540820969
0.687976356388
-0.017748051184
-0.822547815143
-0.102343231514
-0.170826606368
0.964236025693
0.866672351678
0.603704028453
0.350453971741
0.999236967998
1.24042836593
-0.277446214214
0.155964379216
-0.0216918569202
-0.864473608442
-0.0723716870286
0.540292809676
-0.747293380949
0.915711302965
0.85905564699
0.68402816393
0.311569249742
0.878360579484
0.365635327823
0.607147782956
-0.824041870556
-0.782807041318
-0.89900936269
-0.788586556821
0.0578504168152
-0.981171789622
0.0340352448099
-0.719783250005
0.107554994178
0.507509613591
-0.45398576364
-0.949741345872
0.0973537935237
0.342420946329
0.287546648641
-0.154451126893
-0.295817974124
-0.805968885249
0.720938194147
0.734707963193
-0.125149629685
0.144571095244
0.879308682727
1.10799735433
0.0659939853681
0.381760931468
0.451448479971
-0.178582639216
-0.508173322142
0.318562018022
0.44388154581
-0.234173502741
0.294087398646
0.117964643254
-0.983887148804
0.841287047882
-0.52980628501
-0.198774545637
0.737478568758
-0.870298850224
0.124290383238
0.0808843117435
0.985156261581
0.151527263433
-0.657817859552
0.484531465554
-0.767431722549
-0.483587214466
-0.567645079137
-0.275721763382
0.0832721892889
-0.0902739383116
0.741038964509
0.176496233145
1.49007095731
0.108110167348
1.81588646469
-0.604135679346
-0.973883462789
-0.0910613820951
-0.855749218241
-0.512925503052
-0.17959289508
0.325731805209
1.26128004886
0.848223478839
-0.160436558204
0.0925802353138
-0.800580956001
-0.81102312253
-0.844100851865
0.826597719642
0.644565965852
0.0675337533951
-0.643642263299
0.444145703351
-0.623599878319
