4
0
3
2
1
136
-0.543252776103
0.562415594979
0.84866951512
0.656201668001
-0.668900041887
0.455521010113
0.0646377387002
0.45683571956
1.17490115092
0.816808975667
-0.440645668846
-0.495826742225
-0.136346676898
0.467277580505
0.688893632045
-0.0448341208698
0.943291736648
2.06734574565
-0.740387705656
0.212221312962
-0.216102813604
-0.460179939791
0.909867784597
-0.156550966869
0.0408186503681
-0.275016348828
0.795472512499
0.48409272401
0.198837727917
-0.398203232491
-0.566347073663
0.803193724862
0.769903040948
3.11914933823
0.687976356388
-0.0174889306107
-0.822547815143
-0.102343231514
-0.170224931595
0.964837631802
0.867273889139
0.603704028453
0.351862371966
0.999730606282
1.2433041347
-0.277446214214
0.155964379216
-0.020284260237
-0.863980033823
-0.0694973568035
0.540292809676
-0.747293380949
0.915711302965
0.85905564699
0.68402816393
0.312658969144
0.878360579484
0.365635327823
0.614822767669
-0.824041870556
-0.782807041318
-0.89900936269
-0.788586556821
0.0578504168152
-0.981171789622
0.0343948392801
-0.719128085
0.107554994178
0.507509613591
-0.45398576364
-0.949741345872
0.0973537935237
0.342420946329
0.287546648641
-0.154451126893
-0.294032154116
-0.8054522492
0.723324604919
0.734707963193
-0.125149629685
0.146355897229
0.879825097557
1.11038247542
0.0659939853681
0.381760931468
0.451448479971
-0.178582639216
-0.508173322142
0.320439777941
0.44388154581
-0.234173502741
0.299419584069
0.117964643254
-0.983887148804
0.841287047882
-0.52980628501
-0.198774545637
0.737478568758
-0.870171442796
0.12437964932
0.0808843117435
0.985156261581
0.151527263433
-0.657817859552
0.484531465554
-0.767431722549
-0.483587214466
-0.567409104637
-0.274349872151
0.0833347772863
-0.0884550387386
0.741038964509
0.176732067922
1.49144214873
0.10817271719
1.81770449041
-0.604135679346
-0.973883462789
-0.0910613820951
-0.855749218241
-0.512925503052
-0.177906190582
0.326241945049
1.26179013853
0.852249630926
-0.160436558204
0.0925802353138
-0.800580956001
-0.81102312253
-0.844100851865
0.826597719642
0.644776555582
0.0675337533951
-0.643611827963
0.444145703351
-0.623599878319
