4
0
3
2
1
136
-0.543017078899
0.572836694603
0.849178430836
0.665781193464
-0.668900041887
0.45575668491
0.0750581340124
0.457344620562
1.18448004532
0.816808975667
-0.440645668846
-0.495826742225
-0.136346676898
0.467277580505
0.72955564482
-0.0427286683848
0.945397166003
2.21207346947
-0.740387705656
0.212221312962
-0.216102813604
-0.460179939791
0.909867784597
-0.156550966869
0.0470234546613
-0.261733971619
0.795488376185
0.504416498791
0.219159449229
-0.377883564241
-0.566347073663
0.803193724862
0.769903040948
3.24344476028
0.687976356388
-0.00908338901616
-0.822547815143
-0.102343231514
-0.149907316
0.985153195149
0.887587400644
0.603704028453
0.396047767158
1.01711200944
1.33454688769
-0.277446214214
0.155964379216
0.0238792525271
-0.846600582634
0.0217053640798
0.540292809676
-0.747293380949
0.915711302965
0.85905564699
0.68402816393
0.346420657536
0.878360579484
0.365635327823
0.881112967305
-0.824041870556
-0.782807041318
-0.89900936269
-0.788586556821
0.0578504168152
-0.981171789622
0.0453475564404
-0.695489430258
0.107554994178
0.507509613591
-0.45398576364
-0.949741345872
0.0973537935237
0.342420946329
0.287546648641
-0.154451126893
-0.23663925811
-0.7881827778
0.799887920815
0.734707963193
-0.125149629685
0.203720287293
0.897088487141
1.18690949506
0.0659939853681
0.381760931468
0.451448479971
-0.178582639216
-0.508173322142
0.381723141021
0.44388154581
-0.234173502741
0.485626676084
0.117964643254
-0.983887148804
0.841287047882
-0.52980628501
-0.198774545637
0.737478568758
-0.865888939223
0.127251475867
0.0808843117435
0.985156261581
0.151527263433
-0.657817859552
0.484531465554
-0.767431722549
-0.483587214466
-0.559995167968
-0.230044238367
0.0853115158961
-0.0293927471703
0.741038964509
0.184142264762
1.53572866403
0.110148422786
1.87674267367
-0.604135679346
-0.973883462789
-0.0910613820951
-0.855749218241
-0.512925503052
-0.122967689953
0.342303356684
1.27785023845
0.992765705108
-0.160436558204
0.0925802353138
-0.800580956001
-0.81102312253
-0.844100851865
0.826597719642
0.651804662064
0.0675337533951
-0.642669802314
0.444145703351
-0.623599878319
