4
0
3
2
1
136
-0.545334650403
0.481274118314
0.845016035655
0.577362566588
-0.668900041887
0.453440061776
-0.016479124035
0.453182827106
1.09608654553
0.816808975667
-0.440645668846
-0.495826742225
-0.136346676898
0.467277580505
0.376103535011
-0.0617431333878
0.926383565237
1.11969133906
-0.740387705656
0.212221312962
-0.216102813604
-0.460179939791
0.909867784597
-0.156550966869
-0.00783504737664
-0.365884744499
0.795321490882
0.37160834351
0.0863792413855
-0.510635837297
-0.566347073663
0.803193724862
0.769903040948
2.28622981108
0.687976356388
-0.0870820907919
-0.822547815143
-0.102343231514
-0.282631666906
0.852456753761
0.754918856152
0.603704028453
0.0733284361809
0.934828878048
0.703605967585
-0.277446214214
0.155964379216
-0.298643838734
-0.928871169218
-0.608896895384
0.540292809676
-0.747293380949
0.915711302965
0.85905564699
0.68402816393
0.0852305273893
0.878360579484
0.365635327823
-0.484094350631
-0.824041870556
-0.782807041318
-0.89900936269
-0.788586556821
0.0578504168152
-0.981171789622
-0.0456988810872
-0.798222206674
0.107554994178
0.507509613591
-0.45398576364
-0.949741345872
0.0973537935237
0.342420946329
0.287546648641
-0.154451126893
-0.630078410654
-0.894316792465
0.273697190464
0.734707963193
-0.125149629685
-0.189465883324
0.791011374607
0.661045395328
0.0659939853681
0.381760931468
0.451448479971
-0.178582639216
-0.508173322142
-0.0207981244967
0.44388154581
-0.234173502741
-0.477038870059
0.117964643254
-0.983887148804
0.841287047882
-0.52980628501
-0.198774545637
0.737478568758
-0.889604922053
0.107994982551
0.0808843117435
0.985156261581
0.151527263433
-0.657817859552
0.484531465554
-0.767431722549
-0.483587214466
-0.640330656018
-0.625930091274
0.066177925208
-0.533573888967
0.741038964509
0.103940582785
1.14040079743
0.0910427556349
1.37320894493
-0.604135679346
-0.973883462789
-0.0910613820951
-0.855749218241
-0.512925503052
-0.584039214864
0.165256779868
1.10087161503
0.14680268025
-0.160436558204
0.0925802353138
-0.800580956001
-0.81102312253
-0.844100851865
0.826597719642
0.603121030239
0.0675337533951
-0.654038629776
0.444145703351
-0.623599878319
