4
0
3
2
1
136
-0.542961694994
0.575327207347
0.849301699318
0.6680542945
-0.668900041887
0.455812064533
0.0775485097525
0.457467886217
1.18675302491
0.816808975667
-0.440645668846
-0.495826742225
-0.136346676898
0.467277580505
0.739272940326
-0.0422274253566
0.945898404548
2.24744782871
-0.740387705656
0.212221312962
-0.216102813604
-0.460179939791
0.909867784597
-0.156550966869
0.0485012403664
-0.258510947336
0.795492063137
0.509460622661
0.224203136187
-0.372840314122
-0.566347073663
0.803193724862
0.769903040948
3.27375273492
0.687976356388
-0.00709134255826
-0.822547815143
-0.102343231514
-0.144864502645
0.990195571813
0.892629340692
0.603704028453
0.40600685503
1.02161875417
1.35536256401
-0.277446214214
0.155964379216
0.0338343363902
-0.842094261161
0.0425134952664
0.540292809676
-0.747293380949
0.915711302965
0.85905564699
0.68402816393
0.353907430691
0.878360579484
0.365635327823
0.949241928369
-0.824041870556
-0.782807041318
-0.89900936269
-0.788586556821
0.0578504168152
-0.981171789622
0.0477252989726
-0.689167057865
0.107554994178
0.507509613591
-0.45398576364
-0.949741345872
0.0973537935237
0.342420946329
0.287546648641
-0.154451126893
-0.223274148248
-0.783933510761
0.81764134374
0.734707963193
-0.125149629685
0.217079944279
0.901336617793
1.20465592569
0.0659939853681
0.381760931468
0.451448479971
-0.178582639216
-0.508173322142
0.39629444762
0.44388154581
-0.234173502741
0.533795297896
0.117964643254
-0.983887148804
0.841287047882
-0.52980628501
-0.198774545637
0.737478568758
-0.864840747522
0.127918690865
0.0808843117435
0.985156261581
0.151527263433
-0.657817859552
0.484531465554
-0.767431722549
-0.483587214466
-0.558308374106
-0.219617561295
0.0857635248197
-0.0154062600153
0.741038964509
0.185828370363
1.54615172465
0.110600239064
1.89072454072
-0.604135679346
-0.973883462789
-0.0910613820951
-0.855749218241
-0.512925503052
-0.109909625072
0.345969074528
1.28151572208
1.02916310527
-0.160436558204
0.0925802353138
-0.800580956001
-0.81102312253
-0.844100851865
0.826597719642
0.653522483672
0.0675337533951
-0.642459409543
0.444145703351
-0.623599878319
