4
0
3
2
1
136
-0.543038033589
0.571898605272
0.849132167183
0.664923383099
-0.668900041887
0.45573573193
0.0741200991467
0.457298358036
1.18362228337
0.816808975667
-0.440645668846
-0.495826742225
-0.136346676898
0.467277580505
0.725895300871
-0.0429176605125
0.945208175658
2.19882782638
-0.740387705656
0.212221312962
-0.216102813604
-0.460179939791
0.909867784597
-0.156550966869
0.046466289629
-0.262943149468
0.795486977139
0.502535005134
0.217278125435
-0.379764718204
-0.566347073663
0.803193724862
0.769903040948
3.23208934197
0.687976356388
-0.00983539024535
-0.822547815143
-0.102343231514
-0.15178830016
0.983272380761
0.885706755998
0.603704028453
0.392232145932
1.01544895131
1.32659398005
-0.277446214214
0.155964379216
0.0200652569886
-0.848263476676
0.0137554971217
0.540292809676
-0.747293380949
0.915711302965
0.85905564699
0.68402816393
0.343539583405
0.878360579484
0.365635327823
0.855900939722
-0.824041870556
-0.782807041318
-0.89900936269
-0.788586556821
0.0578504168152
-0.981171789622
0.0444275135344
-0.697801391529
0.107554994178
0.507509613591
-0.45398576364
-0.949741345872
0.0973537935237
0.342420946329
0.287546648641
-0.154451126893
-0.241713238767
-0.789770177607
0.793137156957
0.734707963193
-0.125149629685
0.198648493223
0.89550154557
1.18016153012
0.0659939853681
0.381760931468
0.451448479971
-0.178582639216
-0.508173322142
0.376223819241
0.44388154581
-0.234173502741
0.467866739458
0.117964643254
-0.983887148804
0.841287047882
-0.52980628501
-0.198774545637
0.737478568758
-0.866282008873
0.126997826316
0.0808843117435
0.985156261581
0.151527263433
-0.657817859552
0.484531465554
-0.767431722549
-0.483587214466
-0.560639059403
-0.233988958632
0.0851391566654
-0.0346758437229
0.741038964509
0.183498651011
1.53178539284
0.109976141052
1.8714614223
-0.604135679346
-0.973883462789
-0.0910613820951
-0.855749218241
-0.512925503052
-0.127895306148
0.340905351203
1.27645232815
0.97935476921
-0.160436558204
0.0925802353138
-0.800580956001
-0.81102312253
-0.844100851865
0.826597719642
0.651161082559
0.0675337533951
-0.642750505548
0.444145703351
-0.623599878319
