4
0
3
2
1
136
-0.542794499496
0.582945150642
0.849682834868
0.67496905571
-0.668900041887
0.455979248997
0.0851660953834
0.457849014451
1.19366747165
0.816808975667
-0.440645668846
-0.495826742225
-0.136346676898
0.467277580505
0.768988207437
-0.040698758397
0.947427059839
2.35753339491
-0.740387705656
0.212221312962
-0.216102813604
-0.460179939791
0.909867784597
-0.156550966869
0.0530079921179
-0.248538216966
0.795503097631
0.52532394105
0.240065241328
-0.356979422046
-0.566347073663
0.803193724862
0.769903040948
3.36791462289
0.687976356388
-0.00103770654319
-0.822547815143
-0.102343231514
-0.129004823451
1.00605403831
0.908486594669
0.603704028453
0.434869881814
1.03619119673
1.41608885784
-0.277446214214
0.155964379216
0.0626876756568
-0.827522998275
0.103221150772
0.540292809676
-0.747293380949
0.915711302965
0.85905564699
0.68402816393
0.375316848955
0.878360579484
0.365635327823
1.16837292244
-0.824041870556
-0.782807041318
-0.89900936269
-0.788586556821
0.0578504168152
-0.981171789622
0.0544192462394
-0.668112445039
0.107554994178
0.507509613591
-0.45398576364
-0.949741345872
0.0973537935237
0.342420946329
0.287546648641
-0.154451126893
-0.183425272349
-0.770583221754
0.870222569172
0.734707963193
-0.125149629685
0.256915104714
0.914684087246
1.25721948437
0.0659939853681
0.381760931468
0.451448479971
-0.178582639216
-0.508173322142
0.440551548211
0.44388154581
-0.234173502741
0.690837588089
0.117964643254
-0.983887148804
0.841287047882
-0.52980628501
-0.198774545637
0.737478568758
-0.861613240774
0.129894264808
0.0808843117435
0.985156261581
0.151527263433
-0.657817859552
0.484531465554
-0.767431722549
-0.483587214466
-0.553353813674
-0.188175847721
0.0870943085318
0.0269587195258
0.741038964509
0.190781215316
1.57758424439
0.111930539049
1.93307766447
-0.604135679346
-0.973883462789
-0.0910613820951
-0.855749218241
-0.512925503052
-0.0702458280575
0.356768549154
1.29231462447
1.14814545027
-0.160436558204
0.0925802353138
-0.800580956001
-0.81102312253
-0.844100851865
0.826597719642
0.658848411099
0.0675337533951
-0.641850167196
0.444145703351
-0.623599878319
