4
0
3
2
1
136
-0.543839509821
0.537656217655
0.84750176994
0.632981267518
-0.668900041887
0.454934373435
0.0398812608241
0.455668037237
1.15168343087
0.816808975667
-0.440645668846
-0.495826742225
-0.136346676898
0.467277580505
0.592432852171
-0.0498913651007
0.938234588685
1.7447612699
-0.740387705656
0.212221312962
-0.216102813604
-0.460179939791
0.909867784597
-0.156550966869
0.0259707133142
-0.305198712905
0.795431852391
0.441102482945
0.155853845224
-0.44118075866
-0.566347073663
0.803193724862
0.769903040948
2.83993731155
0.687976356388
-0.03792590213
-0.822547815143
-0.102343231514
-0.213196103084
0.921872813149
0.824315421476
0.603704028453
0.239893713272
0.968133167752
1.02087945748
-0.277446214214
0.155964379216
-0.132175983092
-0.895572468367
-0.29178970566
0.540292809676
-0.747293380949
0.915711302965
0.85905564699
0.68402816393
0.223814194216
0.878360579484
0.365635327823
0.103784279548
-0.824041870556
-0.782807041318
-0.89900936269
-0.788586556821
0.0578504168152
-0.981171789622
0.00402685171589
-0.759400852759
0.107554994178
0.507509613591
-0.45398576364
-0.949741345872
0.0973537935237
0.342420946329
0.287546648641
-0.154451126893
-0.430923240227
-0.842978979847
0.54059180235
0.734707963193
-0.125149629685
0.0095597589628
0.842319761353
0.927769448997
0.0659939853681
0.381760931468
0.451448479971
-0.178582639216
-0.508173322142
0.179765601083
0.44388154581
-0.234173502741
-0.0555435340497
0.117964643254
-0.983887148804
0.841287047882
-0.52980628501
-0.198774545637
0.737478568758
-0.878993268209
0.117616648015
0.0808843117435
0.985156261581
0.151527263433
-0.657817859552
0.484531465554
-0.767431722549
-0.483587214466
-0.587272479928
-0.382851133444
0.0781743368066
-0.230324058681
0.741038964509
0.156885894969
1.38302233351
0.103016762276
1.67593460053
-0.604135679346
-0.973883462789
-0.0910613820951
-0.855749218241
-0.512925503052
-0.308591415891
0.283357914919
1.21891277234
0.57848964403
-0.160436558204
0.0925802353138
-0.800580956001
-0.81102312253
-0.844100851865
0.826597719642
0.629405959228
0.0675337533951
-0.646264996881
0.444145703351
-0.623599878319
