4
0
3
2
1
136
-0.544122793954
0.526267128511
0.846982260402
0.622069547155
-0.668900041887
0.454651166799
0.028494382413
0.455148577371
1.14077381436
0.816808975667
-0.440645668846
-0.495826742225
-0.136346676898
0.467277580505
0.548236348684
-0.0522453965839
0.935880631384
1.60638230466
-0.740387705656
0.212221312962
-0.216102813604
-0.460179939791
0.909867784597
-0.156550966869
0.0191126987963
-0.318396541821
0.795411654177
0.42391899055
0.138673913708
-0.458357130694
-0.566347073663
0.803193724862
0.769903040948
2.71899209835
0.687976356388
-0.047554438494
-0.822547815143
-0.102343231514
-0.230368917035
0.904703555884
0.807149719502
0.603704028453
0.19286029056
0.957817109335
0.930408208692
-0.277446214214
0.155964379216
-0.179175853576
-0.905886645275
-0.382204640288
0.540292809676
-0.747293380949
0.915711302965
0.85905564699
0.68402816393
0.185338653642
0.878360579484
0.365635327823
-0.0734402942233
-0.824041870556
-0.782807041318
-0.89900936269
-0.788586556821
0.0578504168152
-0.981171789622
-0.00961803889719
-0.771818040685
0.107554994178
0.507509613591
-0.45398576364
-0.949741345872
0.0973537935237
0.342420946329
0.287546648641
-0.154451126893
-0.486936384626
-0.857639372019
0.465901917495
0.734707963193
-0.125149629685
-0.0464111129536
0.827669114454
0.853133491075
0.0659939853681
0.381760931468
0.451448479971
-0.178582639216
-0.508173322142
0.123278953521
0.44388154581
-0.234173502741
-0.180344704491
0.117964643254
-0.983887148804
0.841287047882
-0.52980628501
-0.198774545637
0.737478568758
-0.882156327358
0.114898359039
0.0808843117435
0.985156261581
0.151527263433
-0.657817859552
0.484531465554
-0.767431722549
-0.483587214466
-0.597397219496
-0.433591339944
0.0756568479438
-0.295234334574
0.741038964509
0.146774899855
1.3323429273
0.100502586945
1.61109620353
-0.604135679346
-0.973883462789
-0.0910613820951
-0.855749218241
-0.512925503052
-0.367872086021
0.261401373705
1.19696213204
0.473524472935
-0.160436558204
0.0925802353138
-0.800580956001
-0.81102312253
-0.844100851865
0.826597719642
0.623072230827
0.0675337533951
-0.647682597657
0.444145703351
-0.623599878319
