4
0
3
2
1
136
-0.542917669773
0.577318539246
0.849400729412
0.669867342095
-0.668900041887
0.455856086584
0.079539739606
0.457566914214
1.18856598241
0.816808975667
-0.440645668846
-0.495826742225
-0.136346676898
0.467277580505
0.747041869395
-0.0418271758204
0.946298650753
2.27595023175
-0.740387705656
0.212221312962
-0.216102813604
-0.460179939791
0.909867784597
-0.156550966869
0.0496813062676
-0.255920613996
0.795494982722
0.513544525139
0.228286703821
-0.368757081278
-0.566347073663
0.803193724862
0.769903040948
3.29815436512
0.687976356388
-0.00550317583061
-0.822547815143
-0.102343231514
-0.140781604537
0.994278135239
0.896711569489
0.603704028453
0.413787029579
1.02531595398
1.37167810866
-0.277446214214
0.155964379216
0.0416116222083
-0.838397386571
0.0588235428237
0.540292809676
-0.747293380949
0.915711302965
0.85905564699
0.68402816393
0.359721828692
0.878360579484
0.365635327823
1.00496329851
-0.824041870556
-0.782807041318
-0.89900936269
-0.788586556821
0.0578504168152
-0.981171789622
0.0495587790885
-0.683915987288
0.107554994178
0.507509613591
-0.45398576364
-0.949741345872
0.0973537935237
0.342420946329
0.287546648641
-0.154451126893
-0.212703490737
-0.780497414215
0.831647615601
0.734707963193
-0.125149629685
0.227646599195
0.90477188595
1.21865705342
0.0659939853681
0.381760931468
0.451448479971
-0.178582639216
-0.508173322142
0.40791159506
0.44388154581
-0.234173502741
0.573402699859
0.117964643254
-0.983887148804
0.841287047882
-0.52980628501
-0.198774545637
0.737478568758
-0.863998967122
0.128445129255
0.0808843117435
0.985156261581
0.151527263433
-0.657817859552
0.484531465554
-0.767431722549
-0.483587214466
-0.55698339096
-0.21133087084
0.086119013117
-0.00426776985429
0.741038964509
0.187152851313
1.55443575219
0.110955586282
1.90185961422
-0.604135679346
-0.973883462789
-0.0910613820951
-0.855749218241
-0.512925503052
-0.0994974006093
0.348852184981
1.28439866324
1.05912220569
-0.160436558204
0.0925802353138
-0.800580956001
-0.81102312253
-0.844100851865
0.826597719642
0.654904981666
0.0675337533951
-0.642295194772
0.444145703351
-0.623599878319
