4
0
3
2
1
136
-0.542915898213
0.577398886249
0.849404733926
0.669940413029
-0.668900041887
0.45585785802
0.0796200826273
0.457570918647
1.18863904985
0.816808975667
-0.440645668846
-0.495826742225
-0.136346676898
0.467277580505
0.747355316771
-0.0418110361989
0.946314790244
2.27710432758
-0.740387705656
0.212221312962
-0.216102813604
-0.460179939791
0.909867784597
-0.156550966869
0.0497288910033
-0.255815851174
0.795495099996
0.513710244609
0.228452410048
-0.368591388292
-0.566347073663
0.803193724862
0.769903040948
3.29914207762
0.687976356388
-0.00543918155797
-0.822547815143
-0.102343231514
-0.14061592479
0.994443801749
0.896877222764
0.603704028453
0.414097486428
1.02546684469
1.3723300706
-0.277446214214
0.155964379216
0.0419219681051
-0.838246508729
0.0594752926735
0.540292809676
-0.747293380949
0.915711302965
0.85905564699
0.68402816393
0.359953201028
0.878360579484
0.365635327823
1.0072348126
-0.824041870556
-0.782807041318
-0.89900936269
-0.788586556821
0.0578504168152
-0.981171789622
0.0496315001298
-0.683700413547
0.107554994178
0.507509613591
-0.45398576364
-0.949741345872
0.0973537935237
0.342420946329
0.287546648641
-0.154451126893
-0.21227920872
-0.78035802074
0.832209048254
0.734707963193
-0.125149629685
0.228070726187
0.904911247437
1.21921828664
0.0659939853681
0.381760931468
0.451448479971
-0.178582639216
-0.508173322142
0.4083796537
0.44388154581
-0.234173502741
0.575021654878
0.117964643254
-0.983887148804
0.841287047882
-0.52980628501
-0.198774545637
0.737478568758
-0.863964952359
0.128466230374
0.0808843117435
0.985156261581
0.151527263433
-0.657817859552
0.484531465554
-0.767431722549
-0.483587214466
-0.556930373032
-0.210997483316
0.0861332447193
-0.00381923655079
0.741038964509
0.18720584983
1.55476903634
0.110969812423
1.90230801463
-0.604135679346
-0.973883462789
-0.0910613820951
-0.855749218241
-0.512925503052
-0.0990778708937
0.348967620882
1.28451409263
1.06034743515
-0.160436558204
0.0925802353138
-0.800580956001
-0.81102312253
-0.844100851865
0.826597719642
0.654960920558
0.0675337533951
-0.642288643243
0.444145703351
-0.623599878319
