4
0
3
2
1
136
-0.546442791997
0.444851556775
0.843490164269
0.538976743247
-0.668900041887
0.452333704429
-0.0528607866682
0.451658072002
1.05774552221
0.816808975667
-0.440645668846
-0.495826742225
-0.136346676898
0.467277580505
0.241915357346
-0.0697171901355
0.918410970394
0.791232476421
-0.740387705656
0.212221312962
-0.216102813604
-0.460179939791
0.909867784597
-0.156550966869
-0.0289127043334
-0.398375805467
0.795234371052
0.344741651435
0.0595245216019
-0.53747859359
-0.566347073663
0.803193724862
0.769903040948
1.98685032305
0.687976356388
-0.120954515798
-0.822547815143
-0.102343231514
-0.309462468505
0.825637898072
0.728111937592
0.603704028453
0.0314869322854
0.927283201835
0.624369377693
-0.277446214214
0.155964379216
-0.340471583044
-0.936415922701
-0.688108277153
0.540292809676
-0.747293380949
0.915711302965
0.85905564699
0.68402816393
0.0495827955077
0.878360579484
0.365635327823
-0.621756489075
-0.824041870556
-0.782807041318
-0.89900936269
-0.788586556821
0.0578504168152
-0.981171789622
-0.0586025388223
-0.806553672667
0.107554994178
0.507509613591
-0.45398576364
-0.949741345872
0.0973537935237
0.342420946329
0.287546648641
-0.154451126893
-0.680888859462
-0.907149817486
0.204610500313
0.734707963193
-0.125149629685
-0.240255644138
0.778182783846
0.591988678246
0.0659939853681
0.381760931468
0.451448479971
-0.178582639216
-0.508173322142
-0.0721885601463
0.44388154581
-0.234173502741
-0.578996923785
0.117964643254
-0.983887148804
0.841287047882
-0.52980628501
-0.198774545637
0.737478568758
-0.892137347603
0.105535837948
0.0808843117435
0.985156261581
0.151527263433
-0.657817859552
0.484531465554
-0.767431722549
-0.483587214466
-0.669854360075
-0.7465304719
0.0607479158522
-0.678380829642
0.741038964509
0.0745025927277
1.02013687921
0.0856254346204
1.2287778125
-0.604135679346
-0.973883462789
-0.0910613820951
-0.855749218241
-0.512925503052
-0.715106359175
0.0941842216675
1.02986259589
-0.0278959935436
-0.160436558204
0.0925802353138
-0.800580956001
-0.81102312253
-0.844100851865
0.826597719642
0.5929645269
0.0675337533951
-0.658571386241
0.444145703351
-0.623599878319
