4
0
3
2
1
136
-0.543067404329
0.570587607773
0.849067664915
0.663723091364
-0.668900041887
0.455706363672
0.0728091804815
0.457233857403
1.18242206182
0.816808975667
-0.440645668846
-0.495826742225
-0.136346676898
0.467277580505
0.720779799465
-0.0431819569143
0.944943881839
2.18038888637
-0.740387705656
0.212221312962
-0.216102813604
-0.460179939791
0.909867784597
-0.156550966869
0.0456871624409
-0.264628555139
0.795485012443
0.499922615902
0.214665978489
-0.382376622907
-0.566347073663
0.803193724862
0.769903040948
3.21627532021
0.687976356388
-0.0108878590953
-0.822547815143
-0.102343231514
-0.154399962664
0.980660960411
0.883095577758
0.603704028453
0.386842244584
1.01315686782
1.31538193677
-0.277446214214
0.155964379216
0.0146777386031
-0.850555326676
0.00254788878311
0.540292809676
-0.747293380949
0.915711302965
0.85905564699
0.68402816393
0.339458185601
0.878360579484
0.365635327823
0.821078786313
-0.824041870556
-0.782807041318
-0.89900936269
-0.788586556821
0.0578504168152
-0.981171789622
0.0431194040122
-0.700969684634
0.107554994178
0.507509613591
-0.45398576364
-0.949741345872
0.0973537935237
0.342420946329
0.287546648641
-0.154451126893
-0.248838947317
-0.791977069846
0.783648283194
0.734707963193
-0.125149629685
0.191525964618
0.893295322318
1.1706767219
0.0659939853681
0.381760931468
0.451448479971
-0.178582639216
-0.508173322142
0.368529730966
0.44388154581
-0.234173502741
0.44339033077
0.117964643254
-0.983887148804
0.841287047882
-0.52980628501
-0.198774545637
0.737478568758
-0.8668293926
0.126641385061
0.0808843117435
0.985156261581
0.151527263433
-0.657817859552
0.484531465554
-0.767431722549
-0.483587214466
-0.561546722275
-0.23951713418
0.0848963798643
-0.0420717584924
0.741038964509
0.182591394031
1.52625932575
0.109733477294
1.86406818651
-0.604135679346
-0.973883462789
-0.0910613820951
-0.855749218241
-0.512925503052
-0.134789155099
0.338935785461
1.27448290222
0.96087856519
-0.160436558204
0.0925802353138
-0.800580956001
-0.81102312253
-0.844100851865
0.826597719642
0.650265016735
0.0675337533951
-0.642864633014
0.444145703351
-0.623599878319
