4
0
3
2
1
136
-0.543241224475
0.562919751944
0.848693885925
0.656667677311
-0.668900041887
0.455532560467
0.0651418561175
0.456860089531
1.17536712452
0.816808975667
-0.440645668846
-0.495826742225
-0.136346676898
0.467277580505
0.690860581354
-0.0447319572518
0.943393898963
2.07422522193
-0.740387705656
0.212221312962
-0.216102813604
-0.460179939791
0.909867784597
-0.156550966869
0.0411195652854
-0.274381439778
0.795473296437
0.485046386189
0.199791282227
-0.397249786027
-0.566347073663
0.803193724862
0.769903040948
3.12506928598
0.687976356388
-0.0170796531476
-0.822547815143
-0.102343231514
-0.169271592952
0.965790862646
0.868227012209
0.603704028453
0.354082333293
1.0005154196
1.24784125191
-0.277446214214
0.155964379216
-0.0180655528973
-0.863195320734
-0.064962488359
0.540292809676
-0.747293380949
0.915711302965
0.85905564699
0.68402816393
0.314375002824
0.878360579484
0.365635327823
0.627009474684
-0.824041870556
-0.782807041318
-0.89900936269
-0.788586556821
0.0578504168152
-0.981171789622
0.0349603634615
-0.718084705664
0.107554994178
0.507509613591
-0.45398576364
-0.949741345872
0.0973537935237
0.342420946329
0.287546648641
-0.154451126893
-0.29121249141
-0.804634368968
0.727092370597
0.734707963193
-0.125149629685
0.149173968196
0.880642632411
1.11414822385
0.0659939853681
0.381760931468
0.451448479971
-0.178582639216
-0.508173322142
0.323407785284
0.44388154581
-0.234173502741
0.307889032945
0.117964643254
-0.983887148804
0.841287047882
-0.52980628501
-0.198774545637
0.737478568758
-0.869969556297
0.124520624941
0.0808843117435
0.985156261581
0.151527263433
-0.657817859552
0.484531465554
-0.767431722549
-0.483587214466
-0.567037272371
-0.272183565606
0.0834334460117
-0.0855816313576
0.741038964509
0.177103682763
1.49360736446
0.108271326478
1.8205765346
-0.604135679346
-0.973883462789
-0.0910613820951
-0.855749218241
-0.512925503052
-0.175240990645
0.327045895837
1.26259401141
0.858643524363
-0.160436558204
0.0925802353138
-0.800580956001
-0.81102312253
-0.844100851865
0.826597719642
0.645109950577
0.0675337533951
-0.643563925701
0.444145703351
-0.623599878319
