4
0
3
2
1
136
-0.544070432907
0.52834577538
0.847076316497
0.624072405833
-0.668900041887
0.454703511601
0.0305725714784
0.455242623079
1.14277623402
0.816808975667
-0.440645668846
-0.495826742225
-0.136346676898
0.467277580505
0.55629053494
-0.0518143807995
0.936311631763
1.63117087754
-0.740387705656
0.212221312962
-0.216102813604
-0.460179939791
0.909867784597
-0.156550966869
0.0203648140016
-0.31602133699
0.795415414243
0.426932216771
0.141686464758
-0.455345254532
-0.566347073663
0.803193724862
0.769903040948
2.7407177082
0.687976356388
-0.04578614719
-0.822547815143
-0.102343231514
-0.227357715475
0.907714083125
0.810159572708
0.603704028453
0.200987152383
0.959524463593
0.945957534263
-0.277446214214
0.155964379216
-0.171054570079
-0.904179600911
-0.36666468789
0.540292809676
-0.747293380949
0.915711302965
0.85905564699
0.68402816393
0.192029102369
0.878360579484
0.365635327823
-0.0437495999505
-0.824041870556
-0.782807041318
-0.89900936269
-0.788586556821
0.0578504168152
-0.981171789622
-0.00723119764779
-0.769788121902
0.107554994178
0.507509613591
-0.45398576364
-0.949741345872
0.0973537935237
0.342420946329
0.287546648641
-0.154451126893
-0.477269046524
-0.855125289704
0.478800332351
0.734707963193
-0.125149629685
-0.0367509182258
0.830181551158
0.866022726153
0.0659939853681
0.381760931468
0.451448479971
-0.178582639216
-0.508173322142
0.133010104953
0.44388154581
-0.234173502741
-0.159319761479
0.117964643254
-0.983887148804
0.841287047882
-0.52980628501
-0.198774545637
0.737478568758
-0.881624070234
0.115366039163
0.0808843117435
0.985156261581
0.151527263433
-0.657817859552
0.484531465554
-0.767431722549
-0.483587214466
-0.595507847705
-0.424321056209
0.076119577186
-0.283443879737
0.741038964509
0.148661422
1.34160082499
0.100964646963
1.62287211563
-0.604135679346
-0.973883462789
-0.0910613820951
-0.855749218241
-0.512925503052
-0.357123800767
0.265510295255
1.20106979317
0.491888053739
-0.160436558204
0.0925802353138
-0.800580956001
-0.81102312253
-0.844100851865
0.826597719642
0.624191249422
0.0675337533951
-0.647415033286
0.444145703351
-0.623599878319
