4
0
3
2
1
136
-0.543443660698
0.554180282364
0.848274889515
0.648551764187
-0.668900041887
0.455330149637
0.0564031658089
0.456441109682
1.16725191994
0.816808975667
-0.440645668846
-0.495826742225
-0.136346676898
0.467277580505
0.656773425116
-0.0465074379066
0.941618444035
1.95672958127
-0.740387705656
0.212221312962
-0.216102813604
-0.460179939791
0.909867784597
-0.156550966869
0.0358939418128
-0.285274762298
0.795459463909
0.468950359088
0.183697249156
-0.41334182555
-0.566347073663
0.803193724862
0.769903040948
3.02378123898
0.687976356388
-0.0242127541753
-0.822547815143
-0.102343231514
-0.185361639408
0.949702808779
0.852140950449
0.603704028453
0.314779524535
0.987725065727
1.16828610461
-0.277446214214
0.155964379216
-0.057344066403
-0.87598388669
-0.144474784051
0.540292809676
-0.747293380949
0.915711302965
0.85905564699
0.68402816393
0.283713158475
0.878360579484
0.365635327823
0.425759224598
-0.824041870556
-0.782807041318
-0.89900936269
-0.788586556821
0.0578504168152
-0.981171789622
0.0247228411532
-0.734824797745
0.107554994178
0.507509613591
-0.45398576364
-0.949741345872
0.0973537935237
0.342420946329
0.287546648641
-0.154451126893
-0.340355657272
-0.818557564869
0.661422642248
0.734707963193
-0.125149629685
0.10006114023
0.866726116571
1.04851682008
0.0659939853681
0.381760931468
0.451448479971
-0.178582639216
-0.508173322142
0.272183020115
0.44388154581
-0.234173502741
0.168313921829
0.117964643254
-0.983887148804
0.841287047882
-0.52980628501
-0.198774545637
0.737478568758
-0.873363732143
0.12207120666
0.0808843117435
0.985156261581
0.151527263433
-0.657817859552
0.484531465554
-0.767431722549
-0.483587214466
-0.573670411523
-0.310019116165
0.081682788203
-0.13554367697
0.741038964509
0.170474948824
1.45579352881
0.106521858674
1.77064140234
-0.604135679346
-0.973883462789
-0.0910613820951
-0.855749218241
-0.512925503052
-0.221474627953
0.312719859728
1.24826958866
0.752946779742
-0.160436558204
0.0925802353138
-0.800580956001
-0.81102312253
-0.844100851865
0.826597719642
0.639438102799
0.0675337533951
-0.644428531938
0.444145703351
-0.623599878319
