4
0
3
2
1
136
-0.54508090565
0.490223207769
0.845397991299
0.586474329309
-0.668900041887
0.453693573127
-0.00753584515378
0.453564636093
1.10519227476
0.816808975667
-0.440645668846
-0.495826742225
-0.136346676898
0.467277580505
0.40990778448
-0.059826280263
0.928300216169
1.20907520665
-0.740387705656
0.212221312962
-0.216102813604
-0.460179939791
0.909867784597
-0.156550966869
-0.00252240312297
-0.357062344766
0.795340842482
0.380146434872
0.0949141052002
-0.502104198901
-0.566347073663
0.803193724862
0.769903040948
2.36666228089
0.687976356388
-0.0790236099819
-0.822547815143
-0.102343231514
-0.274103251803
0.860981947697
0.763440831044
0.603704028453
0.0894366591454
0.937774633631
0.734087091851
-0.277446214214
0.155964379216
-0.282542043115
-0.925925818641
-0.578427252408
0.540292809676
-0.747293380949
0.915711302965
0.85905564699
0.68402816393
0.0988827300768
0.878360579484
0.365635327823
-0.430605886952
-0.824041870556
-0.782807041318
-0.89900936269
-0.788586556821
0.0578504168152
-0.981171789622
-0.0407577574599
-0.794928947373
0.107554994178
0.507509613591
-0.45398576364
-0.949741345872
0.0973537935237
0.342420946329
0.287546648641
-0.154451126893
-0.610623781315
-0.889381403792
0.300009432663
0.734707963193
-0.125149629685
-0.170020630762
0.795944711868
0.687344488976
0.0659939853681
0.381760931468
0.451448479971
-0.178582639216
-0.508173322142
-0.00117141142747
0.44388154581
-0.234173502741
-0.437747482872
0.117964643254
-0.983887148804
0.841287047882
-0.52980628501
-0.198774545637
0.737478568758
-0.888625642585
0.108934141714
0.0808843117435
0.985156261581
0.151527263433
-0.657817859552
0.484531465554
-0.767431722549
-0.483587214466
-0.631856043044
-0.590149605858
0.0678864321737
-0.490047296558
0.741038964509
0.112391215162
1.17608863081
0.0927472334103
1.41663133588
-0.604135679346
-0.973883462789
-0.0910613820951
-0.855749218241
-0.512925503052
-0.544648741786
0.184785043311
1.12038503859
0.201796281582
-0.160436558204
0.0925802353138
-0.800580956001
-0.81102312253
-0.844100851865
0.826597719642
0.606422851639
0.0675337533951
-0.652753014791
0.444145703351
-0.623599878319
