4
0
3
2
1
136
-0.542942990188
0.576171994431
0.849343659908
0.668823928807
-0.668900041887
0.455830767967
0.0783932527562
0.4575098459
1.18752262027
0.816808975667
-0.440645668846
-0.495826742225
-0.136346676898
0.467277580505
0.742568859794
-0.0420575695378
0.946068258925
2.25951578113
-0.740387705656
0.212221312962
-0.216102813604
-0.460179939791
0.909867784597
-0.156550966869
0.0490020301491
-0.257413484106
0.795493304786
0.511187661621
0.225930031535
-0.371113562362
-0.566347073663
0.803193724862
0.769903040948
3.28408639277
0.687976356388
-0.00641709217887
-0.822547815143
-0.102343231514
-0.14313789445
0.991922036467
0.894355661828
0.603704028453
0.40932752384
1.02317719067
1.36232072804
-0.277446214214
0.155964379216
0.0371537467274
-0.840535964071
0.0494692702906
0.540292809676
-0.747293380949
0.915711302965
0.85905564699
0.68402816393
0.356392846221
0.878360579484
0.365635327823
0.972745396857
-0.824041870556
-0.782807041318
-0.89900936269
-0.788586556821
0.0578504168152
-0.981171789622
0.0485104460153
-0.686960851751
0.107554994178
0.507509613591
-0.45398576364
-0.949741345872
0.0973537935237
0.342420946329
0.287546648641
-0.154451126893
-0.218776876654
-0.782480131972
0.823604507137
0.734707963193
-0.125149629685
0.221575479862
0.902789636698
1.21061685918
0.0659939853681
0.381760931468
0.451448479971
-0.178582639216
-0.508173322142
0.401226671762
0.44388154581
-0.234173502741
0.550477386971
0.117964643254
-0.983887148804
0.841287047882
-0.52980628501
-0.198774545637
0.737478568758
-0.86448395855
0.128142823872
0.0808843117435
0.985156261581
0.151527263433
-0.657817859552
0.484531465554
-0.767431722549
-0.483587214466
-0.557743696731
-0.216096504407
0.0859149828192
-0.010675880131
0.741038964509
0.186392829666
1.54967162784
0.110751635855
1.89545344194
-0.604135679346
-0.973883462789
-0.0910613820951
-0.855749218241
-0.512925503052
-0.105489096255
0.347197378524
1.28274395239
1.04177782547
-0.160436558204
0.0925802353138
-0.800580956001
-0.81102312253
-0.844100851865
0.826597719642
0.65410805189
0.0675337533951
-0.642389311409
0.444145703351
-0.623599878319
