4
0
3
2
1
136
0.460504924281
-0.740821457361
0.126572137652
-0.43556701466
0.731620888425
-0.982668259377
0.76338124679
-0.842997836019
1.01005713532
-0.206148253119
-0.844611633722
0.753104955419
0.31177309864
-0.989008969419
0.485684711981
0.408200424389
-0.895956639902
1.14435359295
0.442683614171
0.633676384472
0.541671472831
-0.217106278727
0.402610617009
0.0794071756768
0.732013876826
-0.831079457937
-0.975634951763
0.568002308311
0.0339242871187
-0.923068888007
-0.37141279685
-0.666631896108
-0.291384701993
1.6151035007
-0.923177382774
0.950535604858
0.13952757069
-0.200406291451
0.88208100432
-0.112228222567
0.726169213428
-0.407551581222
0.216005094328
-0.956196139806
0.705540359671
0.708281213852
-0.207320968033
-0.949454791723
0.08553196602
-0.784542325376
0.395567061295
-0.372358144143
0.644246950645
-0.560741409989
0.887613233366
0.084017841246
0.0249241149426
0.270352889772
1.04534969963
0.770552295307
-0.113329695897
0.593746283323
-0.0692156549379
0.308223783161
-0.925003413907
-0.536443310175
0.234357002663
-0.800810246359
-0.413623846621
-0.345642427457
-0.384551154654
-0.366611219086
0.906863550535
0.723528304794
0.134136593497
0.732621061312
0.906586257722
-0.753297702462
-0.0284945552565
-0.128632744751
0.150783531708
0.604702713192
0.823905255302
0.167821372003
0.415753662098
0.72020036289
0.964567217668
-0.723619704565
0.0511774796093
0.488099227411
-0.0245252243888
0.587711202891
-0.55109349169
-0.3233259529
0.698084332482
-0.865970557334
0.840419622854
0.916167658693
-0.038312043953
-0.420085396529
-0.402689060303
-0.57105922015
0.641896697221
-0.960390287718
0.109943654647
-0.685791212527
0.243679258584
-0.263241606113
-0.262040766446
0.50622549547
0.849598801401
0.0220383348954
0.968699649122
-0.133012756269
-0.0251167816357
-0.0576618516858
-0.357171856114
-0.306852882494
-0.240947122158
-0.309623945315
0.658174301327
0.85625387361
-0.886806693455
-0.111236351235
0.0888827371285
-0.371845374049
0.632881688671
-0.692969295025
0.58635664661
0.534357715074
0.0948878780752
0.704142631647
-0.46616594752
0.40627520725
-0.199854509962
0.977326749477
