4
0
3
2
1
136
-0.543000776987
0.573568082826
0.849214563941
0.666449378337
-0.668900041887
0.455772985526
0.0757894808853
0.457380752812
1.18514819348
0.816808975667
-0.440645668846
-0.495826742225
-0.136346676898
0.467277580505
0.732409400788
-0.0425813920709
0.945544440965
2.22243038852
-0.740387705656
0.212221312962
-0.216102813604
-0.460179939791
0.909867784597
-0.156550966869
0.0474576512486
-0.260789392931
0.795489463043
0.505890442399
0.220633262421
-0.376409881445
-0.566347073663
0.803193724862
0.769903040948
3.25232106134
0.687976356388
-0.00849771926621
-0.822547815143
-0.102343231514
-0.148433763575
0.986626617224
0.889060692393
0.603704028453
0.398998414096
1.01842179042
1.34070554359
-0.277446214214
0.155964379216
0.0268286771491
-0.845290927833
0.0278617253307
0.540292809676
-0.747293380949
0.915711302965
0.85905564699
0.68402816393
0.348643850231
0.878360579484
0.365635327823
0.90094044811
-0.824041870556
-0.782807041318
-0.89900936269
-0.788586556821
0.0578504168152
-0.981171789622
0.0460556031226
-0.693660669566
0.107554994178
0.507509613591
-0.45398576364
-0.949741345872
0.0973537935237
0.342420946329
0.287546648641
-0.154451126893
-0.232698152387
-0.786940242756
0.805127596736
0.734707963193
-0.125149629685
0.207659739029
0.898330676533
1.19214705195
0.0659939853681
0.381760931468
0.451448479971
-0.178582639216
-0.508173322142
0.386006795656
0.44388154581
-0.234173502741
0.499617659875
0.117964643254
-0.983887148804
0.841287047882
-0.52980628501
-0.198774545637
0.737478568758
-0.865581764307
0.127448376361
0.0808843117435
0.985156261581
0.151527263433
-0.657817859552
0.484531465554
-0.767431722549
-0.483587214466
-0.559496391704
-0.226975210212
0.0854451025608
-0.0252792416008
0.741038964509
0.184640831668
1.53879659595
0.110281950936
1.8808547811
-0.604135679346
-0.973883462789
-0.0910613820951
-0.855749218241
-0.512925503052
-0.119129146985
0.343386769675
1.27893357994
1.00333379753
-0.160436558204
0.0925802353138
-0.800580956001
-0.81102312253
-0.844100851865
0.826597719642
0.652307775771
0.0675337533951
-0.642607435402
0.444145703351
-0.623599878319
