4
0
3
2
1
136
-0.543221456877
0.56378403882
0.848735723375
0.657465953673
-0.668900041887
0.455552325931
0.0660060765973
0.456901925584
1.17616534099
0.816808975667
-0.440645668846
-0.495826742225
-0.136346676898
0.467277580505
0.694232665282
-0.0445568889562
0.943568965074
2.08604776383
-0.740387705656
0.212221312962
-0.216102813604
-0.460179939791
0.909867784597
-0.156550966869
0.0416352657931
-0.273291169219
0.795474636415
0.486688346899
0.20143306005
-0.395608191052
-0.566347073663
0.803193724862
0.769903040948
3.13523996407
0.687976356388
-0.0163786462529
-0.822547815143
-0.102343231514
-0.167630180786
0.967432092045
0.869868058878
0.603704028453
0.357871024728
1.00187422575
1.25559647008
-0.277446214214
0.155964379216
-0.0142789655588
-0.861836685239
-0.057211054205
0.540292809676
-0.747293380949
0.915711302965
0.85905564699
0.68402816393
0.317299066373
0.878360579484
0.365635327823
0.648065746482
-0.824041870556
-0.782807041318
-0.89900936269
-0.788586556821
0.0578504168152
-0.981171789622
0.0359218803288
-0.716273079593
0.107554994178
0.507509613591
-0.45398576364
-0.949741345872
0.0973537935237
0.342420946329
0.287546648641
-0.154451126893
-0.286386436773
-0.803228210992
0.733540529693
0.734707963193
-0.125149629685
0.153997343245
0.882048210399
1.12059298491
0.0659939853681
0.381760931468
0.451448479971
-0.178582639216
-0.508173322142
0.32849696603
0.44388154581
-0.234173502741
0.322531142807
0.117964643254
-0.983887148804
0.841287047882
-0.52980628501
-0.198774545637
0.737478568758
-0.86962196256
0.124761996721
0.0808843117435
0.985156261581
0.151527263433
-0.657817859552
0.484531465554
-0.767431722549
-0.483587214466
-0.566402931919
-0.268474852201
0.0836019030324
-0.0806588374698
0.741038964509
0.17773765995
1.49731425031
0.108439684027
1.82549704159
-0.604135679346
-0.973883462789
-0.0910613820951
-0.855749218241
-0.512925503052
-0.170673112385
0.328417741645
1.26396572748
0.869694694254
-0.160436558204
0.0925802353138
-0.800580956001
-0.81102312253
-0.844100851865
0.826597719642
0.645683167446
0.0675337533951
-0.643482362718
0.444145703351
-0.623599878319
