4
0
3
2
1
136
-0.542836105501
0.581035310378
0.849586696752
0.673240863118
-0.668900041887
0.455937645491
0.0832563367593
0.457752877997
1.19193935051
0.816808975667
-0.440645668846
-0.495826742225
-0.136346676898
0.467277580505
0.761539986476
-0.0410813640647
0.947044456832
2.3296680411
-0.740387705656
0.212221312962
-0.216102813604
-0.460179939791
0.909867784597
-0.156550966869
0.0518801132208
-0.251054443211
0.795500365302
0.521286243403
0.236027830817
-0.361016545461
-0.566347073663
0.803193724862
0.769903040948
3.34410106211
0.687976356388
-0.00254979492636
-0.822547815143
-0.102343231514
-0.133041659811
1.00201748896
0.904450332301
0.603704028453
0.427864058774
1.03243118431
1.40130303087
-0.277446214214
0.155964379216
0.0556839483612
-0.831282731365
0.088439407635
0.540292809676
-0.747293380949
0.915711302965
0.85905564699
0.68402816393
0.370161609757
0.878360579484
0.365635327823
1.1119232331
-0.824041870556
-0.782807041318
-0.89900936269
-0.788586556821
0.0578504168152
-0.981171789622
0.0528217731229
-0.67363879052
0.107554994178
0.507509613591
-0.45398576364
-0.949741345872
0.0973537935237
0.342420946329
0.287546648641
-0.154451126893
-0.193263042228
-0.773984397215
0.857302595606
0.734707963193
-0.125149629685
0.247080379617
0.911283533289
1.24430344209
0.0659939853681
0.381760931468
0.451448479971
-0.178582639216
-0.508173322142
0.429504918081
0.44388154581
-0.234173502741
0.650036469352
0.117964643254
-0.983887148804
0.841287047882
-0.52980628501
-0.198774545637
0.737478568758
-0.862423254106
0.129409115891
0.0808843117435
0.985156261581
0.151527263433
-0.657817859552
0.484531465554
-0.767431722549
-0.483587214466
-0.55456685765
-0.195990579487
0.0867681537778
0.016403269213
0.741038964509
0.189568551344
1.56977157431
0.11160449189
1.92252488806
-0.604135679346
-0.973883462789
-0.0910613820951
-0.855749218241
-0.512925503052
-0.080143689644
0.354119608177
1.28966580873
1.11717996072
-0.160436558204
0.0925802353138
-0.800580956001
-0.81102312253
-0.844100851865
0.826597719642
0.657504341007
0.0675337533951
-0.641998107999
0.444145703351
-0.623599878319
