4
0
3
2
1
136
-0.542808566993
0.582298350619
0.849650231594
0.674384172457
-0.668900041887
0.455965182327
0.0845193224529
0.457816411728
1.19308261209
0.816808975667
-0.440645668846
-0.495826742225
-0.136346676898
0.467277580505
0.766465874338
-0.0408282870523
0.947297532064
2.34807633843
-0.740387705656
0.212221312962
-0.216102813604
-0.460179939791
0.909867784597
-0.156550966869
0.0526261690342
-0.249391573295
0.79550217481
0.523952006152
0.238693402426
-0.358351164966
-0.566347073663
0.803193724862
0.769903040948
3.35983420084
0.687976356388
-0.00154938528069
-0.822547815143
-0.102343231514
-0.130376470402
1.00468248731
0.907115139618
0.603704028453
0.432514594293
1.03491017032
1.41111529861
-0.277446214214
0.155964379216
0.0603330749306
-0.828803931312
0.0982489333245
0.540292809676
-0.747293380949
0.915711302965
0.85905564699
0.68402816393
0.37358679364
0.878360579484
0.365635327823
1.1491427215
-0.824041870556
-0.782807041318
-0.89900936269
-0.788586556821
0.0578504168152
-0.981171789622
0.0538841680167
-0.670002880993
0.107554994178
0.507509613591
-0.45398576364
-0.949741345872
0.0973537935237
0.342420946329
0.287546648641
-0.154451126893
-0.186745283273
-0.771739436158
0.865867681054
0.734707963193
-0.125149629685
0.25359609726
0.91352807743
1.25286589241
0.0659939853681
0.381760931468
0.451448479971
-0.178582639216
-0.508173322142
0.436814282318
0.44388154581
-0.234173502741
0.676908805789
0.117964643254
-0.983887148804
0.841287047882
-0.52980628501
-0.198774545637
0.737478568758
-0.861887494995
0.129730770437
0.0808843117435
0.985156261581
0.151527263433
-0.657817859552
0.484531465554
-0.767431722549
-0.483587214466
-0.553762449291
-0.190817099868
0.0869844191497
0.0233892835491
0.741038964509
0.190372704946
1.57494367352
0.111820685157
1.92950911315
-0.604135679346
-0.973883462789
-0.0910613820951
-0.855749218241
-0.512925503052
-0.0735940238999
0.355875828648
1.29142194514
1.13756988469
-0.160436558204
0.0925802353138
-0.800580956001
-0.81102312253
-0.844100851865
0.826597719642
0.658392641816
0.0675337533951
-0.641899914101
0.444145703351
-0.623599878319
