4
0
3
2
1
136
-0.543902527279
0.535092020646
0.847383899164
0.630537679412
-0.668900041887
0.454871371122
0.0373175015299
0.455550176194
1.14924025588
0.816808975667
-0.440645668846
-0.495826742225
-0.136346676898
0.467277580505
0.58246893704
-0.050419772591
0.937706195836
1.71305858526
-0.740387705656
0.212221312962
-0.216102813604
-0.460179939791
0.909867784597
-0.156550966869
0.0244274060816
-0.308209061186
0.795427390157
0.437089877844
0.151842010883
-0.445191822522
-0.566347073663
0.803193724862
0.769903040948
2.81229895937
0.687976356388
-0.0400809590919
-0.822547815143
-0.102343231514
-0.217206396747
0.917863289402
0.820306667366
0.603704028453
0.228811897447
0.965599019781
0.999447762077
-0.277446214214
0.155964379216
-0.14324967293
-0.898106154845
-0.313207759181
0.540292809676
-0.747293380949
0.915711302965
0.85905564699
0.68402816393
0.214803517196
0.878360579484
0.365635327823
0.0607406551033
-0.824041870556
-0.782807041318
-0.89900936269
-0.788586556821
0.0578504168152
-0.981171789622
0.000850674841063
-0.762484941339
0.107554994178
0.507509613591
-0.45398576364
-0.949741345872
0.0973537935237
0.342420946329
0.287546648641
-0.154451126893
-0.444144488844
-0.846461521975
0.522968137957
0.734707963193
-0.125149629685
-0.00365138576424
0.838839547423
0.910158599016
0.0659939853681
0.381760931468
0.451448479971
-0.178582639216
-0.508173322142
0.166405059356
0.44388154581
-0.234173502741
-0.0857106300346
0.117964643254
-0.983887148804
0.841287047882
-0.52980628501
-0.198774545637
0.737478568758
-0.879758255836
0.116972959038
0.0808843117435
0.985156261581
0.151527263433
-0.657817859552
0.484531465554
-0.767431722549
-0.483587214466
-0.589501879579
-0.394255695471
0.0776122982443
-0.244993997592
0.741038964509
0.154659205264
1.37162998815
0.102455394629
1.66127921236
-0.604135679346
-0.973883462789
-0.0910613820951
-0.855749218241
-0.512925503052
-0.322013243212
0.27853484655
1.21409083081
0.553893657579
-0.160436558204
0.0925802353138
-0.800580956001
-0.81102312253
-0.844100851865
0.826597719642
0.627937132348
0.0675337533951
-0.646573634322
0.444145703351
-0.623599878319
