4
0
3
2
1
136
-0.542802605788
0.582572304384
0.849664035219
0.674631950994
-0.668900041887
0.45597114318
0.0847932646747
0.457830215119
1.19333038053
0.816808975667
-0.440645668846
-0.495826742225
-0.136346676898
0.467277580505
0.767534232219
-0.0407734189631
0.947352399778
2.35207940033
-0.740387705656
0.212221312962
-0.216102813604
-0.460179939791
0.909867784597
-0.156550966869
0.0527879103202
-0.249030281071
0.795502565988
0.524532531409
0.239273886869
-0.357770721332
-0.566347073663
0.803193724862
0.769903040948
3.36325473782
0.687976356388
-0.00133261052847
-0.822547815143
-0.102343231514
-0.129796067571
1.00526284935
0.907695460859
0.603704028453
0.433514352291
1.0354518088
1.41322612521
-0.277446214214
0.155964379216
0.0613325392193
-0.828262332541
0.100359186538
0.540292809676
-0.747293380949
0.915711302965
0.85905564699
0.68402816393
0.374321541875
0.878360579484
0.365635327823
1.15727368038
-0.824041870556
-0.782807041318
-0.89900936269
-0.788586556821
0.0578504168152
-0.981171789622
0.054111539785
-0.669204544404
0.107554994178
0.507509613591
-0.45398576364
-0.949741345872
0.0973537935237
0.342420946329
0.287546648641
-0.154451126893
-0.185337613153
-0.771250270261
0.867714816085
0.734707963193
-0.125149629685
0.255003338947
0.91401715595
1.2547124741
0.0659939853681
0.381760931468
0.451448479971
-0.178582639216
-0.508173322142
0.438397698483
0.44388154581
-0.234173502741
0.682794425527
0.117964643254
-0.983887148804
0.841287047882
-0.52980628501
-0.198774545637
0.737478568758
-0.861771321404
0.129800121367
0.0808843117435
0.985156261581
0.151527263433
-0.657817859552
0.484531465554
-0.767431722549
-0.483587214466
-0.553589097697
-0.189697715843
0.0870310343626
0.0249018079414
0.741038964509
0.190546003069
1.57606276691
0.111867285221
1.93102126027
-0.604135679346
-0.973883462789
-0.0910613820951
-0.855749218241
-0.512925503052
-0.0721753890653
0.356254491488
1.29180059039
1.14203802264
-0.160436558204
0.0925802353138
-0.800580956001
-0.81102312253
-0.844100851865
0.826597719642
0.658585614353
0.0675337533951
-0.641878799298
0.444145703351
-0.623599878319
