4
0
3
2
1
136
-0.543025382021
0.572464709537
0.849160074791
0.665441147696
-0.668900041887
0.455748382459
0.0746861703565
0.45732626496
1.18414001857
0.816808975667
-0.440645668846
-0.495826742225
-0.136346676898
0.467277580505
0.728104200098
-0.0428035977722
0.945322237317
2.20681596203
-0.740387705656
0.212221312962
-0.216102813604
-0.460179939791
0.909867784597
-0.156550966869
0.0468025538483
-0.262213769419
0.795487822091
0.503669207877
0.218412225323
-0.378630721152
-0.566347073663
0.803193724862
0.769903040948
3.23893798284
0.687976356388
-0.00938147432683
-0.822547815143
-0.102343231514
-0.150654405926
0.984406172195
0.886840444651
0.603704028453
0.394538894203
1.0164502707
1.33140041894
-0.277446214214
0.155964379216
0.0223710163692
-0.847262256608
0.0185600879025
0.540292809676
-0.747293380949
0.915711302965
0.85905564699
0.68402816393
0.345282172476
0.878360579484
0.365635327823
0.871086078567
-0.824041870556
-0.782807041318
-0.89900936269
-0.788586556821
0.0578504168152
-0.981171789622
0.0449843253827
-0.696410709924
0.107554994178
0.507509613591
-0.45398576364
-0.949741345872
0.0973537935237
0.342420946329
0.287546648641
-0.154451126893
-0.238648734433
-0.788813074553
0.797215016013
0.734707963193
-0.125149629685
0.201711669225
0.896458370077
1.18423768919
0.0659939853681
0.381760931468
0.451448479971
-0.178582639216
-0.508173322142
0.379543126253
0.44388154581
-0.234173502741
0.478559489188
0.117964643254
-0.983887148804
0.841287047882
-0.52980628501
-0.198774545637
0.737478568758
-0.86604493397
0.127151040234
0.0808843117435
0.985156261581
0.151527263433
-0.657817859552
0.484531465554
-0.767431722549
-0.483587214466
-0.560249935021
-0.231607345107
0.0852433060387
-0.031486746117
0.741038964509
0.183887606574
1.53416612605
0.110080243326
1.87464939936
-0.604135679346
-0.973883462789
-0.0910613820951
-0.855749218241
-0.512925503052
-0.124921105979
0.341750128979
1.27729704802
0.987428592399
-0.160436558204
0.0925802353138
-0.800580956001
-0.81102312253
-0.844100851865
0.826597719642
0.651549226034
0.0675337533951
-0.642701708272
0.444145703351
-0.623599878319
