4
0
3
2
1
136
0.460344769743
-0.743130273742
0.126255159669
-0.437715806757
0.731620888425
-0.982827790892
0.761079379147
-0.843314123627
1.00791511287
-0.206148253119
-0.844611633722
0.753104955419
0.31177309864
-0.989008969419
0.481116682597
0.407038410974
-0.897117469694
1.13324776562
0.442683614171
0.633676384472
0.541671472831
-0.217106278727
0.402610617009
0.0794071756768
0.731657788567
-0.832341838876
-0.975706893484
0.56746943992
0.0333916377766
-0.923601318453
-0.37141279685
-0.666631896108
-0.291384701993
1.60463682596
-0.923177382774
0.948803848327
0.13952757069
-0.200406291451
0.881548792617
-0.112760215681
0.725637438751
-0.407551581222
0.215239719284
-0.956340457044
0.704237713876
0.708281213852
-0.207320968033
-0.950219742709
0.085387671584
-0.785844216334
0.395567061295
-0.372358144143
0.644246950645
-0.560741409989
0.887613233366
0.083410607833
0.0249241149426
0.270352889772
1.04323000605
0.770552295307
-0.113329695897
0.593746283323
-0.0692156549379
0.308223783161
-0.925003413907
-0.536696436423
0.23425284987
-0.800810246359
-0.413623846621
-0.345642427457
-0.384551154654
-0.366611219086
0.906863550535
0.723528304794
0.134136593497
0.732171313799
0.906536571746
-0.754122619865
-0.0284945552565
-0.128632744751
0.150334130788
0.604653064873
0.823080808603
0.167821372003
0.415753662098
0.72020036289
0.964567217668
-0.723619704565
0.0506117577706
0.488099227411
-0.0245252243888
0.586385231914
-0.55109349169
-0.3233259529
0.698084332482
-0.865970557334
0.840419622854
0.916167658693
-0.0383523870797
-0.42011834124
-0.402689060303
-0.57105922015
0.641896697221
-0.960390287718
0.109943654647
-0.685791212527
0.243679258584
-0.263867340873
-0.265114160549
0.50615944117
0.846008465974
0.0220383348954
0.968076090344
-0.136077790891
-0.0251825389784
-0.0612428819654
-0.357171856114
-0.306852882494
-0.240947122158
-0.309623945315
0.658174301327
0.853101365926
-0.889121837343
-0.113549457156
0.084679972512
-0.371845374049
0.632881688671
-0.692969295025
0.58635664661
0.534357715074
0.0948878780752
0.704011465175
-0.46616594752
0.406157980502
-0.199854509962
0.977326749477
