4
0
3
2
1
136
-0.543207672473
0.564387890182
0.848764997642
0.658023226845
-0.668900041887
0.455566108879
0.0666098826092
0.456931198898
1.17672257334
0.816808975667
-0.440645668846
-0.495826742225
-0.136346676898
0.467277580505
0.696588707029
-0.0444346285229
0.943691224017
2.09432949171
-0.740387705656
0.212221312962
-0.216102813604
-0.460179939791
0.909867784597
-0.156550966869
0.041995445523
-0.272528059078
0.795475569668
0.487840827892
0.202585414789
-0.394455962541
-0.566347073663
0.803193724862
0.769903040948
3.14236240571
0.687976356388
-0.0158893423484
-0.822547815143
-0.102343231514
-0.166478078474
0.968584068183
0.87101990887
0.603704028453
0.360504835072
1.00283360568
1.26099655719
-0.277446214214
0.155964379216
-0.0116465907863
-0.860877423642
-0.0518135568341
0.540292809676
-0.747293380949
0.915711302965
0.85905564699
0.68402816393
0.319328352848
0.878360579484
0.365635327823
0.662900351843
-0.824041870556
-0.782807041318
-0.89900936269
-0.788586556821
0.0578504168152
-0.981171789622
0.0365875887124
-0.714990030887
0.107554994178
0.507509613591
-0.45398576364
-0.949741345872
0.0973537935237
0.342420946329
0.287546648641
-0.154451126893
-0.283020882843
-0.80224273424
0.738036694998
0.734707963193
-0.125149629685
0.157361062251
0.883033291045
1.1250868217
0.0659939853681
0.381760931468
0.451448479971
-0.178582639216
-0.508173322142
0.332053075665
0.44388154581
-0.234173502741
0.332853849522
0.117964643254
-0.983887148804
0.841287047882
-0.52980628501
-0.198774545637
0.737478568758
-0.869378026823
0.12493037599
0.0808843117435
0.985156261581
0.151527263433
-0.657817859552
0.484531465554
-0.767431722549
-0.483587214466
-0.565962062856
-0.265887516537
0.0837190751129
-0.0772218921419
0.741038964509
0.178178282168
1.49990034041
0.108556788394
1.82893242607
-0.604135679346
-0.973883462789
-0.0910613820951
-0.855749218241
-0.512925503052
-0.167482614949
0.329371426849
1.26491932484
0.877484151146
-0.160436558204
0.0925802353138
-0.800580956001
-0.81102312253
-0.844100851865
0.826597719642
0.646084893194
0.0675337533951
-0.643425793576
0.444145703351
-0.623599878319
