4
0
3
2
1
136
-0.543670752239
0.544611590571
0.847824271969
0.639572013407
-0.668900041887
0.455103095592
0.0468355965563
0.455990516433
1.15827320562
0.816808975667
-0.440645668846
-0.495826742225
-0.136346676898
0.467277580505
0.61949125295
-0.0484625793239
0.939663339869
1.83236274399
-0.740387705656
0.212221312962
-0.216102813604
-0.460179939791
0.909867784597
-0.156550966869
0.0301530890891
-0.296921743109
0.795443712935
0.4524063119
0.167155683755
-0.429880909882
-0.566347073663
0.803193724862
0.769903040948
2.91610711322
0.687976356388
-0.0321171683221
-0.822547815143
-0.102343231514
-0.201898243388
0.933168684431
0.835609305015
0.603704028453
0.270963542104
0.975672494626
1.08144276337
-0.277446214214
0.155964379216
-0.101129083477
-0.888034483873
-0.231265065949
0.540292809676
-0.747293380949
0.915711302965
0.85905564699
0.68402816393
0.248883553566
0.878360579484
0.365635327823
0.229905565339
-0.824041870556
-0.782807041318
-0.89900936269
-0.788586556821
0.0578504168152
-0.981171789622
0.0127856636607
-0.750096131231
0.107554994178
0.507509613591
-0.45398576364
-0.949741345872
0.0973537935237
0.342420946329
0.287546648641
-0.154451126893
-0.393675301642
-0.833073133129
0.590253037338
0.734707963193
-0.125149629685
0.046779468257
0.852219131478
0.977395034218
0.0659939853681
0.381760931468
0.451448479971
-0.178582639216
-0.508173322142
0.217549233525
0.44388154581
-0.234173502741
0.0324354532384
0.117964643254
-0.983887148804
0.841287047882
-0.52980628501
-0.198774545637
0.737478568758
-0.876766183809
0.11943866027
0.0808843117435
0.985156261581
0.151527263433
-0.657817859552
0.484531465554
-0.767431722549
-0.483587214466
-0.581382242778
-0.352030226013
0.0796780450227
-0.190444718289
0.741038964509
0.162769782801
1.41381407096
0.104518862206
1.71577892033
-0.604135679346
-0.973883462789
-0.0910613820951
-0.855749218241
-0.512925503052
-0.272024940774
0.296080705902
1.23163299966
0.648348861967
-0.160436558204
0.0925802353138
-0.800580956001
-0.81102312253
-0.844100851865
0.826597719642
0.633511716645
0.0675337533951
-0.645459658887
0.444145703351
-0.623599878319
