4
0
3
2
1
136
-0.543858880719
0.536866116203
0.847465392945
0.632229130661
-0.668900041887
0.454915007075
0.0390912908472
0.45563166316
1.15093141791
0.816808975667
-0.440645668846
-0.495826742225
-0.136346676898
0.467277580505
0.589361959648
-0.0500540855428
0.938071872638
1.73495878577
-0.740387705656
0.212221312962
-0.216102813604
-0.460179939791
0.909867784597
-0.156550966869
0.0254952436397
-0.306128666625
0.795430482656
0.439857182583
0.154608780309
-0.442425588212
-0.566347073663
0.803193724862
0.769903040948
2.83139579321
0.687976356388
-0.0385891515901
-0.822547815143
-0.102343231514
-0.214440697357
0.92062845407
0.823071297507
0.603704028453
0.236453342285
0.967338624807
1.01421724803
-0.277446214214
0.155964379216
-0.135613822969
-0.896366866955
-0.298447663891
0.540292809676
-0.747293380949
0.915711302965
0.85905564699
0.68402816393
0.221020578369
0.878360579484
0.365635327823
0.0903238371174
-0.824041870556
-0.782807041318
-0.89900936269
-0.788586556821
0.0578504168152
-0.981171789622
0.00304357118014
-0.760370185268
0.107554994178
0.507509613591
-0.45398576364
-0.949741345872
0.0973537935237
0.342420946329
0.287546648641
-0.154451126893
-0.435030436774
-0.844062503205
0.535117025738
0.734707963193
-0.125149629685
0.00545570238959
0.841236961178
0.9222986508
0.0659939853681
0.381760931468
0.451448479971
-0.178582639216
-0.508173322142
0.17561277024
0.44388154581
-0.234173502741
-0.0649684821202
0.117964643254
-0.983887148804
0.841287047882
-0.52980628501
-0.198774545637
0.737478568758
-0.879232248475
0.117416527791
0.0808843117435
0.985156261581
0.151527263433
-0.657817859552
0.484531465554
-0.767431722549
-0.483587214466
-0.587956174872
-0.386363261192
0.0780015401113
-0.234846772108
0.741038964509
0.156203012686
1.37951388273
0.102844167724
1.67141627314
-0.604135679346
-0.973883462789
-0.0910613820951
-0.855749218241
-0.512925503052
-0.312730954064
0.281879363915
1.21743455727
0.570847529087
-0.160436558204
0.0925802353138
-0.800580956001
-0.81102312253
-0.844100851865
0.826597719642
0.62895076187
0.0675337533951
-0.646359429062
0.444145703351
-0.623599878319
