4
0
3
2
1
136
-0.542962644358
0.575284379645
0.849299574066
0.668015257846
-0.668900041887
0.455811115239
0.0775056843145
0.457465761012
1.18671399026
0.816808975667
-0.440645668846
-0.495826742225
-0.136346676898
0.467277580505
0.739105845728
-0.0422360386884
0.94588979129
2.24683695593
-0.740387705656
0.212221312962
-0.216102813604
-0.460179939791
0.909867784597
-0.156550966869
0.0484758455777
-0.258566528208
0.79549200007
0.509373283823
0.224115804691
-0.372927638278
-0.566347073663
0.803193724862
0.769903040948
3.27322957276
0.687976356388
-0.00712554426364
-0.822547815143
-0.102343231514
-0.144951819461
0.990108262336
0.892542038552
0.603704028453
0.405837726233
1.02154014435
1.35500839643
-0.277446214214
0.155964379216
0.0336652727117
-0.842172863858
0.0421594510587
0.540292809676
-0.747293380949
0.915711302965
0.85905564699
0.68402816393
0.35378069498
0.878360579484
0.365635327823
0.948055700112
-0.824041870556
-0.782807041318
-0.89900936269
-0.788586556821
0.0578504168152
-0.981171789622
0.0476852066495
-0.689278066964
0.107554994178
0.507509613591
-0.45398576364
-0.949741345872
0.0973537935237
0.342420946329
0.287546648641
-0.154451126893
-0.223502641723
-0.784007025719
0.81733821616
0.734707963193
-0.125149629685
0.216851540324
0.901263121418
1.20435291305
0.0659939853681
0.381760931468
0.451448479971
-0.178582639216
-0.508173322142
0.396044254729
0.44388154581
-0.234173502741
0.532954262292
0.117964643254
-0.983887148804
0.841287047882
-0.52980628501
-0.198774545637
0.737478568758
-0.864858820972
0.127907297531
0.0808843117435
0.985156261581
0.151527263433
-0.657817859552
0.484531465554
-0.767431722549
-0.483587214466
-0.558337102321
-0.21979628195
0.0857558211197
-0.0156462670741
0.741038964509
0.185799653405
1.54597306344
0.110592538521
1.89048460979
-0.604135679346
-0.973883462789
-0.0910613820951
-0.855749218241
-0.512925503052
-0.110133855292
0.345906599963
1.28145325133
1.02852726261
-0.160436558204
0.0925802353138
-0.800580956001
-0.81102312253
-0.844100851865
0.826597719642
0.653492835068
0.0675337533951
-0.642462980311
0.444145703351
-0.623599878319
