4
0
3
2
1
136
-0.544017172525
0.53047231928
0.847172884461
0.626116123377
-0.668900041887
0.454756756401
0.0326986736353
0.455339181069
1.14481952949
0.816808975667
-0.440645668846
-0.495826742225
-0.136346676898
0.467277580505
0.564536371467
-0.0513740773012
0.936751920415
1.65674611049
-0.740387705656
0.212221312962
-0.216102813604
-0.460179939791
0.909867784597
-0.156550966869
0.0216456700426
-0.313575761266
0.795419226572
0.430071653478
0.144825221797
-0.452207176884
-0.566347073663
0.803193724862
0.769903040948
2.76310455346
0.687976356388
-0.0439822040342
-0.822547815143
-0.102343231514
-0.224220316941
0.910850802822
0.813295613845
0.603704028453
0.209528809671
0.961349488416
0.962333852753
-0.277446214214
0.155964379216
-0.162518895229
-0.902354909007
-0.350298410479
0.540292809676
-0.747293380949
0.915711302965
0.85905564699
0.68402816393
0.199042561339
0.878360579484
0.365635327823
-0.0121660589431
-0.824041870556
-0.782807041318
-0.89900936269
-0.788586556821
0.0578504168152
-0.981171789622
-0.00473486530963
-0.767607271469
0.107554994178
0.507509613591
-0.45398576364
-0.949741345872
0.0973537935237
0.342420946329
0.287546648641
-0.154451126893
-0.467106890024
-0.852475876765
0.49235406187
0.734707963193
-0.125149629685
-0.0265963645915
0.8328292111
0.87956671994
0.0659939853681
0.381760931468
0.451448479971
-0.178582639216
-0.508173322142
0.14324554765
0.44388154581
-0.234173502741
-0.137009572256
0.117964643254
-0.983887148804
0.841287047882
-0.52980628501
-0.198774545637
0.737478568758
-0.881058866929
0.115858234391
0.0808843117435
0.985156261581
0.151527263433
-0.657817859552
0.484531465554
-0.767431722549
-0.483587214466
-0.593593378082
-0.414838038425
0.076591875482
-0.27135121524
0.741038964509
0.150573139734
1.35107178077
0.101436290408
1.63495057269
-0.604135679346
-0.973883462789
-0.0910613820951
-0.855749218241
-0.512925503052
-0.34609146564
0.26966769556
1.20522599417
0.511027297743
-0.160436558204
0.0925802353138
-0.800580956001
-0.81102312253
-0.844100851865
0.826597719642
0.625353294814
0.0675337533951
-0.647145293558
0.444145703351
-0.623599878319
