4
0
3
2
1
136
-0.543799088809
0.539310359624
0.847578096314
0.634553628513
-0.668900041887
0.454974785305
0.0415351369668
0.455744357728
1.15325554186
0.816808975667
-0.440645668846
-0.495826742225
-0.136346676898
0.467277580505
0.598864014815
-0.0495509739118
0.938574970993
1.76538170523
-0.740387705656
0.212221312962
-0.216102813604
-0.460179939791
0.909867784597
-0.156550966869
0.026965932114
-0.303244947075
0.795434705118
0.443735278665
0.158486154042
-0.438548936572
-0.566347073663
0.803193724862
0.769903040948
2.85789292779
0.687976356388
-0.0365395908955
-0.822547815143
-0.102343231514
-0.210564767554
0.924503662291
0.826945784403
0.603704028453
0.247164175789
0.969836760011
1.0349856882
-0.277446214214
0.155964379216
-0.124910885965
-0.893869184223
-0.277692494833
0.540292809676
-0.747293380949
0.915711302965
0.85905564699
0.68402816393
0.229706536709
0.878360579484
0.365635327823
0.132536212679
-0.824041870556
-0.782807041318
-0.89900936269
-0.788586556821
0.0578504168152
-0.981171789622
0.00609633200894
-0.757315227747
0.107554994178
0.507509613591
-0.45398576364
-0.949741345872
0.0973537935237
0.342420946329
0.287546648641
-0.154451126893
-0.422234308184
-0.840681481866
0.552174208595
0.734707963193
-0.125149629685
0.0182420540089
0.844615732118
0.939343456271
0.0659939853681
0.381760931468
0.451448479971
-0.178582639216
-0.508173322142
0.188558833968
0.44388154581
-0.234173502741
-0.0354366917523
0.117964643254
-0.983887148804
0.841287047882
-0.52980628501
-0.198774545637
0.737478568758
-0.878483576894
0.118040500331
0.0808843117435
0.985156261581
0.151527263433
-0.657817859552
0.484531465554
-0.767431722549
-0.483587214466
-0.585850603518
-0.375504570777
0.0785349019102
-0.220849237399
0.741038964509
0.158306132683
1.39036144498
0.103376917256
1.68540051543
-0.604135679346
-0.973883462789
-0.0910613820951
-0.855749218241
-0.512925503052
-0.299914538143
0.286431455559
1.22198564084
0.594676628138
-0.160436558204
0.0925802353138
-0.800580956001
-0.81102312253
-0.844100851865
0.826597719642
0.630366426944
0.0675337533951
-0.646069233328
0.444145703351
-0.623599878319
