4
0
3
2
1
136
-0.543062971278
0.570785194589
0.849077375063
0.663904104261
-0.668900041887
0.455710796341
0.0730067552105
0.4572435673
1.18260306396
0.816808975667
-0.440645668846
-0.495826742225
-0.136346676898
0.467277580505
0.721550787193
-0.0431421103293
0.944983728028
2.18316252971
-0.740387705656
0.212221312962
-0.216102813604
-0.460179939791
0.909867784597
-0.156550966869
0.0458046238194
-0.264374871659
0.795485309263
0.500315067139
0.215058392843
-0.38198424543
-0.566347073663
0.803193724862
0.769903040948
3.21865459929
0.687976356388
-0.0107291218468
-0.822547815143
-0.102343231514
-0.154007622057
0.981053264155
0.883487844647
0.603704028453
0.387658816268
1.0134999127
1.31707886281
-0.277446214214
0.155964379216
0.0154939427631
-0.850212317292
0.00424413249104
0.540292809676
-0.747293380949
0.915711302965
0.85905564699
0.68402816393
0.340077383098
0.878360579484
0.365635327823
0.826296264398
-0.824041870556
-0.782807041318
-0.89900936269
-0.788586556821
0.0578504168152
-0.981171789622
0.0433182174931
-0.70049682358
0.107554994178
0.507509613591
-0.45398576364
-0.949741345872
0.0973537935237
0.342420946329
0.287546648641
-0.154451126893
-0.247762469751
-0.791645303029
0.785082337623
0.734707963193
-0.125149629685
0.19260195359
0.893626986149
1.17211015203
0.0659939853681
0.381760931468
0.451448479971
-0.178582639216
-0.508173322142
0.369689947511
0.44388154581
-0.234173502741
0.447053920329
0.117964643254
-0.983887148804
0.841287047882
-0.52980628501
-0.198774545637
0.737478568758
-0.866747049186
0.126695246382
0.0808843117435
0.985156261581
0.151527263433
-0.657817859552
0.484531465554
-0.767431722549
-0.483587214466
-0.561409341489
-0.238682827842
0.0849331109232
-0.0409561675791
0.741038964509
0.182728712283
1.52709330797
0.109770190955
1.86518336604
-0.604135679346
-0.973883462789
-0.0910613820951
-0.855749218241
-0.512925503052
-0.133749625764
0.339233809436
1.27478090461
0.963643625057
-0.160436558204
0.0925802353138
-0.800580956001
-0.81102312253
-0.844100851865
0.826597719642
0.650399811922
0.0675337533951
-0.642847331812
0.444145703351
-0.623599878319
