4
0
3
2
1
136
-0.544500089457
0.511631932817
0.846328952662
0.607819102683
-0.668900041887
0.454274019597
0.0138632616199
0.454495364019
1.12652734103
0.816808975667
-0.440645668846
-0.495826742225
-0.136346676898
0.467277580505
0.491726715349
-0.0552982995187
0.932827866441
1.43770599662
-0.740387705656
0.212221312962
-0.216102813604
-0.460179939791
0.909867784597
-0.156550966869
0.0103011949128
-0.334682132296
0.795384214002
0.404243988324
0.119003916227
-0.478022125802
-0.566347073663
0.803193724862
0.769903040948
2.57039773165
0.687976356388
-0.0601457957585
-0.822547815143
-0.102343231514
-0.250028912139
0.885048558416
0.787499717302
0.603704028453
0.142424029493
0.947729762289
0.834425086987
-0.277446214214
0.155964379216
-0.229580669247
-0.915972229509
-0.478134488309
0.540292809676
-0.747293380949
0.915711302965
0.85905564699
0.68402816393
0.143460183831
0.878360579484
0.365635327823
-0.251445164004
-0.824041870556
-0.782807041318
-0.89900936269
-0.788586556821
0.0578504168152
-0.981171789622
-0.0246518690569
-0.78361061157
0.107554994178
0.507509613591
-0.45398576364
-0.949741345872
0.0973537935237
0.342420946329
0.287546648641
-0.154451126893
-0.54703341881
-0.873149709708
0.385549078291
0.734707963193
-0.125149629685
-0.106466658295
0.812168267902
0.772834804281
0.0659939853681
0.381760931468
0.451448479971
-0.178582639216
-0.508173322142
0.062843297903
0.44388154581
-0.234173502741
-0.307553437931
0.117964643254
-0.983887148804
0.841287047882
-0.52980628501
-0.198774545637
0.737478568758
-0.885365325645
0.111998965484
0.0808843117435
0.985156261581
0.151527263433
-0.657817859552
0.484531465554
-0.767431722549
-0.483587214466
-0.611130388036
-0.498573135479
0.072402380046
-0.377043936656
0.741038964509
0.133066535818
1.26746537704
0.0972535964468
1.5294075373
-0.604135679346
-0.973883462789
-0.0910613820951
-0.855749218241
-0.512925503052
-0.442258296049
0.231304012039
1.16687648511
0.353084636932
-0.160436558204
0.0925802353138
-0.800580956001
-0.81102312253
-0.844100851865
0.826597719642
0.615674887776
0.0675337533951
-0.649664601276
0.444145703351
-0.623599878319
