4
0
3
2
1
136
-0.542809316092
0.582263938731
0.849648498271
0.674353043319
-0.668900041887
0.455964433273
0.0844849120254
0.457814678435
1.19305148423
0.816808975667
-0.440645668846
-0.495826742225
-0.136346676898
0.467277580505
0.766331673962
-0.0408351797576
0.947290639406
2.34757376523
-0.740387705656
0.212221312962
-0.216102813604
-0.460179939791
0.909867784597
-0.156550966869
0.0526058503984
-0.249436940454
0.79550212564
0.523879143567
0.238620544984
-0.358424017266
-0.566347073663
0.803193724862
0.769903040948
3.35940474237
0.687976356388
-0.00157662019558
-0.822547815143
-0.102343231514
-0.13044931756
1.0046096453
0.90704230274
0.603704028453
0.432388787217
1.03484223255
1.41084971152
-0.277446214214
0.155964379216
0.0602073050433
-0.828871864081
0.0979834187961
0.540292809676
-0.747293380949
0.915711302965
0.85905564699
0.68402816393
0.373494294667
0.878360579484
0.365635327823
1.14812283552
-0.824041870556
-0.782807041318
-0.89900936269
-0.788586556821
0.0578504168152
-0.981171789622
0.0538555305349
-0.670102916522
0.107554994178
0.507509613591
-0.45398576364
-0.949741345872
0.0973537935237
0.342420946329
0.287546648641
-0.154451126893
-0.186922256137
-0.771800824335
0.865635388556
0.734707963193
-0.125149629685
0.253419178569
0.913466700304
1.25263366987
0.0659939853681
0.381760931468
0.451448479971
-0.178582639216
-0.508173322142
0.436615335741
0.44388154581
-0.234173502741
0.676170945976
0.117964643254
-0.983887148804
0.841287047882
-0.52980628501
-0.198774545637
0.737478568758
-0.861902088927
0.129722048537
0.0808843117435
0.985156261581
0.151527263433
-0.657817859552
0.484531465554
-0.767431722549
-0.483587214466
-0.553784252689
-0.190957777751
0.0869785563218
0.0231992221342
0.741038964509
0.190350908309
1.57480303237
0.111814824244
1.92931909939
-0.604135679346
-0.973883462789
-0.0910613820951
-0.855749218241
-0.512925503052
-0.0737722726608
0.35582820703
1.29137432575
1.13700978884
-0.160436558204
0.0925802353138
-0.800580956001
-0.81102312253
-0.844100851865
0.826597719642
0.658368409498
0.0675337533951
-0.64190257099
0.444145703351
-0.623599878319
