4
0
3
2
1
136
-0.544395816491
0.515617431474
0.846505376994
0.611726154716
-0.668900041887
0.454378245576
0.0178474871574
0.454671758517
1.13043314121
0.816808975667
-0.440645668846
-0.495826742225
-0.136346676898
0.467277580505
0.50707741102
-0.0544636829329
0.933662439759
1.48263012482
-0.740387705656
0.212221312962
-0.216102813604
-0.460179939791
0.909867784597
-0.156550966869
0.0126991236932
-0.330324274776
0.795391857471
0.40933682325
0.124095351129
-0.472932090215
-0.566347073663
0.803193724862
0.769903040948
2.61010790636
0.687976356388
-0.0566921306305
-0.822547815143
-0.102343231514
-0.244940275159
0.890135797496
0.792585559191
0.603704028453
0.154952713072
0.950165996251
0.858202743835
-0.277446214214
0.155964379216
-0.217059226269
-0.913536406771
-0.454369193253
0.540292809676
-0.747293380949
0.915711302965
0.85905564699
0.68402816393
0.153917505172
0.878360579484
0.365635327823
-0.208080117039
-0.824041870556
-0.782807041318
-0.89900936269
-0.788586556821
0.0578504168152
-0.981171789622
-0.0208855977577
-0.780793472447
0.107554994178
0.507509613591
-0.45398576364
-0.949741345872
0.0973537935237
0.342420946329
0.287546648641
-0.154451126893
-0.53207674412
-0.869306851766
0.405581675229
0.734707963193
-0.125149629685
-0.0915197476313
0.816008906746
0.792854501978
0.0659939853681
0.381760931468
0.451448479971
-0.178582639216
-0.508173322142
0.0778819421692
0.44388154581
-0.234173502741
-0.276371437622
0.117964643254
-0.983887148804
0.841287047882
-0.52980628501
-0.198774545637
0.737478568758
-0.884580772433
0.112719717968
0.0808843117435
0.985156261581
0.151527263433
-0.657817859552
0.484531465554
-0.767431722549
-0.483587214466
-0.607326067742
-0.480967680846
0.0732839051744
-0.355021088621
0.741038964509
0.136863260534
1.28503949512
0.098133506593
1.55139426607
-0.604135679346
-0.973883462789
-0.0910613820951
-0.855749218241
-0.512925503052
-0.422262759367
0.239688068555
1.17525681786
0.384424595646
-0.160436558204
0.0925802353138
-0.800580956001
-0.81102312253
-0.844100851865
0.826597719642
0.617604774951
0.0675337533951
-0.649109440513
0.444145703351
-0.623599878319
