4
0
3
2
1
136
-0.543069631843
0.570488363122
0.849062789175
0.663632156628
-0.668900041887
0.45570413635
0.0727099419316
0.45722898179
1.18233113252
0.816808975667
-0.440645668846
-0.495826742225
-0.136346676898
0.467277580505
0.720392544272
-0.0432019729763
0.944923865977
2.17899645063
-0.740387705656
0.212221312962
-0.216102813604
-0.460179939791
0.909867784597
-0.156550966869
0.0456281588023
-0.264755931681
0.79548486326
0.499725665048
0.21446904621
-0.382573536614
-0.566347073663
0.803193724862
0.769903040948
3.21508079955
0.687976356388
-0.010967605588
-0.822547815143
-0.102343231514
-0.154596857804
0.980464083836
0.882898719746
0.603704028453
0.386431532589
1.01298488529
1.31452866479
-0.277446214214
0.155964379216
0.0142672123397
-0.850727291337
0.0016949614017
0.540292809676
-0.747293380949
0.915711302965
0.85905564699
0.68402816393
0.33914663141
0.878360579484
0.365635327823
0.818462246612
-0.824041870556
-0.782807041318
-0.89900936269
-0.788586556821
0.0578504168152
-0.981171789622
0.0430193211956
-0.701206575613
0.107554994178
0.507509613591
-0.45398576364
-0.949741345872
0.0973537935237
0.342420946329
0.287546648641
-0.154451126893
-0.249379976784
-0.792143599179
0.782927465677
0.734707963193
-0.125149629685
0.190985181818
0.893128845005
1.16995621951
0.0659939853681
0.381760931468
0.451448479971
-0.178582639216
-0.508173322142
0.367946896648
0.44388154581
-0.234173502741
0.441553543235
0.117964643254
-0.983887148804
0.841287047882
-0.52980628501
-0.198774545637
0.737478568758
-0.866870730551
0.126614313169
0.0808843117435
0.985156261581
0.151527263433
-0.657817859552
0.484531465554
-0.767431722549
-0.483587214466
-0.561615804376
-0.239936342169
0.0848779116544
-0.0426322216929
0.741038964509
0.182522343525
1.52584028142
0.109715017872
1.86350793097
-0.604135679346
-0.973883462789
-0.0910613820951
-0.855749218241
-0.512925503052
-0.135311361289
0.338785934665
1.27433306235
0.959492318901
-0.160436558204
0.0925802353138
-0.800580956001
-0.81102312253
-0.844100851865
0.826597719642
0.65019734597
0.0675337533951
-0.64287333661
0.444145703351
-0.623599878319
