4
0
3
2
1
136
-0.543138872865
0.567416181194
0.848912353748
0.660812268334
-0.668900041887
0.455634901618
0.0696379585243
0.457078550498
1.17951142163
0.816808975667
-0.440645668846
-0.495826742225
-0.136346676898
0.467277580505
0.708404770967
-0.0438221702457
0.944303675223
2.13613093388
-0.740387705656
0.212221312962
-0.216102813604
-0.460179939791
0.909867784597
-0.156550966869
0.0438001387914
-0.268684167207
0.795480213526
0.49368576019
0.208429732757
-0.388612258776
-0.566347073663
0.803193724862
0.769903040948
3.17828616309
0.687976356388
-0.0134412988112
-0.822547815143
-0.102343231514
-0.160634988788
0.974426543917
0.876861770778
0.603704028453
0.373537045065
1.00776877889
1.28782138326
-0.277446214214
0.155964379216
0.00137885254555
-0.855942831524
-0.0250010316594
0.540292809676
-0.747293380949
0.915711302965
0.85905564699
0.68402816393
0.329326631383
0.878360579484
0.365635327823
0.738825380871
-0.824041870556
-0.782807041318
-0.89900936269
-0.788586556821
0.0578504168152
-0.981171789622
0.0398483460702
-0.708337147125
0.107554994178
0.507509613591
-0.45398576364
-0.949741345872
0.0973537935237
0.342420946329
0.287546648641
-0.154451126893
-0.266232408794
-0.797262599405
0.7604539799
0.734707963193
-0.125149629685
0.174140803298
0.888011552973
1.14749300458
0.0659939853681
0.381760931468
0.451448479971
-0.178582639216
-0.508173322142
0.349883474057
0.44388154581
-0.234173502741
0.385792948038
0.117964643254
-0.983887148804
0.841287047882
-0.52980628501
-0.198774545637
0.737478568758
-0.868142381031
0.125770725132
0.0808843117435
0.985156261581
0.151527263433
-0.657817859552
0.484531465554
-0.767431722549
-0.483587214466
-0.563780038338
-0.252961387349
0.0843000684807
-0.0600192769381
0.741038964509
0.180359151133
1.51282059622
0.109137463469
1.84612765564
-0.604135679346
-0.973883462789
-0.0910613820951
-0.855749218241
-0.512925503052
-0.151496854209
0.334094859573
1.26964234975
0.917421357954
-0.160436558204
0.0925802353138
-0.800580956001
-0.81102312253
-0.844100851865
0.826597719642
0.648114394513
0.0675337533951
-0.643147241187
0.444145703351
-0.623599878319
