4
0
3
2
1
136
-0.543459021025
0.553525325664
0.848243780019
0.647940279646
-0.668900041887
0.455314791523
0.0557482762014
0.456410001625
1.16664049685
0.816808975667
-0.440645668846
-0.495826742225
-0.136346676898
0.467277580505
0.654219943553
-0.0466408852156
0.941484998946
1.94807448694
-0.740387705656
0.212221312962
-0.216102813604
-0.460179939791
0.909867784597
-0.156550966869
0.0355015801147
-0.286081402
0.795458406236
0.46778167749
0.182528727584
-0.414510187137
-0.566347073663
0.803193724862
0.769903040948
3.0163040744
0.687976356388
-0.0247506245634
-0.822547815143
-0.102343231514
-0.186529841052
0.948534767034
0.850973068561
0.603704028453
0.311783527502
0.986835823992
1.16228818072
-0.277446214214
0.155964379216
-0.0603380500425
-0.87687299188
-0.150469214294
0.540292809676
-0.747293380949
0.915711302965
0.85905564699
0.68402816393
0.281352454593
0.878360579484
0.365635327823
0.411533902189
-0.824041870556
-0.782807041318
-0.89900936269
-0.788586556821
0.0578504168152
-0.981171789622
0.0239234897336
-0.735968078931
0.107554994178
0.507509613591
-0.45398576364
-0.949741345872
0.0973537935237
0.342420946329
0.287546648641
-0.154451126893
-0.344042784099
-0.819577880072
0.656497505379
0.734707963193
-0.125149629685
0.0963764941781
0.865706355666
1.04359480888
0.0659939853681
0.381760931468
0.451448479971
-0.178582639216
-0.508173322142
0.268377881
0.44388154581
-0.234173502741
0.158458209522
0.117964643254
-0.983887148804
0.841287047882
-0.52980628501
-0.198774545637
0.737478568758
-0.873608005353
0.12188823918
0.0808843117435
0.985156261581
0.151527263433
-0.657817859552
0.484531465554
-0.767431722549
-0.483587214466
-0.574183439391
-0.312876992187
0.0815483118505
-0.139297900134
0.741038964509
0.169962310444
1.45293753809
0.106387486131
1.7668894959
-0.604135679346
-0.973883462789
-0.0910613820951
-0.855749218241
-0.512925503052
-0.224939584777
0.311612817423
1.24716269234
0.745439704497
-0.160436558204
0.0925802353138
-0.800580956001
-0.81102312253
-0.844100851865
0.826597719642
0.639022649297
0.0675337533951
-0.644496277962
0.444145703351
-0.623599878319
