4
0
3
2
1
136
-0.54336112094
0.557719325324
0.848443683628
0.651847997792
-0.668900041887
0.455412678224
0.0599418681911
0.456609896523
1.17054784264
0.816808975667
-0.440645668846
-0.495826742225
-0.136346676898
0.467277580505
0.670574126269
-0.0457873022518
0.94233856843
2.00385968171
-0.740387705656
0.212221312962
-0.216102813604
-0.460179939791
0.909867784597
-0.156550966869
0.0380123511092
-0.280892490623
0.795465127935
0.475356478413
0.190102529264
-0.406937384447
-0.566347073663
0.803193724862
0.769903040948
3.06445744903
0.687976356388
-0.0213143705617
-0.822547815143
-0.102343231514
-0.178958037095
0.956105572513
0.858542875817
0.603704028453
0.330875502722
0.992696607964
1.20066956428
-0.277446214214
0.155964379216
-0.0412585450365
-0.87101307872
-0.112109597691
0.540292809676
-0.747293380949
0.915711302965
0.85905564699
0.68402816393
0.296340654342
0.878360579484
0.365635327823
0.504695507392
-0.824041870556
-0.782807041318
-0.89900936269
-0.788586556821
0.0578504168152
-0.981171789622
0.0289722923755
-0.72838415686
0.107554994178
0.507509613591
-0.45398576364
-0.949741345872
0.0973537935237
0.342420946329
0.287546648641
-0.154451126893
-0.320415280449
-0.812986174042
0.68806556008
0.734707963193
-0.125149629685
0.119988568024
0.8722946325
1.07514340702
0.0659939853681
0.381760931468
0.451448479971
-0.178582639216
-0.508173322142
0.292847094558
0.44388154581
-0.234173502741
0.223008439127
0.117964643254
-0.983887148804
0.841287047882
-0.52980628501
-0.198774545637
0.737478568758
-0.872017987689
0.12306286208
0.0808843117435
0.985156261581
0.151527263433
-0.657817859552
0.484531465554
-0.767431722549
-0.483587214466
-0.57093653371
-0.294628124271
0.0824017595855
-0.115277560549
0.741038964509
0.173206872372
1.47117498153
0.107240305789
1.79089575077
-0.604135679346
-0.973883462789
-0.0910613820951
-0.855749218241
-0.512925503052
-0.202748298815
0.318620988453
1.25416999288
0.794475009829
-0.160436558204
0.0925802353138
-0.800580956001
-0.81102312253
-0.844100851865
0.826597719642
0.64170673829
0.0675337533951
-0.644069616966
0.444145703351
-0.623599878319
