4
0
3
2
1
136
-0.542793767674
0.582978828285
0.849684533709
0.674999498305
-0.668900041887
0.455979980776
0.0851997716322
0.457850713264
1.19369791302
0.816808975667
-0.440645668846
-0.495826742225
-0.136346676898
0.467277580505
0.769119536571
-0.040692015411
0.94743380278
2.35802636624
-0.740387705656
0.212221312962
-0.216102813604
-0.460179939791
0.909867784597
-0.156550966869
0.0530278686109
-0.248493750918
0.795503145609
0.525395500911
0.240136796226
-0.356907872112
-0.566347073663
0.803193724862
0.769903040948
3.36833579174
0.687976356388
-0.00101107605329
-0.822547815143
-0.102343231514
-0.128933278479
1.00612557832
0.908558129719
0.603704028453
0.434992030278
1.03625810834
1.41634686382
-0.277446214214
0.155964379216
0.0628097889898
-0.827456091496
0.103479088029
0.540292809676
-0.747293380949
0.915711302965
0.85905564699
0.68402816393
0.375406485855
0.878360579484
0.365635327823
1.16937735051
-0.824041870556
-0.782807041318
-0.89900936269
-0.788586556821
0.0578504168152
-0.981171789622
0.0544469413857
-0.668013483301
0.107554994178
0.507509613591
-0.45398576364
-0.949741345872
0.0973537935237
0.342420946329
0.287546648641
-0.154451126893
-0.183252736128
-0.770522895647
0.87044873255
0.734707963193
-0.125149629685
0.257087589448
0.914744402862
1.25744558123
0.0659939853681
0.381760931468
0.451448479971
-0.178582639216
-0.508173322142
0.440746030792
0.44388154581
-0.234173502741
0.691565969084
0.117964643254
-0.983887148804
0.841287047882
-0.52980628501
-0.198774545637
0.737478568758
-0.861598963909
0.129902754582
0.0808843117435
0.985156261581
0.151527263433
-0.657817859552
0.484531465554
-0.767431722549
-0.483587214466
-0.553332598043
-0.188038474663
0.0871000142552
0.0271444197559
0.741038964509
0.19080242452
1.57772158244
0.11193624295
1.93326331921
-0.604135679346
-0.973883462789
-0.0910613820951
-0.855749218241
-0.512925503052
-0.0700716063935
0.356814908261
1.29236098147
1.14869861138
-0.160436558204
0.0925802353138
-0.800580956001
-0.81102312253
-0.844100851865
0.826597719642
0.658872157623
0.0675337533951
-0.64184758692
0.444145703351
-0.623599878319
