4
0
3
2
1
136
-0.542998767084
0.573658354224
0.849219027518
0.666531811695
-0.668900041887
0.455774995271
0.0758797472425
0.457385216285
1.18523062236
0.816808975667
-0.440645668846
-0.495826742225
-0.136346676898
0.467277580505
0.732761620756
-0.0425632189433
0.945562613927
2.22371050212
-0.740387705656
0.212221312962
-0.216102813604
-0.460179939791
0.909867784597
-0.156550966869
0.0475112295156
-0.260672697335
0.795489596951
0.506072789022
0.220815593068
-0.376227566769
-0.566347073663
0.803193724862
0.769903040948
3.25341801251
0.687976356388
-0.00842547157577
-0.822547815143
-0.102343231514
-0.148251464868
0.986808899965
0.889242959169
0.603704028453
0.399361111466
1.01858424502
1.34146308123
-0.277446214214
0.155964379216
0.0271912263659
-0.845128488693
0.0286189843333
0.540292809676
-0.747293380949
0.915711302965
0.85905564699
0.68402816393
0.348916838274
0.878360579484
0.365635327823
0.903398022682
-0.824041870556
-0.782807041318
-0.89900936269
-0.788586556821
0.0578504168152
-0.981171789622
0.0461424299862
-0.693433353443
0.107554994178
0.507509613591
-0.45398576364
-0.949741345872
0.0973537935237
0.342420946329
0.287546648641
-0.154451126893
-0.232212641171
-0.786786580063
0.805772833326
0.734707963193
-0.125149629685
0.208145049164
0.89848429726
1.1927920308
0.0659939853681
0.381760931468
0.451448479971
-0.178582639216
-0.508173322142
0.386535254613
0.44388154581
-0.234173502741
0.50135333667
0.117964643254
-0.983887148804
0.841287047882
-0.52980628501
-0.198774545637
0.737478568758
-0.865543811021
0.127472624923
0.0808843117435
0.985156261581
0.151527263433
-0.657817859552
0.484531465554
-0.767431722549
-0.483587214466
-0.559435027205
-0.226596816409
0.0854615419529
-0.024771876242
0.741038964509
0.184702170751
1.53917485645
0.11029838322
1.88136197631
-0.604135679346
-0.973883462789
-0.0910613820951
-0.855749218241
-0.512925503052
-0.118655585592
0.343520091667
1.27906689327
1.00464504952
-0.160436558204
0.0925802353138
-0.800580956001
-0.81102312253
-0.844100851865
0.826597719642
0.652369952348
0.0675337533951
-0.642599771351
0.444145703351
-0.623599878319
