4
0
3
2
1
136
0.457552752325
-0.781361571117
0.121131999052
-0.474190605148
0.731620888425
-0.985605817608
0.722996874067
-0.848422189719
0.971590299334
-0.206148253119
-0.844611633722
0.753104955419
0.31177309864
-0.989008969419
0.406778802891
0.38770563036
-0.916425450364
0.960555451662
0.442683614171
0.633676384472
0.541671472831
-0.217106278727
0.402610617009
0.0794071756768
0.725898105747
-0.85140193197
-0.976951804954
0.559933611155
0.025859093685
-0.931130580259
-0.37141279685
-0.666631896108
-0.291384701993
1.44141800578
-0.923177382774
0.919375899665
0.13952757069
-0.200406291451
0.87402281071
-0.120282920073
0.718118009492
-0.407551581222
0.205165178379
-0.958228476834
0.687064297014
0.708281213852
-0.207320968033
-0.960288809922
0.0834999472911
-0.803007813235
0.395567061295
-0.372358144143
0.644246950645
-0.560741409989
0.887613233366
0.0754040430509
0.0249241149426
0.270352889772
1.01535927928
0.770552295307
-0.113329695897
0.593746283323
-0.0692156549379
0.308223783161
-0.925003413907
-0.540023268896
0.23288340107
-0.800810246359
-0.413623846621
-0.345642427457
-0.384551154654
-0.366611219086
0.906863550535
0.723528304794
0.134136593497
0.72621637045
0.905877084198
-0.764999041533
-0.0284945552565
-0.128632744751
0.144383802242
0.603994086878
0.812210628875
0.167821372003
0.415753662098
0.72020036289
0.964567217668
-0.723619704565
0.0431498336538
0.488099227411
-0.0245252243888
0.568967814662
-0.55109349169
-0.3233259529
0.698084332482
-0.865970557334
0.840419622854
0.916167658693
-0.0388820563027
-0.420552593555
-0.402689060303
-0.57105922015
0.641896697221
-0.960390287718
0.109943654647
-0.685791212527
0.243679258584
-0.272749784883
-0.307754818558
0.50521052324
0.796236668626
0.0220383348954
0.959223518378
-0.178605781141
-0.0261271431364
-0.110888941465
-0.357171856114
-0.306852882494
-0.240947122158
-0.309623945315
0.658174301327
0.809267133964
-0.921199553439
-0.145600230202
0.02682455144
-0.371845374049
0.632881688671
-0.692969295025
0.58635664661
0.534357715074
0.0948878780752
0.70216548419
-0.46616594752
0.404520650387
-0.199854509962
0.977326749477
