4
0
3
2
1
136
-0.543534543972
0.550321526697
0.848092173821
0.644942484258
-0.668900041887
0.455239280106
0.0525448250093
0.456258402913
1.16364302113
0.816808975667
-0.440645668846
-0.495826742225
-0.136346676898
0.467277580505
0.64173228103
-0.0472944526398
0.940831443044
1.90603885046
-0.740387705656
0.212221312962
-0.216102813604
-0.460179939791
0.909867784597
-0.156550966869
0.0335809721806
-0.29000734242
0.795453189538
0.462141397327
0.17688925127
-0.420148859823
-0.566347073663
0.803193724862
0.769903040948
2.97995586268
0.687976356388
-0.0273883679122
-0.822547815143
-0.102343231514
-0.192167710331
0.942897700942
0.845336805434
0.603704028453
0.297089611303
0.982623443631
1.13300257533
-0.277446214214
0.155964379216
-0.0750218319054
-0.881084704716
-0.179737338987
0.540292809676
-0.747293380949
0.915711302965
0.85905564699
0.68402816393
0.269729004924
0.878360579484
0.365635327823
0.343679202663
-0.824041870556
-0.782807041318
-0.89900936269
-0.788586556821
0.0578504168152
-0.981171789622
0.0199661674499
-0.741348022827
0.107554994178
0.507509613591
-0.45398576364
-0.949741345872
0.0973537935237
0.342420946329
0.287546648641
-0.154451126893
-0.362028812529
-0.824516298192
0.63247994638
0.734707963193
-0.125149629685
0.0784029129259
0.860770733864
1.01959292451
0.0659939853681
0.381760931468
0.451448479971
-0.178582639216
-0.508173322142
0.249879335141
0.44388154581
-0.234173502741
0.111431174936
0.117964643254
-0.983887148804
0.841287047882
-0.52980628501
-0.198774545637
0.737478568758
-0.874779829622
0.120997631497
0.0808843117435
0.985156261581
0.151527263433
-0.657817859552
0.484531465554
-0.767431722549
-0.483587214466
-0.576724607801
-0.326896493418
0.080884428764
-0.157673627073
0.741038964509
0.16742318139
1.43892783008
0.105724142996
1.74852575927
-0.604135679346
-0.973883462789
-0.0910613820951
-0.855749218241
-0.512925503052
-0.241881653943
0.30613017887
1.24168082631
0.709481909997
-0.160436558204
0.0925802353138
-0.800580956001
-0.81102312253
-0.844100851865
0.826597719642
0.637010773622
0.0675337533951
-0.644833649753
0.444145703351
-0.623599878319
