4
0
3
2
1
136
-0.543061867561
0.570834404546
0.849079794045
0.66394918026
-0.668900041887
0.455711899964
0.0730559621669
0.45724598622
1.18264813729
0.816808975667
-0.440645668846
-0.495826742225
-0.136346676898
0.467277580505
0.721742805174
-0.0431321870726
0.944993651186
2.183853616
-0.740387705656
0.212221312962
-0.216102813604
-0.460179939791
0.909867784597
-0.156550966869
0.0458338762069
-0.264311672196
0.795485383148
0.500412879501
0.215156196039
-0.381886451398
-0.566347073663
0.803193724862
0.769903040948
3.21924739815
0.687976356388
-0.0106895938931
-0.822547815143
-0.102343231514
-0.153909837188
0.981151039864
0.883585611197
0.603704028453
0.387861955427
1.01358548289
1.31750110378
-0.277446214214
0.155964379216
0.0156969908533
-0.850126755931
0.00466620428698
0.540292809676
-0.747293380949
0.915711302965
0.85905564699
0.68402816393
0.340231373679
0.878360579484
0.365635327823
0.827597399181
-0.824041870556
-0.782807041318
-0.89900936269
-0.788586556821
0.0578504168152
-0.981171789622
0.0433676413628
-0.700378799564
0.107554994178
0.507509613591
-0.45398576364
-0.949741345872
0.0973537935237
0.342420946329
0.287546648641
-0.154451126893
-0.247494505404
-0.791562628687
0.785439282154
0.734707963193
-0.125149629685
0.192869796768
0.893709634962
1.17246694172
0.0659939853681
0.381760931468
0.451448479971
-0.178582639216
-0.508173322142
0.369978873132
0.44388154581
-0.234173502741
0.447967748404
0.117964643254
-0.983887148804
0.841287047882
-0.52980628501
-0.198774545637
0.737478568758
-0.866726532269
0.126708653235
0.0808843117435
0.985156261581
0.151527263433
-0.657817859552
0.484531465554
-0.767431722549
-0.483587214466
-0.561375158282
-0.238475101575
0.0849422512146
-0.040678373991
0.741038964509
0.182762879991
1.52730095387
0.109779326933
1.8654610576
-0.604135679346
-0.973883462789
-0.0910613820951
-0.855749218241
-0.512925503052
-0.133490754022
0.339307968541
1.27485505836
0.964333350222
-0.160436558204
0.0925802353138
-0.800580956001
-0.81102312253
-0.844100851865
0.826597719642
0.650433397562
0.0675337533951
-0.64284302842
0.444145703351
-0.623599878319
