4
0
3
2
1
136
-0.543769342374
0.540532395671
0.847634631737
0.635713258117
-0.668900041887
0.455004525284
0.0427569845781
0.455800888993
1.15441499469
0.816808975667
-0.440645668846
-0.495826742225
-0.136346676898
0.467277580505
0.603616845366
-0.0492997416698
0.938826196947
1.7807009041
-0.740387705656
0.212221312962
-0.216102813604
-0.460179939791
0.909867784597
-0.156550966869
0.027700968539
-0.301795643834
0.795436799728
0.445702599705
0.160453120704
-0.436582324165
-0.566347073663
0.803193724862
0.769903040948
2.87122180889
0.687976356388
-0.0355173769019
-0.822547815143
-0.102343231514
-0.208598509282
0.926469566551
0.828911334772
0.603704028453
0.252589107574
0.971130693508
1.04553623703
-0.277446214214
0.155964379216
-0.119489965481
-0.892575483188
-0.267148698597
0.540292809676
-0.747293380949
0.915711302965
0.85905564699
0.68402816393
0.234092986455
0.878360579484
0.365635327823
0.154275005187
-0.824041870556
-0.782807041318
-0.89900936269
-0.788586556821
0.0578504168152
-0.981171789622
0.00763280787651
-0.75572452326
0.107554994178
0.507509613591
-0.45398576364
-0.949741345872
0.0973537935237
0.342420946329
0.287546648641
-0.154451126893
-0.415741566896
-0.838959764148
0.560829650391
0.734707963193
-0.125149629685
0.0247298481969
0.846336312968
0.947992645663
0.0659939853681
0.381760931468
0.451448479971
-0.178582639216
-0.508173322142
0.195136994248
0.44388154581
-0.234173502741
-0.020255657869
0.117964643254
-0.983887148804
0.841287047882
-0.52980628501
-0.198774545637
0.737478568758
-0.878098943835
0.118357671652
0.0808843117435
0.985156261581
0.151527263433
-0.657817859552
0.484531465554
-0.767431722549
-0.483587214466
-0.584808504891
-0.370083216744
0.0788001674193
-0.213844908827
0.741038964509
0.159347073802
1.39577750488
0.103641891019
1.69239850035
-0.604135679346
-0.973883462789
-0.0910613820951
-0.855749218241
-0.512925503052
-0.293495841668
0.288682993312
1.22423670814
0.606801942442
-0.160436558204
0.0925802353138
-0.800580956001
-0.81102312253
-0.844100851865
0.826597719642
0.631082449503
0.0675337533951
-0.645926300524
0.444145703351
-0.623599878319
