4
0
3
2
1
136
-0.54352176278
0.550861810271
0.848117674617
0.645448804396
-0.668900041887
0.455252059269
0.0530850475898
0.456283902393
1.16414928508
0.816808975667
-0.440645668846
-0.495826742225
-0.136346676898
0.467277580505
0.643837806277
-0.0471841432206
0.940941750442
1.91309255274
-0.740387705656
0.212221312962
-0.216102813604
-0.460179939791
0.909867784597
-0.156550966869
0.0339050092753
-0.289347595604
0.795454074298
0.463083638792
0.177831354736
-0.419206894318
-0.566347073663
0.803193724862
0.769903040948
2.98605914731
0.687976356388
-0.0269427629826
-0.822547815143
-0.102343231514
-0.191225882748
0.943839390642
0.84627835729
0.603704028453
0.299569953994
0.983317892963
1.13793094368
-0.277446214214
0.155964379216
-0.0725432276348
-0.880390367728
-0.174811957708
0.540292809676
-0.747293380949
0.915711302965
0.85905564699
0.68402816393
0.271696260244
0.878360579484
0.365635327823
0.354920360773
-0.824041870556
-0.782807041318
-0.89900936269
-0.788586556821
0.0578504168152
-0.981171789622
0.0206383983804
-0.74046516056
0.107554994178
0.507509613591
-0.45398576364
-0.949741345872
0.0973537935237
0.342420946329
0.287546648641
-0.154451126893
-0.359003443024
-0.823689862122
0.636518937044
0.734707963193
-0.125149629685
0.0814261509254
0.861596689391
1.02362923164
0.0659939853681
0.381760931468
0.451448479971
-0.178582639216
-0.508173322142
0.252983959817
0.44388154581
-0.234173502741
0.11922464222
0.117964643254
-0.983887148804
0.841287047882
-0.52980628501
-0.198774545637
0.737478568758
-0.874584975976
0.121147209718
0.0808843117435
0.985156261581
0.151527263433
-0.657817859552
0.484531465554
-0.767431722549
-0.483587214466
-0.576292400864
-0.32452778607
0.0809970751105
-0.154573692176
0.741038964509
0.167855028324
1.4412948178
0.10583669446
1.75162359385
-0.604135679346
-0.973883462789
-0.0910613820951
-0.855749218241
-0.512925503052
-0.23902562399
0.307062616018
1.2426131261
0.715458806171
-0.160436558204
0.0925802353138
-0.800580956001
-0.81102312253
-0.844100851865
0.826597719642
0.637347653941
0.0675337533951
-0.644776058096
0.444145703351
-0.623599878319
