4
0
3
2
1
136
-0.543606652313
0.547287861422
0.847949477396
0.642093625458
-0.668900041887
0.455167183842
0.0495115209116
0.456115714311
1.16079449599
0.816808975667
-0.440645668846
-0.495826742225
-0.136346676898
0.467277580505
0.629913048534
-0.0479145402263
0.940211367445
1.86669713034
-0.740387705656
0.212221312962
-0.216102813604
-0.460179939791
0.909867784597
-0.156550966869
0.0317604753347
-0.293694200663
0.795448183485
0.456918348588
0.171666995572
-0.425370322714
-0.566347073663
0.803193724862
0.769903040948
2.94588485709
0.687976356388
-0.0298963202343
-0.822547815143
-0.102343231514
-0.197388380646
0.937677822972
0.840117719577
0.603704028453
0.283175541024
0.97884276874
1.10546512397
-0.277446214214
0.155964379216
-0.0889259787482
-0.88486475304
-0.207257818565
0.540292809676
-0.747293380949
0.915711302965
0.85905564699
0.68402816393
0.258655004095
0.878360579484
0.365635327823
0.282085916683
-0.824041870556
-0.782807041318
-0.89900936269
-0.788586556821
0.0578504168152
-0.981171789622
0.0161642474638
-0.746126230632
0.107554994178
0.507509613591
-0.45398576364
-0.949741345872
0.0973537935237
0.342420946329
0.287546648641
-0.154451126893
-0.37892923948
-0.829104725916
0.60992422675
0.734707963193
-0.125149629685
0.0615146389653
0.8561850578
0.997052505022
0.0659939853681
0.381760931468
0.451448479971
-0.178582639216
-0.508173322142
0.232582834683
0.44388154581
-0.234173502741
0.0686969250438
0.117964643254
-0.983887148804
0.841287047882
-0.52980628501
-0.198774545637
0.737478568758
-0.875852135633
0.120163790096
0.0808843117435
0.985156261581
0.151527263433
-0.657817859552
0.484531465554
-0.767431722549
-0.483587214466
-0.579178848088
-0.340228140211
0.0802469804091
-0.175084124213
0.741038964509
0.164971090635
1.42560637564
0.10508725737
1.73112766934
-0.604135679346
-0.973883462789
-0.0910613820951
-0.855749218241
-0.512925503052
-0.257907138199
0.300835338992
1.23638681499
0.676550498819
-0.160436558204
0.0925802353138
-0.800580956001
-0.81102312253
-0.844100851865
0.826597719642
0.635137661793
0.0675337533951
-0.645162294561
0.444145703351
-0.623599878319
