4
0
3
2
1
136
-0.543599591626
0.547583829607
0.847963362739
0.642372006147
-0.668900041887
0.455174243298
0.0498074524237
0.456129598858
1.16107284273
0.816808975667
-0.440645668846
-0.495826742225
-0.136346676898
0.467277580505
0.631065894949
-0.0478539907158
0.940271915737
1.87051559972
-0.740387705656
0.212221312962
-0.216102813604
-0.460179939791
0.909867784597
-0.156550966869
0.0319381602997
-0.293335825511
0.795448674747
0.457422852268
0.172171420532
-0.424865976449
-0.566347073663
0.803193724862
0.769903040948
2.94919403898
0.687976356388
-0.0296511991111
-0.822547815143
-0.102343231514
-0.196884113053
0.938182011917
0.840621829897
0.603704028453
0.284530812406
0.979202808972
1.10813936489
-0.277446214214
0.155964379216
-0.0875716852003
-0.884504773521
-0.204585244467
0.540292809676
-0.747293380949
0.915711302965
0.85905564699
0.68402816393
0.259736457487
0.878360579484
0.365635327823
0.287980845897
-0.824041870556
-0.782807041318
-0.89900936269
-0.788586556821
0.0578504168152
-0.981171789622
0.016536829798
-0.745673249785
0.107554994178
0.507509613591
-0.45398576364
-0.949741345872
0.0973537935237
0.342420946329
0.287546648641
-0.154451126893
-0.377288038066
-0.828661125104
0.612114098314
0.734707963193
-0.125149629685
0.0631546433816
0.856628386758
0.99924086944
0.0659939853681
0.381760931468
0.451448479971
-0.178582639216
-0.508173322142
0.234259219284
0.44388154581
-0.234173502741
0.0727897064083
0.117964643254
-0.983887148804
0.841287047882
-0.52980628501
-0.198774545637
0.737478568758
-0.875749183978
0.120244634534
0.0808843117435
0.985156261581
0.151527263433
-0.657817859552
0.484531465554
-0.767431722549
-0.483587214466
-0.578937369631
-0.338925227379
0.08030952974
-0.173385339495
0.741038964509
0.165212349531
1.42690825306
0.105149749517
1.73282519676
-0.604135679346
-0.973883462789
-0.0910613820951
-0.855749218241
-0.512925503052
-0.256344610994
0.301356340611
1.23690773133
0.67971736657
-0.160436558204
0.0925802353138
-0.800580956001
-0.81102312253
-0.844100851865
0.826597719642
0.63531901183
0.0675337533951
-0.645129837341
0.444145703351
-0.623599878319
