4
0
3
2
1
136
-0.543875388861
0.536194110219
0.847434493721
0.631588853712
-0.668900041887
0.454898502882
0.0384193990509
0.455600766474
1.15029124869
0.816808975667
-0.440645668846
-0.495826742225
-0.136346676898
0.467277580505
0.586750573955
-0.0501925521067
0.937933409894
1.7266452996
-0.740387705656
0.212221312962
-0.216102813604
-0.460179939791
0.909867784597
-0.156550966869
0.0250907934959
-0.30691795492
0.79542931401
0.438804255441
0.153556054866
-0.443478112031
-0.566347073663
0.803193724862
0.769903040948
2.8241487487
0.687976356388
-0.0391538153795
-0.822547815143
-0.102343231514
-0.215493019625
0.91957633328
0.822019378121
0.603704028453
0.233544850605
0.966672485773
1.00859120549
-0.277446214214
0.155964379216
-0.13852018023
-0.897032884703
-0.304070123035
0.540292809676
-0.747293380949
0.915711302965
0.85905564699
0.68402816393
0.218656196925
0.878360579484
0.365635327823
0.079013874015
-0.824041870556
-0.782807041318
-0.89900936269
-0.788586556821
0.0578504168152
-0.981171789622
0.00221034377996
-0.761181203097
0.107554994178
0.507509613591
-0.45398576364
-0.949741345872
0.0973537935237
0.342420946329
0.287546648641
-0.154451126893
-0.438500724433
-0.844976813686
0.530491231502
0.734707963193
-0.125149629685
0.001988067511
0.840323261938
0.917676220356
0.0659939853681
0.381760931468
0.451448479971
-0.178582639216
-0.508173322142
0.172105628831
0.44388154581
-0.234173502741
-0.0728937645515
0.117964643254
-0.983887148804
0.841287047882
-0.52980628501
-0.198774545637
0.737478568758
-0.879433222031
0.11724755256
0.0808843117435
0.985156261581
0.151527263433
-0.657817859552
0.484531465554
-0.767431722549
-0.483587214466
-0.588539962889
-0.389351845174
0.0778542964288
-0.238691801534
0.741038964509
0.155619931417
1.37652848702
0.102697099176
1.66757504219
-0.604135679346
-0.973883462789
-0.0910613820951
-0.855749218241
-0.512925503052
-0.316249083332
0.280616496046
1.21617198294
0.564392403416
-0.160436558204
0.0925802353138
-0.800580956001
-0.81102312253
-0.844100851865
0.826597719642
0.628565428684
0.0675337533951
-0.64644021547
0.444145703351
-0.623599878319
