4
0
3
2
1
136
-0.543135176926
0.567579544816
0.848920329101
0.660962458178
-0.668900041887
0.455638597206
0.0698013111097
0.45708652562
1.17966160159
0.816808975667
-0.440645668846
-0.495826742225
-0.136346676898
0.467277580505
0.709042217679
-0.0437891624456
0.94433668266
2.13839869414
-0.740387705656
0.212221312962
-0.216102813604
-0.460179939791
0.909867784597
-0.156550966869
0.0438974170668
-0.268476006326
0.795480462328
0.494004149262
0.208748089578
-0.388293934201
-0.566347073663
0.803193724862
0.769903040948
3.18023383115
0.687976356388
-0.0133095111585
-0.822547815143
-0.102343231514
-0.160316696451
0.974744804021
0.877179998656
0.603704028453
0.374231283807
1.00804086168
1.28925518159
-0.277446214214
0.155964379216
0.00207274683
-0.855670779457
-0.0235678639268
0.540292809676
-0.747293380949
0.915711302965
0.85905564699
0.68402816393
0.329857213345
0.878360579484
0.365635327823
0.742993812625
-0.824041870556
-0.782807041318
-0.89900936269
-0.788586556821
0.0578504168152
-0.981171789622
0.0400204843639
-0.707967754208
0.107554994178
0.507509613591
-0.45398576364
-0.949741345872
0.0973537935237
0.342420946329
0.287546648641
-0.154451126893
-0.26533143136
-0.796992116213
0.761656353533
0.734707963193
-0.125149629685
0.175041332033
0.888281940503
1.14869480685
0.0659939853681
0.381760931468
0.451448479971
-0.178582639216
-0.508173322142
0.350844862334
0.44388154581
-0.234173502741
0.388705199237
0.117964643254
-0.983887148804
0.841287047882
-0.52980628501
-0.198774545637
0.737478568758
-0.868075184402
0.125815833235
0.0808843117435
0.985156261581
0.151527263433
-0.657817859552
0.484531465554
-0.767431722549
-0.483587214466
-0.563663700359
-0.252266481869
0.0843310921431
-0.0590929781604
0.741038964509
0.180475430525
1.51351520194
0.109168470936
1.8470535763
-0.604135679346
-0.973883462789
-0.0910613820951
-0.855749218241
-0.512925503052
-0.150635288281
0.334346862481
1.26989433213
0.919618245007
-0.160436558204
0.0925802353138
-0.800580956001
-0.81102312253
-0.844100851865
0.826597719642
0.648224562327
0.0675337533951
-0.643132456962
0.444145703351
-0.623599878319
