4
0
3
2
1
136
-0.543096951355
0.569273260477
0.849003174635
0.662517987507
-0.668900041887
0.455676819248
0.0714949155438
0.457169368836
1.18121703146
0.816808975667
-0.440645668846
-0.495826742225
-0.136346676898
0.467277580505
0.71565116246
-0.0434471358327
0.944678705623
2.16198720264
-0.740387705656
0.212221312962
-0.216102813604
-0.460179939791
0.909867784597
-0.156550966869
0.0449054948387
-0.266313048236
0.795483031557
0.497323587814
0.212067199082
-0.384975153681
-0.566347073663
0.803193724862
0.769903040948
3.20048561693
0.687976356388
-0.011944815554
-0.822547815143
-0.102343231514
-0.156998244852
0.978062926764
0.880497792606
0.603704028453
0.38137289762
1.01089680648
1.30403208745
-0.277446214214
0.155964379216
0.00921091298945
-0.852815149177
-0.00879729517563
0.540292809676
-0.747293380949
0.915711302965
0.85905564699
0.68402816393
0.335303002421
0.878360579484
0.365635327823
0.786649622562
-0.824041870556
-0.782807041318
-0.89900936269
-0.788586556821
0.0578504168152
-0.981171789622
0.0417819567992
-0.704073540733
0.107554994178
0.507509613591
-0.45398576364
-0.949741345872
0.0973537935237
0.342420946329
0.287546648641
-0.154451126893
-0.256021708355
-0.794176516912
0.774074937938
0.734707963193
-0.125149629685
0.18434653858
0.891096580096
1.16110763442
0.0659939853681
0.381760931468
0.451448479971
-0.178582639216
-0.508173322142
0.360807090159
0.44388154581
-0.234173502741
0.419246424324
0.117964643254
-0.983887148804
0.841287047882
-0.52980628501
-0.198774545637
0.737478568758
-0.867375612208
0.126281904014
0.0808843117435
0.985156261581
0.151527263433
-0.657817859552
0.484531465554
-0.767431722549
-0.483587214466
-0.562465835892
-0.245076929169
0.0846507819893
-0.0495006046386
0.741038964509
0.181672709045
1.52070174551
0.109487998495
1.85664214726
-0.604135679346
-0.973883462789
-0.0910613820951
-0.855749218241
-0.512925503052
-0.141708502471
0.336942657379
1.27248992265
0.942659322889
-0.160436558204
0.0925802353138
-0.800580956001
-0.81102312253
-0.844100851865
0.826597719642
0.649370725912
0.0675337533951
-0.642980631567
0.444145703351
-0.623599878319
