4
0
3
2
1
136
-0.543585664775
0.54816829824
0.847990806018
0.642921461798
-0.668900041887
0.455188167754
0.0503918495557
0.456157040585
1.16162223224
0.816808975667
-0.440645668846
-0.495826742225
-0.136346676898
0.467277580505
0.633342666242
-0.0477344532112
0.940391450868
1.87806873782
-0.740387705656
0.212221312962
-0.216102813604
-0.460179939791
0.909867784597
-0.156550966869
0.0322890006115
-0.292627277576
0.795449643051
0.458422350877
0.173170764542
-0.423866786992
-0.566347073663
0.803193724862
0.769903040948
2.95573831717
0.687976356388
-0.0291674228722
-0.822547815143
-0.102343231514
-0.195885078104
0.939180892404
0.841620555969
0.603704028453
0.287209077167
0.979919372991
1.1134291492
-0.277446214214
0.155964379216
-0.0848953463128
-0.883788329701
-0.199298746379
0.540292809676
-0.747293380949
0.915711302965
0.85905564699
0.68402816393
0.261871837976
0.878360579484
0.365635327823
0.299694566961
-0.824041870556
-0.782807041318
-0.89900936269
-0.788586556821
0.0578504168152
-0.981171789622
0.0172717007067
-0.744770422945
0.107554994178
0.507509613591
-0.45398576364
-0.949741345872
0.0973537935237
0.342420946329
0.287546648641
-0.154451126893
-0.374041727435
-0.827782470796
0.616446004346
0.734707963193
-0.125149629685
0.0663985963714
0.857506506121
1.00356980714
0.0659939853681
0.381760931468
0.451448479971
-0.178582639216
-0.508173322142
0.237577122219
0.44388154581
-0.234173502741
0.0809204531189
0.117964643254
-0.983887148804
0.841287047882
-0.52980628501
-0.198774545637
0.737478568758
-0.875544807363
0.120404627992
0.0808843117435
0.985156261581
0.151527263433
-0.657817859552
0.484531465554
-0.767431722549
-0.483587214466
-0.578461796829
-0.336353673443
0.0804328265988
-0.170030697098
0.741038964509
0.16568749512
1.42947778874
0.105272934918
1.73617738641
-0.604135679346
-0.973883462789
-0.0910613820951
-0.855749218241
-0.512925503052
-0.253258335901
0.302382383716
1.23793360891
0.685999970888
-0.160436558204
0.0925802353138
-0.800580956001
-0.81102312253
-0.844100851865
0.826597719642
0.635678026543
0.0675337533951
-0.645065992314
0.444145703351
-0.623599878319
