4
0
3
2
1
136
-0.543401217586
0.555995968093
0.84836134116
0.650244540357
-0.668900041887
0.455372586856
0.0582186722813
0.456527557493
1.16894453222
0.816808975667
-0.440645668846
-0.495826742225
-0.136346676898
0.467277580505
0.663853198198
-0.0461377781414
0.94198809787
1.98083297766
-0.740387705656
0.212221312962
-0.216102813604
-0.460179939791
0.909867784597
-0.156550966869
0.0369811477849
-0.283031427016
0.795462380538
0.472217807203
0.186964261331
-0.410075249201
-0.566347073663
0.803193724862
0.769903040948
3.04459222085
0.687976356388
-0.0227240743153
-0.822547815143
-0.102343231514
-0.182095498771
0.952968513814
0.855406219995
0.603704028453
0.323060168864
0.990240488886
1.18491204893
-0.277446214214
0.155964379216
-0.0490688809818
-0.873468841268
-0.127858350933
0.540292809676
-0.747293380949
0.915711302965
0.85905564699
0.68402816393
0.290221218893
0.878360579484
0.365635327823
0.465821057162
-0.824041870556
-0.782807041318
-0.89900936269
-0.788586556821
0.0578504168152
-0.981171789622
0.0269185767204
-0.73157644205
0.107554994178
0.507509613591
-0.45398576364
-0.949741345872
0.0973537935237
0.342420946329
0.287546648641
-0.154451126893
-0.330126055375
-0.815711149989
0.675089366881
0.734707963193
-0.125149629685
0.110283997464
0.86957103002
1.06217504232
0.0659939853681
0.381760931468
0.451448479971
-0.178582639216
-0.508173322142
0.282765199608
0.44388154581
-0.234173502741
0.196069637057
0.117964643254
-0.983887148804
0.841287047882
-0.52980628501
-0.198774545637
0.737478568758
-0.872678609587
0.122579497697
0.0808843117435
0.985156261581
0.151527263433
-0.657817859552
0.484531465554
-0.767431722549
-0.483587214466
-0.572259728409
-0.302111751047
0.0820532941552
-0.125141679756
0.741038964509
0.17188459836
1.46369586592
0.106892088062
1.78103720661
-0.604135679346
-0.973883462789
-0.0910613820951
-0.855749218241
-0.512925503052
-0.211867567678
0.315764409124
1.25131375321
0.774046003666
-0.160436558204
0.0925802353138
-0.800580956001
-0.81102312253
-0.844100851865
0.826597719642
0.64059706073
0.0675337533951
-0.64424288838
0.444145703351
-0.623599878319
