4
0
3
2
1
136
-0.54319281886
0.565039654283
0.848796635181
0.658624294658
-0.668900041887
0.455580960954
0.0672615987017
0.456962835429
1.17732359793
0.816808975667
-0.440645668846
-0.495826742225
-0.136346676898
0.467277580505
0.699131743768
-0.0443027175215
0.94382313344
2.10328834151
-0.740387705656
0.212221312962
-0.216102813604
-0.460179939791
0.909867784597
-0.156550966869
0.0423840870014
-0.271703137333
0.795476574256
0.48908962503
0.203834077059
-0.393207435109
-0.566347073663
0.803193724862
0.769903040948
3.15006521696
0.687976356388
-0.0153616464745
-0.822547815143
-0.102343231514
-0.165229685854
0.969832326021
0.872268031954
0.603704028453
0.36333496724
1.00387834746
1.26680718832
-0.277446214214
0.155964379216
-0.00881797603163
-0.859832808704
-0.0460056703731
0.540292809676
-0.747293380949
0.915711302965
0.85905564699
0.68402816393
0.321505706372
0.878360579484
0.365635327823
0.679025795788
-0.824041870556
-0.782807041318
-0.89900936269
-0.788586556821
0.0578504168152
-0.981171789622
0.0373004203921
-0.71358906567
0.107554994178
0.507509613591
-0.45398576364
-0.949741345872
0.0973537935237
0.342420946329
0.287546648641
-0.154451126893
-0.279394505942
-0.801176254812
0.742880628231
0.734707963193
-0.125149629685
0.160985493303
0.884099351381
1.12992828414
0.0659939853681
0.381760931468
0.451448479971
-0.178582639216
-0.508173322142
0.335891434762
0.44388154581
-0.234173502741
0.344081899621
0.117964643254
-0.983887148804
0.841287047882
-0.52980628501
-0.198774545637
0.737478568758
-0.869113775437
0.125111845355
0.0808843117435
0.985156261581
0.151527263433
-0.657817859552
0.484531465554
-0.767431722549
-0.483587214466
-0.565488361988
-0.263098484747
0.08384505639
-0.0735146187067
0.741038964509
0.178651722886
1.50268805615
0.108682698202
1.83263804832
-0.604135679346
-0.973883462789
-0.0910613820951
-0.855749218241
-0.512925503052
-0.164039932422
0.330396370493
1.26594417617
0.885955633361
-0.160436558204
0.0925802353138
-0.800580956001
-0.81102312253
-0.844100851865
0.826597719642
0.646519618832
0.0675337533951
-0.643365119436
0.444145703351
-0.623599878319
