4
0
3
2
1
136
-0.542842389867
0.580747660505
0.849572251257
0.672980263077
-0.668900041887
0.455931361516
0.0829686996269
0.457738432762
1.19167876164
0.816808975667
-0.440645668846
-0.495826742225
-0.136346676898
0.467277580505
0.760418075631
-0.0411390267192
0.946986794592
2.32548656956
-0.740387705656
0.212221312962
-0.216102813604
-0.460179939791
0.909867784597
-0.156550966869
0.051710120986
-0.251432498931
0.795499951813
0.52068159743
0.235423229061
-0.361621103006
-0.566347073663
0.803193724862
0.769903040948
3.34052641747
0.687976356388
-0.00277785963149
-0.822547815143
-0.102343231514
-0.133646173151
1.00141301982
0.903845907351
0.603704028453
0.426795456922
1.03187084534
1.39904998074
-0.277446214214
0.155964379216
0.0546156802754
-0.831843027302
0.086187005046
0.540292809676
-0.747293380949
0.915711302965
0.85905564699
0.68402816393
0.369372870121
0.878360579484
0.365635327823
1.10350835192
-0.824041870556
-0.782807041318
-0.89900936269
-0.788586556821
0.0578504168152
-0.981171789622
0.0525765564805
-0.674456598145
0.107554994178
0.507509613591
-0.45398576364
-0.949741345872
0.0973537935237
0.342420946329
0.287546648641
-0.154451126893
-0.194753780138
-0.774493349076
0.855340819231
0.734707963193
-0.125149629685
0.245590122048
0.910774679684
1.24234228546
0.0659939853681
0.381760931468
0.451448479971
-0.178582639216
-0.508173322142
0.427838175095
0.44388154581
-0.234173502741
0.643976325838
0.117964643254
-0.983887148804
0.841287047882
-0.52980628501
-0.198774545637
0.737478568758
-0.862545285435
0.129335426975
0.0808843117435
0.985156261581
0.151527263433
-0.657817859552
0.484531465554
-0.767431722549
-0.483587214466
-0.554751247954
-0.19717167867
0.0867185915653
0.0148094023863
0.741038964509
0.189384220992
1.56859079897
0.111554946629
1.92093144038
-0.604135679346
-0.973883462789
-0.0910613820951
-0.855749218241
-0.512925503052
-0.0816373802162
0.353717243965
1.28926346435
1.1125840481
-0.160436558204
0.0925802353138
-0.800580956001
-0.81102312253
-0.844100851865
0.826597719642
0.657302366063
0.0675337533951
-0.642020665984
0.444145703351
-0.623599878319
