4
0
3
2
1
136
-0.544062014501
0.528681078721
0.847091519573
0.624395003689
-0.668900041887
0.454711927482
0.030907803416
0.455257824541
1.14309876355
0.816808975667
-0.440645668846
-0.495826742225
-0.136346676898
0.467277580505
0.557590301771
-0.0517449127703
0.93638109739
1.63518897617
-0.740387705656
0.212221312962
-0.216102813604
-0.460179939791
0.909867784597
-0.156550966869
0.020566782939
-0.315636777646
0.795416017653
0.427423412812
0.142177552874
-0.454854274295
-0.566347073663
0.803193724862
0.769903040948
2.74423676393
0.687976356388
-0.0455013684872
-0.822547815143
-0.102343231514
-0.226866843074
0.908204847736
0.810650229572
0.603704028453
0.202318975834
0.959806900079
0.948508612063
-0.277446214214
0.155964379216
-0.169723671757
-0.903897215854
-0.364115163467
0.540292809676
-0.747293380949
0.915711302965
0.85905564699
0.68402816393
0.193123905454
0.878360579484
0.365635327823
-0.038851333792
-0.824041870556
-0.782807041318
-0.89900936269
-0.788586556821
0.0578504168152
-0.981171789622
-0.00684111874966
-0.769451364905
0.107554994178
0.507509613591
-0.45398576364
-0.949741345872
0.0973537935237
0.342420946329
0.287546648641
-0.154451126893
-0.475684716977
-0.854712692945
0.480913722932
0.734707963193
-0.125149629685
-0.035167768174
0.830593876043
0.868134604118
0.0659939853681
0.381760931468
0.451448479971
-0.178582639216
-0.508173322142
0.134605405393
0.44388154581
-0.234173502741
-0.155856032541
0.117964643254
-0.983887148804
0.841287047882
-0.52980628501
-0.198774545637
0.737478568758
-0.881536345935
0.115442734028
0.0808843117435
0.985156261581
0.151527263433
-0.657817859552
0.484531465554
-0.767431722549
-0.483587214466
-0.595204726325
-0.422825674329
0.076194130113
-0.281539111104
0.741038964509
0.148964098619
1.34309426432
0.10103909463
1.6247745993
-0.604135679346
-0.973883462789
-0.0910613820951
-0.855749218241
-0.512925503052
-0.355386635031
0.266168938025
1.2017282409
0.494881866344
-0.160436558204
0.0925802353138
-0.800580956001
-0.81102312253
-0.844100851865
0.826597719642
0.624373320594
0.0675337533951
-0.647372231519
0.444145703351
-0.623599878319
