4
0
3
2
1
136
-0.54381130829
0.538809525205
0.847554962382
0.634077882998
-0.668900041887
0.454962568542
0.0410343817067
0.455721225545
1.15277987072
0.816808975667
-0.440645668846
-0.495826742225
-0.136346676898
0.467277580505
0.596916534774
-0.0496539966788
0.938471950869
1.75912430806
-0.740387705656
0.212221312962
-0.216102813604
-0.460179939791
0.909867784597
-0.156550966869
0.026664636121
-0.303837474135
0.795433843508
0.442934467751
0.157685489681
-0.439349454432
-0.566347073663
0.803193724862
0.769903040948
2.85244592794
0.687976356388
-0.0369590107957
-0.822547815143
-0.102343231514
-0.211365138963
0.923703437281
0.826145705742
0.603704028453
0.244953619266
0.969315176402
1.0306927562
-0.277446214214
0.155964379216
-0.127119809367
-0.894390673724
-0.281982680013
0.540292809676
-0.747293380949
0.915711302965
0.85905564699
0.68402816393
0.227916634749
0.878360579484
0.365635327823
0.123749096853
-0.824041870556
-0.782807041318
-0.89900936269
-0.788586556821
0.0578504168152
-0.981171789622
0.00546834761325
-0.757954828197
0.107554994178
0.507509613591
-0.45398576364
-0.949741345872
0.0973537935237
0.342420946329
0.287546648641
-0.154451126893
-0.424877579084
-0.841381184864
0.548650639972
0.734707963193
-0.125149629685
0.0156008007139
0.843916493163
0.935822439497
0.0659939853681
0.381760931468
0.451448479971
-0.178582639216
-0.508173322142
0.18588266758
0.44388154581
-0.234173502741
-0.0415781888317
0.117964643254
-0.983887148804
0.841287047882
-0.52980628501
-0.198774545637
0.737478568758
-0.878639232868
0.117911487801
0.0808843117435
0.985156261581
0.151527263433
-0.657817859552
0.484531465554
-0.767431722549
-0.483587214466
-0.586279748839
-0.377727974903
0.0784259087498
-0.223718797205
0.741038964509
0.157877474685
1.38814026198
0.103268046413
1.68253361314
-0.604135679346
-0.973883462789
-0.0910613820951
-0.855749218241
-0.512925503052
-0.302543123209
0.28550399865
1.22105838308
0.589748478321
-0.160436558204
0.0925802353138
-0.800580956001
-0.81102312253
-0.844100851865
0.826597719642
0.630074556249
0.0675337533951
-0.646128228277
0.444145703351
-0.623599878319
