4
0
3
2
1
136
-0.543453223142
0.553772410885
0.848255511532
0.648171018763
-0.668900041887
0.455320588566
0.0559953359585
0.456421732592
1.16687121264
0.816808975667
-0.440645668846
-0.495826742225
-0.136346676898
0.467277580505
0.655183232816
-0.0465905352053
0.941535348114
1.9513371976
-0.740387705656
0.212221312962
-0.216102813604
-0.460179939791
0.909867784597
-0.156550966869
0.0356496114182
-0.285777254764
0.795458805596
0.468221946214
0.182968935764
-0.414070039484
-0.566347073663
0.803193724862
0.769903040948
3.01912301217
0.687976356388
-0.0245476562802
-0.822547815143
-0.102343231514
-0.186089753911
0.948974793681
0.851413034729
0.603704028453
0.3129142465
0.98717016835
1.16455077506
-0.277446214214
0.155964379216
-0.0592080932038
-0.876538699044
-0.148207941591
0.540292809676
-0.747293380949
0.915711302965
0.85905564699
0.68402816393
0.282243781054
0.878360579484
0.365635327823
0.416886386698
-0.824041870556
-0.782807041318
-0.89900936269
-0.788586556821
0.0578504168152
-0.981171789622
0.0242254769838
-0.735538528522
0.107554994178
0.507509613591
-0.45398576364
-0.949741345872
0.0973537935237
0.342420946329
0.287546648641
-0.154451126893
-0.34265206768
-0.819193373113
0.658355118868
0.734707963193
-0.125149629685
0.0977662718963
0.866090652759
1.04545123973
0.0659939853681
0.381760931468
0.451448479971
-0.178582639216
-0.508173322142
0.269812563826
0.44388154581
-0.234173502741
0.162166620566
0.117964643254
-0.983887148804
0.841287047882
-0.52980628501
-0.198774545637
0.737478568758
-0.873516034575
0.121957235872
0.0808843117435
0.985156261581
0.151527263433
-0.657817859552
0.484531465554
-0.767431722549
-0.483587214466
-0.57398963863
-0.311798509778
0.0815990943794
-0.137881490922
0.741038964509
0.17015596321
1.45401530473
0.106438229241
1.76830502588
-0.604135679346
-0.973883462789
-0.0910613820951
-0.855749218241
-0.512925503052
-0.223632457532
0.312031002835
1.24758082222
0.748265408207
-0.160436558204
0.0925802353138
-0.800580956001
-0.81102312253
-0.844100851865
0.826597719642
0.639179217052
0.0675337533951
-0.644470671804
0.444145703351
-0.623599878319
