4
0
3
2
1
136
-0.543760633344
0.540890940002
0.847651243159
0.63605317315
-0.668900041887
0.455013232466
0.0431154748701
0.455817499224
1.15475485911
0.816808975667
-0.440645668846
-0.495826742225
-0.136346676898
0.467277580505
0.605011578203
-0.0492260687963
0.938899868018
1.78520931675
-0.740387705656
0.212221312962
-0.216102813604
-0.460179939791
0.909867784597
-0.156550966869
0.0279165921858
-0.301369469779
0.795437412213
0.446283398758
0.161033816656
-0.436001731281
-0.566347073663
0.803193724862
0.769903040948
2.87514278028
0.687976356388
-0.0352177748161
-0.822547815143
-0.102343231514
-0.208018019429
0.927049953406
0.829491618665
0.603704028453
0.254188670712
0.971516097891
1.04865134346
-0.277446214214
0.155964379216
-0.117891585392
-0.892190147745
-0.264035585442
0.540292809676
-0.747293380949
0.915711302965
0.85905564699
0.68402816393
0.235384666022
0.878360579484
0.365635327823
0.160733469059
-0.824041870556
-0.782807041318
-0.89900936269
-0.788586556821
0.0578504168152
-0.981171789622
0.00808456075068
-0.755249624495
0.107554994178
0.507509613591
-0.45398576364
-0.949741345872
0.0973537935237
0.342420946329
0.287546648641
-0.154451126893
-0.413825443985
-0.838450808416
0.563384159463
0.734707963193
-0.125149629685
0.0266445141997
0.846844934177
0.950545314585
0.0659939853681
0.381760931468
0.451448479971
-0.178582639216
-0.508173322142
0.197079638285
0.44388154581
-0.234173502741
-0.0157488034821
0.117964643254
-0.983887148804
0.841287047882
-0.52980628501
-0.198774545637
0.737478568758
-0.877984798549
0.118451350356
0.0808843117435
0.985156261581
0.151527263433
-0.657817859552
0.484531465554
-0.767431722549
-0.483587214466
-0.584504111928
-0.36849365543
0.0788778076196
-0.211789212977
0.741038964509
0.159651135522
1.39736554627
0.103719447415
1.69445237248
-0.604135679346
-0.973883462789
-0.0910613820951
-0.855749218241
-0.512925503052
-0.291611324076
0.289340505043
1.22489408591
0.610386939145
-0.160436558204
0.0925802353138
-0.800580956001
-0.81102312253
-0.844100851865
0.826597719642
0.631293564167
0.0675337533951
-0.645884637879
0.444145703351
-0.623599878319
