4
0
3
2
1
136
-0.543982205463
0.531875198176
0.847236784049
0.627461455139
-0.668900041887
0.454791713727
0.0341012751656
0.455403074418
1.14616459707
0.816808975667
-0.440645668846
-0.495826742225
-0.136346676898
0.467277580505
0.569979314444
-0.0510839625747
0.937042025831
1.67373757106
-0.740387705656
0.212221312962
-0.216102813604
-0.460179939791
0.909867784597
-0.156550966869
0.0224905465288
-0.311953815636
0.795421722679
0.432174205316
0.14692733166
-0.45010550882
-0.566347073663
0.803193724862
0.769903040948
2.77796221516
0.687976356388
-0.0427949534082
-0.822547815143
-0.102343231514
-0.222119090501
0.912951587813
0.815395957562
0.603704028453
0.215283547495
0.962598037275
0.973388001307
-0.277446214214
0.155964379216
-0.156768248615
-0.901106588471
-0.339251124911
0.540292809676
-0.747293380949
0.915711302965
0.85905564699
0.68402816393
0.20375679342
0.878360579484
0.365635327823
0.00934772413381
-0.824041870556
-0.782807041318
-0.89900936269
-0.788586556821
0.0578504168152
-0.981171789622
-0.00306048527314
-0.766108714102
0.107554994178
0.507509613591
-0.45398576364
-0.949741345872
0.0973537935237
0.342420946329
0.287546648641
-0.154451126893
-0.460258115867
-0.850686224466
0.5014863871
0.734707963193
-0.125149629685
-0.0197527582138
0.834617671389
0.888692445914
0.0659939853681
0.381760931468
0.451448479971
-0.178582639216
-0.508173322142
0.150148054723
0.44388154581
-0.234173502741
-0.121843669779
0.117964643254
-0.983887148804
0.841287047882
-0.52980628501
-0.198774545637
0.737478568758
-0.880674466563
0.116190319509
0.0808843117435
0.985156261581
0.151527263433
-0.657817859552
0.484531465554
-0.767431722549
-0.483587214466
-0.592340953896
-0.408584190068
0.0769026612874
-0.263358772084
0.741038964509
0.151823836606
1.35731800398
0.101746660761
1.64293400975
-0.604135679346
-0.973883462789
-0.0910613820951
-0.855749218241
-0.512925503052
-0.338794863499
0.272384380892
1.2079419359
0.523854471261
-0.160436558204
0.0925802353138
-0.800580956001
-0.81102312253
-0.844100851865
0.826597719642
0.626129374929
0.0675337533951
-0.646969600759
0.444145703351
-0.623599878319
