4
0
3
2
1
136
-0.542938396161
0.576379764567
0.849353991387
0.669013106836
-0.668900041887
0.455835361663
0.0786010122289
0.45752017716
1.18771178888
0.816808975667
-0.440645668846
-0.495826742225
-0.136346676898
0.467277580505
0.74337945132
-0.0420158074555
0.94611002066
2.26248916657
-0.740387705656
0.212221312962
-0.216102813604
-0.460179939791
0.909867784597
-0.156550966869
0.0491251585497
-0.257143244512
0.795493609468
0.511613656077
0.226355991024
-0.370687637835
-0.566347073663
0.803193724862
0.769903040948
3.28663202165
0.687976356388
-0.00625137720779
-0.822547815143
-0.102343231514
-0.142712004879
0.992347891088
0.894781481504
0.603704028453
0.410139703058
1.02356275371
1.36402384323
-0.277446214214
0.155964379216
0.0379656239423
-0.840150435001
0.0511718108619
0.540292809676
-0.747293380949
0.915711302965
0.85905564699
0.68402816393
0.356999888513
0.878360579484
0.365635327823
0.978556492392
-0.824041870556
-0.782807041318
-0.89900936269
-0.788586556821
0.0578504168152
-0.981171789622
0.0487018921335
-0.686413414821
0.107554994178
0.507509613591
-0.45398576364
-0.949741345872
0.0973537935237
0.342420946329
0.287546648641
-0.154451126893
-0.217673686182
-0.782121715665
0.825066358084
0.734707963193
-0.125149629685
0.222678252003
0.90314796642
1.2120781725
0.0659939853681
0.381760931468
0.451448479971
-0.178582639216
-0.508173322142
0.402438863034
0.44388154581
-0.234173502741
0.554607354931
0.117964643254
-0.983887148804
0.841287047882
-0.52980628501
-0.198774545637
0.737478568758
-0.864396130997
0.12819776938
0.0808843117435
0.985156261581
0.151527263433
-0.657817859552
0.484531465554
-0.767431722549
-0.483587214466
-0.557605399505
-0.215231772615
0.0859520869158
-0.00951360344316
0.741038964509
0.186531074406
1.55053608135
0.110788725208
1.89661536161
-0.604135679346
-0.973883462789
-0.0910613820951
-0.855749218241
-0.512925503052
-0.104402631398
0.347498299165
1.28304485534
1.04490164192
-0.160436558204
0.0925802353138
-0.800580956001
-0.81102312253
-0.844100851865
0.826597719642
0.654252281972
0.0675337533951
-0.642372169092
0.444145703351
-0.623599878319
