4
0
3
2
1
136
-0.542994765456
0.573838143938
0.849227919964
0.666695966393
-0.668900041887
0.455778996587
0.0760595269668
0.457394108525
1.18539476821
0.816808975667
-0.440645668846
-0.495826742225
-0.136346676898
0.467277580505
0.733463119452
-0.0425270271807
0.945598805362
2.22626123739
-0.740387705656
0.212221312962
-0.216102813604
-0.460179939791
0.909867784597
-0.156550966869
0.0476179309681
-0.260440206926
0.795489863493
0.506436239209
0.221179011519
-0.375864180049
-0.566347073663
0.803193724862
0.769903040948
3.255603678
0.687976356388
-0.0082816040522
-0.822547815143
-0.102343231514
-0.147888109874
0.987172223239
0.889606250729
0.603704028453
0.400082503345
1.01890831779
1.34297012217
-0.277446214214
0.155964379216
0.0279123249375
-0.844804446655
0.0301254733218
0.540292809676
-0.747293380949
0.915711302965
0.85905564699
0.68402816393
0.349459611898
0.878360579484
0.365635327823
0.908299460477
-0.824041870556
-0.782807041318
-0.89900936269
-0.788586556821
0.0578504168152
-0.981171789622
0.0463149903733
-0.692979565699
0.107554994178
0.507509613591
-0.45398576364
-0.949741345872
0.0973537935237
0.342420946329
0.287546648641
-0.154451126893
-0.231246276115
-0.786480336203
0.807056949356
0.734707963193
-0.125149629685
0.209111015727
0.898790457992
1.19407563601
0.0659939853681
0.381760931468
0.451448479971
-0.178582639216
-0.508173322142
0.38758759637
0.44388154581
-0.234173502741
0.504816028484
0.117964643254
-0.983887148804
0.841287047882
-0.52980628501
-0.198774545637
0.737478568758
-0.865468195859
0.127520883922
0.0808843117435
0.985156261581
0.151527263433
-0.657817859552
0.484531465554
-0.767431722549
-0.483587214466
-0.55931293902
-0.225843449419
0.085494251751
-0.0237616059976
0.741038964509
0.184824208594
1.53992795926
0.110331078934
1.88237190925
-0.604135679346
-0.973883462789
-0.0910613820951
-0.855749218241
-0.512925503052
-0.117712554011
0.343785362934
1.27933214738
1.00726115158
-0.160436558204
0.0925802353138
-0.800580956001
-0.81102312253
-0.844100851865
0.826597719642
0.652493838493
0.0675337533951
-0.642584529129
0.444145703351
-0.623599878319
