4
0
3
2
1
136
-0.54454247755
0.510024453145
0.846258093106
0.606237543356
-0.668900041887
0.45423165207
0.0122563346943
0.454424517506
1.12494632802
0.816808975667
-0.440645668846
-0.495826742225
-0.136346676898
0.467277580505
0.485544454839
-0.0556356359494
0.932490548833
1.41979898535
-0.740387705656
0.212221312962
-0.216102813604
-0.460179939791
0.909867784597
-0.156550966869
0.00933463748543
-0.336423157059
0.79538109406
0.402245243382
0.117005741977
-0.480019729658
-0.566347073663
0.803193724862
0.769903040948
2.55454061697
0.687976356388
-0.0615440771747
-0.822547815143
-0.102343231514
-0.252025945901
0.88305209445
0.785503822835
0.603704028453
0.137624273507
0.946806359564
0.825323752805
-0.277446214214
0.155964379216
-0.234377759885
-0.916895479473
-0.48723125169
0.540292809676
-0.747293380949
0.915711302965
0.85905564699
0.68402816393
0.139445046274
0.878360579484
0.365635327823
-0.267937219886
-0.824041870556
-0.782807041318
-0.89900936269
-0.788586556821
0.0578504168152
-0.981171789622
-0.0260995547538
-0.784673373509
0.107554994178
0.507509613591
-0.45398576364
-0.949741345872
0.0973537935237
0.342420946329
0.287546648641
-0.154451126893
-0.552770285468
-0.874620962245
0.377857656777
0.734707963193
-0.125149629685
-0.112199893911
0.810697837472
0.765148209964
0.0659939853681
0.381760931468
0.451448479971
-0.178582639216
-0.508173322142
0.0570740922085
0.44388154581
-0.234173502741
-0.319445816992
0.117964643254
-0.983887148804
0.841287047882
-0.52980628501
-0.198774545637
0.737478568758
-0.885664165787
0.111722567006
0.0808843117435
0.985156261581
0.151527263433
-0.657817859552
0.484531465554
-0.767431722549
-0.483587214466
-0.612675094717
-0.505642423347
0.0720490110432
-0.385858357398
0.741038964509
0.13152506985
1.26040933038
0.0969009011184
1.52060832899
-0.604135679346
-0.973883462789
-0.0910613820951
-0.855749218241
-0.512925503052
-0.45025639421
0.227887954036
1.16346205116
0.340736862212
-0.160436558204
0.0925802353138
-0.800580956001
-0.81102312253
-0.844100851865
0.826597719642
0.614914679219
0.0675337533951
-0.649891226713
0.444145703351
-0.623599878319
