4
0
3
2
1
136
-0.544594512266
0.508061063835
0.846171770842
0.604301298793
-0.668900041887
0.454179643818
0.0102936529568
0.454338212012
1.12301078514
0.816808975667
-0.440645668846
-0.495826742225
-0.136346676898
0.467277580505
0.478000945893
-0.0560482227835
0.93207798613
1.39809210842
-0.740387705656
0.212221312962
-0.216102813604
-0.460179939791
0.909867784597
-0.156550966869
0.00815464473449
-0.338536571345
0.795377254082
0.399846763518
0.114607963159
-0.482416807806
-0.566347073663
0.803193724862
0.769903040948
2.53529653276
0.687976356388
-0.0632561126629
-0.822547815143
-0.102343231514
-0.254422323751
0.880656416522
0.783108844456
0.603704028453
0.131955943711
0.945722348335
0.814580133651
-0.277446214214
0.155964379216
-0.240043020888
-0.917979313722
-0.497969592843
0.540292809676
-0.747293380949
0.915711302965
0.85905564699
0.68402816393
0.134697135765
0.878360579484
0.365635327823
-0.287334560784
-0.824041870556
-0.782807041318
-0.89900936269
-0.788586556821
0.0578504168152
-0.981171789622
-0.0278124500191
-0.785917512772
0.107554994178
0.507509613591
-0.45398576364
-0.949741345872
0.0973537935237
0.342420946329
0.287546648641
-0.154451126893
-0.559550713897
-0.876357960756
0.368761276722
0.734707963193
-0.125149629685
-0.118976115775
0.808961789012
0.75605744463
0.0659939853681
0.381760931468
0.451448479971
-0.178582639216
-0.508173322142
0.050254460881
0.44388154581
-0.234173502741
-0.333457086973
0.117964643254
-0.983887148804
0.841287047882
-0.52980628501
-0.198774545637
0.737478568758
-0.886015981303
0.111395906611
0.0808843117435
0.985156261581
0.151527263433
-0.657817859552
0.484531465554
-0.767431722549
-0.483587214466
-0.614568410839
-0.51424732896
0.071619539834
-0.396565774572
0.741038964509
0.129635847263
1.25182105106
0.0964722682973
1.50991997519
-0.604135679346
-0.973883462789
-0.0910613820951
-0.855749218241
-0.512925503052
-0.459968767603
0.223691088026
1.15926726628
0.325879022657
-0.160436558204
0.0925802353138
-0.800580956001
-0.81102312253
-0.844100851865
0.826597719642
0.614000415953
0.0675337533951
-0.650169898484
0.444145703351
-0.623599878319
