4
0
3
2
1
136
-0.543713034084
0.54285669501
0.847742511913
0.637914228834
-0.668900041887
0.455060821963
0.0450809433477
0.455908761683
1.15661564692
0.816808975667
-0.440645668846
-0.495826742225
-0.136346676898
0.467277580505
0.612660311198
-0.0488224582263
0.939303469036
1.81003824551
-0.740387705656
0.212221312962
-0.216102813604
-0.460179939791
0.909867784597
-0.156550966869
0.0290984639504
-0.299025303212
0.795440753595
0.449496581133
0.164246440898
-0.432789664985
-0.566347073663
0.803193724862
0.769903040948
2.89672294357
0.687976356388
-0.0335777067615
-0.822547815143
-0.102343231514
-0.204806510895
0.930260904365
0.832702012233
0.603704028453
0.263015025998
0.973676133262
1.06587644677
-0.277446214214
0.155964379216
-0.109071751573
-0.890030495835
-0.246821486562
0.540292809676
-0.747293380949
0.915711302965
0.85905564699
0.68402816393
0.242498146202
0.878360579484
0.365635327823
0.196790522198
-0.824041870556
-0.782807041318
-0.89900936269
-0.788586556821
0.0578504168152
-0.981171789622
0.0105665541879
-0.752578692308
0.107554994178
0.507509613591
-0.45398576364
-0.949741345872
0.0973537935237
0.342420946329
0.287546648641
-0.154451126893
-0.403236628302
-0.835630876189
0.577502257822
0.734707963193
-0.125149629685
0.0372253135393
0.849663028412
0.96465329612
0.0659939853681
0.381760931468
0.451448479971
-0.178582639216
-0.508173322142
0.207826648388
0.44388154581
-0.234173502741
0.00938647351322
0.117964643254
-0.983887148804
0.841287047882
-0.52980628501
-0.198774545637
0.737478568758
-0.877348654144
0.118969674997
0.0808843117435
0.985156261581
0.151527263433
-0.657817859552
0.484531465554
-0.767431722549
-0.483587214466
-0.582846294524
-0.35978792709
0.0793018776746
-0.200514490806
0.741038964509
0.161307202581
1.40606320535
0.104143072266
1.70571739304
-0.604135679346
-0.973883462789
-0.0910613820951
-0.855749218241
-0.512925503052
-0.281269708489
0.292920446482
1.22847332448
0.630268277586
-0.160436558204
0.0925802353138
-0.800580956001
-0.81102312253
-0.844100851865
0.826597719642
0.632459299722
0.0675337533951
-0.645658431245
0.444145703351
-0.623599878319
