4
0
3
2
1
136
-0.543404811599
0.555841880054
0.848353992449
0.650101019356
-0.668900041887
0.45536899333
0.0580645990797
0.456520209099
1.16880102477
0.816808975667
-0.440645668846
-0.495826742225
-0.136346676898
0.467277580505
0.663252322391
-0.0461691330251
0.941956743476
1.97878119134
-0.740387705656
0.212221312962
-0.216102813604
-0.460179939791
0.909867784597
-0.156550966869
0.0368889117531
-0.283222214544
0.795462133899
0.471938943559
0.186685434244
-0.410354039741
-0.566347073663
0.803193724862
0.769903040948
3.04282137915
0.687976356388
-0.0228502733203
-0.822547815143
-0.102343231514
-0.182374252775
0.952689796339
0.855127539039
0.603704028453
0.322359099138
0.990024142598
1.18350166827
-0.277446214214
0.155964379216
-0.049769494841
-0.873685155567
-0.129267935044
0.540292809676
-0.747293380949
0.915711302965
0.85905564699
0.68402816393
0.289671182578
0.878360579484
0.365635327823
0.462385514981
-0.824041870556
-0.782807041318
-0.89900936269
-0.788586556821
0.0578504168152
-0.981171789622
0.02673345892
-0.731856659998
0.107554994178
0.507509613591
-0.45398576364
-0.949741345872
0.0973537935237
0.342420946329
0.287546648641
-0.154451126893
-0.330994423915
-0.815953706473
0.673929105654
0.734707963193
-0.125149629685
0.109416193331
0.869328598855
1.06101549287
0.0659939853681
0.381760931468
0.451448479971
-0.178582639216
-0.508173322142
0.281865414213
0.44388154581
-0.234173502741
0.193689296826
0.117964643254
-0.983887148804
0.841287047882
-0.52980628501
-0.198774545637
0.737478568758
-0.872737195287
0.122536313142
0.0808843117435
0.985156261581
0.151527263433
-0.657817859552
0.484531465554
-0.767431722549
-0.483587214466
-0.572378785631
-0.302781916124
0.082021983994
-0.126024095822
0.741038964509
0.171765626275
1.46302611642
0.106860800741
1.78015530322
-0.604135679346
-0.973883462789
-0.0910613820951
-0.855749218241
-0.512925503052
-0.212682923818
0.315507426282
1.25105680192
0.772238728087
-0.160436558204
0.0925802353138
-0.800580956001
-0.81102312253
-0.844100851865
0.826597719642
0.640498297262
0.0675337533951
-0.644258519735
0.444145703351
-0.623599878319
