4
0
3
2
1
136
-0.543173064054
0.56590821031
0.848838861717
0.65942461173
-0.668900041887
0.455600713762
0.0681300922293
0.457005060655
1.17812385883
0.816808975667
-0.440645668846
-0.495826742225
-0.136346676898
0.467277580505
0.702520728082
-0.0441270106709
0.943998838236
2.11525939555
-0.740387705656
0.212221312962
-0.216102813604
-0.460179939791
0.909867784597
-0.156550966869
0.0429018086138
-0.270601795055
0.795477908626
0.490761641527
0.20550591609
-0.391535773508
-0.566347073663
0.803193724862
0.769903040948
3.16035476986
0.687976356388
-0.0146591226704
-0.822547815143
-0.102343231514
-0.163558201645
0.971503632873
0.873939161487
0.603704028453
0.36708536702
1.00528547788
1.27451995663
-0.277446214214
0.155964379216
-0.0050695464142
-0.858425845849
-0.0382964772682
0.540292809676
-0.747293380949
0.915711302965
0.85905564699
0.68402816393
0.324385908177
0.878360579484
0.365635327823
0.700698611044
-0.824041870556
-0.782807041318
-0.89900936269
-0.788586556821
0.0578504168152
-0.981171789622
0.0382410313101
-0.711695906011
0.107554994178
0.507509613591
-0.45398576364
-0.949741345872
0.0973537935237
0.342420946329
0.287546648641
-0.154451126893
-0.274572612912
-0.799750484548
0.749320174404
0.734707963193
-0.125149629685
0.165804849577
0.885524576798
1.13636460676
0.0659939853681
0.381760931468
0.451448479971
-0.178582639216
-0.508173322142
0.341006163184
0.44388154581
-0.234173502741
0.359185087709
0.117964643254
-0.983887148804
0.841287047882
-0.52980628501
-0.198774545637
0.737478568758
-0.868760141257
0.125353192511
0.0808843117435
0.985156261581
0.151527263433
-0.657817859552
0.484531465554
-0.767431722549
-0.483587214466
-0.564860568363
-0.259387657408
0.0840121479446
-0.0685782242671
0.741038964509
0.179279179743
1.50639717458
0.108849697077
1.83757229553
-0.604135679346
-0.973883462789
-0.0910613820951
-0.855749218241
-0.512925503052
-0.159453849275
0.331755119407
1.26730280601
0.897349598372
-0.160436558204
0.0925802353138
-0.800580956001
-0.81102312253
-0.844100851865
0.826597719642
0.647100732229
0.0675337533951
-0.643284880894
0.444145703351
-0.623599878319
