4
0
3
2
1
136
-0.543045525679
0.571563760068
0.849115675678
0.664616978437
-0.668900041887
0.455728240463
0.0737852737739
0.457281866942
1.18331589636
0.816808975667
-0.440645668846
-0.495826742225
-0.136346676898
0.467277580505
0.724588747094
-0.0429851455521
0.945140691269
2.19411029775
-0.740387705656
0.212221312962
-0.216102813604
-0.460179939791
0.909867784597
-0.156550966869
0.0462673434753
-0.263374116406
0.795486476386
0.501865876432
0.216609058071
-0.38043372424
-0.566347073663
0.803193724862
0.769903040948
3.22804410558
0.687976356388
-0.0101040338999
-0.822547815143
-0.102343231514
-0.15245724488
0.982603497346
0.885037933878
0.603704028453
0.390861820533
1.01485995664
1.32374094587
-0.277446214214
0.155964379216
0.0186955278323
-0.848852412164
0.0109035750329
0.540292809676
-0.747293380949
0.915711302965
0.85905564699
0.68402816393
0.342503212175
0.878360579484
0.365635327823
0.846961248393
-0.824041870556
-0.782807041318
-0.89900936269
-0.788586556821
0.0578504168152
-0.981171789622
0.0440958779827
-0.698617536731
0.107554994178
0.507509613591
-0.45398576364
-0.949741345872
0.0973537935237
0.342420946329
0.287546648641
-0.154451126893
-0.243529442213
-0.790335109023
0.790719508199
0.734707963193
-0.125149629685
0.196833088149
0.894936781827
1.17774490261
0.0659939853681
0.381760931468
0.451448479971
-0.178582639216
-0.508173322142
0.374259574626
0.44388154581
-0.234173502741
0.461577322655
0.117964643254
-0.983887148804
0.841287047882
-0.52980628501
-0.198774545637
0.737478568758
-0.866422042417
0.126906998667
0.0808843117435
0.985156261581
0.151527263433
-0.657817859552
0.484531465554
-0.767431722549
-0.483587214466
-0.560870022206
-0.2353992381
0.0850773584028
-0.0365634744157
0.741038964509
0.183267789874
1.53037564255
0.10991437113
1.86957446461
-0.604135679346
-0.973883462789
-0.0910613820951
-0.855749218241
-0.512925503052
-0.129655287011
0.340404054121
1.27595106602
0.974606482159
-0.160436558204
0.0925802353138
-0.800580956001
-0.81102312253
-0.844100851865
0.826597719642
0.650931839882
0.0675337533951
-0.642779505979
0.444145703351
-0.623599878319
