4
0
3
2
1
136
-0.544625600444
0.506893221467
0.846120541472
0.603147229492
-0.668900041887
0.454148572113
0.00912624900455
0.454286993073
1.12185715189
0.816808975667
-0.440645668846
-0.495826742225
-0.136346676898
0.467277580505
0.473518072592
-0.0562939289233
0.93183229496
1.38526642686
-0.740387705656
0.212221312962
-0.216102813604
-0.460179939791
0.909867784597
-0.156550966869
0.00745310319987
-0.339786786837
0.795374954657
0.398442319852
0.113203938337
-0.483820414011
-0.566347073663
0.803193724862
0.769903040948
2.52391451965
0.687976356388
-0.0642766265198
-0.822547815143
-0.102343231514
-0.255825511568
0.879253646868
0.781706492736
0.603704028453
0.128684154082
0.945099688817
0.808380919799
-0.277446214214
0.155964379216
-0.243313078377
-0.918601872774
-0.50416581981
0.540292809676
-0.747293380949
0.915711302965
0.85905564699
0.68402816393
0.131953620912
0.878360579484
0.365635327823
-0.29849381065
-0.824041870556
-0.782807041318
-0.89900936269
-0.788586556821
0.0578504168152
-0.981171789622
-0.0288026770679
-0.78663047057
0.107554994178
0.507509613591
-0.45398576364
-0.949741345872
0.0973537935237
0.342420946329
0.287546648641
-0.154451126893
-0.563467193958
-0.877360369632
0.363504058822
0.734707963193
-0.125149629685
-0.122890208861
0.807959918035
0.750803424029
0.0659939853681
0.381760931468
0.451448479971
-0.178582639216
-0.508173322142
0.0463147581853
0.44388154581
-0.234173502741
-0.341529479721
0.117964643254
-0.983887148804
0.841287047882
-0.52980628501
-0.198774545637
0.737478568758
-0.886218542277
0.111207223487
0.0808843117435
0.985156261581
0.151527263433
-0.657817859552
0.484531465554
-0.767431722549
-0.483587214466
-0.615697510441
-0.519348481046
0.0713653444173
-0.40290223135
0.741038964509
0.128509251717
1.24673001825
0.0962185790123
1.50359510139
-0.604135679346
-0.973883462789
-0.0910613820951
-0.855749218241
-0.512925503052
-0.465714732788
0.221182876593
1.1567603441
0.317156982009
-0.160436558204
0.0925802353138
-0.800580956001
-0.81102312253
-0.844100851865
0.826597719642
0.613464069508
0.0675337533951
-0.650336543332
0.444145703351
-0.623599878319
