4
0
3
2
1
136
-0.542895007608
0.578347624329
0.84945207122
0.670802752364
-0.668900041887
0.455878747193
0.0805687744349
0.457618254992
1.18950134842
0.816808975667
-0.440645668846
-0.495826742225
-0.136346676898
0.467277580505
0.751056398257
-0.0416205167081
0.946505308227
2.29075577452
-0.740387705656
0.212221312962
-0.216102813604
-0.460179939791
0.909867784597
-0.156550966869
0.0502905995146
-0.254577366053
0.795496481698
0.515672553058
0.230414563676
-0.366629389461
-0.566347073663
0.803193724862
0.769903040948
3.31082347387
0.687976356388
-0.00468403812449
-0.822547815143
-0.102343231514
-0.138654080733
0.996405491057
0.898838757348
0.603704028453
0.417742914105
1.02725847398
1.37999045592
-0.277446214214
0.155964379216
0.0455661175684
-0.836455029976
0.0671332292573
0.540292809676
-0.747293380949
0.915711302965
0.85905564699
0.68402816393
0.362666248236
0.878360579484
0.365635327823
1.03419305779
-0.824041870556
-0.782807041318
-0.89900936269
-0.788586556821
0.0578504168152
-0.981171789622
0.050482852908
-0.681133030455
0.107554994178
0.507509613591
-0.45398576364
-0.949741345872
0.0973537935237
0.342420946329
0.287546648641
-0.154451126893
-0.207282576133
-0.778707507918
0.838816123674
0.734707963193
-0.125149629685
0.233065565363
0.906561390722
1.22582305382
0.0659939853681
0.381760931468
0.451448479971
-0.178582639216
-0.508173322142
0.413902380205
0.44388154581
-0.234173502741
0.594262499881
0.117964643254
-0.983887148804
0.841287047882
-0.52980628501
-0.198774545637
0.737478568758
-0.86356308197
0.128714541793
0.0808843117435
0.985156261581
0.151527263433
-0.657817859552
0.484531465554
-0.767431722549
-0.483587214466
-0.556306937325
-0.207066639469
0.0863006311693
0.0014716332701
0.741038964509
0.187829061145
1.5586986828
0.111137135687
1.90759734355
-0.604135679346
-0.973883462789
-0.0910613820951
-0.855749218241
-0.512925503052
-0.0941277156878
0.350325450948
1.28587184753
1.07491306436
-0.160436558204
0.0925802353138
-0.800580956001
-0.81102312253
-0.844100851865
0.826597719642
0.655622329245
0.0675337533951
-0.642211716453
0.444145703351
-0.623599878319
