4
0
3
2
1
136
-0.542831432415
0.581249347672
0.849597451308
0.673434720345
-0.668900041887
0.455942318289
0.0834703646504
0.457763632361
1.19213319949
0.816808975667
-0.440645668846
-0.495826742225
-0.136346676898
0.467277580505
0.762374772494
-0.0410384641162
0.947087356474
2.33278205675
-0.740387705656
0.212221312962
-0.216102813604
-0.460179939791
0.909867784597
-0.156550966869
0.0520065829111
-0.250772978509
0.795500672641
0.521736748758
0.236478303437
-0.360566105573
-0.566347073663
0.803193724862
0.769903040948
3.34676295956
0.687976356388
-0.00238014911199
-0.822547815143
-0.102343231514
-0.132591252649
1.0024678634
0.904900674023
0.603704028453
0.428656915608
1.03284915381
1.40297509973
-0.277446214214
0.155964379216
0.0564765599853
-0.830864793708
0.0901110002772
0.540292809676
-0.747293380949
0.915711302965
0.85905564699
0.68402816393
0.370746412837
0.878360579484
0.365635327823
1.11819951594
-0.824041870556
-0.782807041318
-0.89900936269
-0.788586556821
0.0578504168152
-0.981171789622
0.0530034483562
-0.673027805927
0.107554994178
0.507509613591
-0.45398576364
-0.949741345872
0.0973537935237
0.342420946329
0.287546648641
-0.154451126893
-0.192155324957
-0.773605137491
0.858759673132
0.734707963193
-0.125149629685
0.248187743226
0.911662720708
1.24576006323
0.0659939853681
0.381760931468
0.451448479971
-0.178582639216
-0.508173322142
0.430744627532
0.44388154581
-0.234173502741
0.654560100729
0.117964643254
-0.983887148804
0.841287047882
-0.52980628501
-0.198774545637
0.737478568758
-0.862332452892
0.129463843514
0.0808843117435
0.985156261581
0.151527263433
-0.657817859552
0.484531465554
-0.767431722549
-0.483587214466
-0.554429941406
-0.19511242151
0.0868049582621
0.0175885731282
0.741038964509
0.189705423449
1.57064949362
0.11164128389
1.92370988292
-0.604135679346
-0.973883462789
-0.0910613820951
-0.855749218241
-0.512925503052
-0.0790327330016
0.354418426634
1.28996461259
1.12061116375
-0.160436558204
0.0925802353138
-0.800580956001
-0.81102312253
-0.844100851865
0.826597719642
0.65765470971
0.0675337533951
-0.641981369831
0.444145703351
-0.623599878319
