4
0
3
2
1
136
-0.544887448562
0.497208294429
0.845698864966
0.593506850493
-0.668900041887
0.453886884182
-0.000554485917607
0.453865417774
1.1122209876
0.816808975667
-0.440645668846
-0.495826742225
-0.136346676898
0.467277580505
0.436469517793
-0.0583403048602
0.929786062817
1.28134853001
-0.740387705656
0.212221312962
-0.216102813604
-0.460179939791
0.909867784597
-0.156550966869
0.00164730179876
-0.349954752549
0.795355434739
0.387421619353
0.102186746777
-0.49483409865
-0.566347073663
0.803193724862
0.769903040948
2.43137151643
0.687976356388
-0.0728030196844
-0.822547815143
-0.102343231514
-0.266835691301
0.868246970025
0.770703316771
0.603704028453
0.104276688421
0.940516407944
0.762168850333
-0.277446214214
0.155964379216
-0.267708534222
-0.923184443102
-0.550356997917
0.540292809676
-0.747293380949
0.915711302965
0.85905564699
0.68402816393
0.111420823404
0.878360579484
0.365635327823
-0.380991060407
-0.824041870556
-0.782807041318
-0.89900936269
-0.788586556821
0.0578504168152
-0.981171789622
-0.0362220547851
-0.791841580358
0.107554994178
0.507509613591
-0.45398576364
-0.949741345872
0.0973537935237
0.342420946329
0.287546648641
-0.154451126893
-0.592753472577
-0.884836063764
0.324116033681
0.734707963193
-0.125149629685
-0.15215966816
0.800487986055
0.711438190959
0.0659939853681
0.381760931468
0.451448479971
-0.178582639216
-0.508173322142
0.0168365617267
0.44388154581
-0.234173502741
-0.401472699351
0.117964643254
-0.983887148804
0.841287047882
-0.52980628501
-0.198774545637
0.737478568758
-0.887719702811
0.109795958619
0.0808843117435
0.985156261581
0.151527263433
-0.657817859552
0.484531465554
-0.767431722549
-0.483587214466
-0.62510217924
-0.56102058749
0.0693044664243
-0.454368137161
0.741038964509
0.119127167766
1.20514774106
0.0941620542847
1.45223146283
-0.604135679346
-0.973883462789
-0.0910613820951
-0.855749218241
-0.512925503052
-0.512347608024
0.200120649992
1.13571029333
0.248077413555
-0.160436558204
0.0925802353138
-0.800580956001
-0.81102312253
-0.844100851865
0.826597719642
0.609232631172
0.0675337533951
-0.65173650092
0.444145703351
-0.623599878319
