4
0
3
2
1
136
-0.544521039969
0.510836518726
0.846293868841
0.607036928584
-0.668900041887
0.454253079141
0.0130681181141
0.454460286577
1.12574543417
0.816808975667
-0.440645668846
-0.495826742225
-0.136346676898
0.467277580505
0.488666923065
-0.0554651691269
0.932661006045
1.42883002219
-0.740387705656
0.212221312962
-0.216102813604
-0.460179939791
0.909867784597
-0.156550966869
0.00982287331043
-0.335544829267
0.795382672874
0.403251011505
0.118011221406
-0.479014538771
-0.566347073663
0.803193724862
0.769903040948
2.56253987722
0.687976356388
-0.0608373115361
-0.822547815143
-0.102343231514
-0.251021043404
0.884056708708
0.786508149006
0.603704028453
0.1400309872
0.947268726516
0.829886893392
-0.277446214214
0.155964379216
-0.231972375046
-0.916433188788
-0.482670391435
0.540292809676
-0.747293380949
0.915711302965
0.85905564699
0.68402816393
0.141458939829
0.878360579484
0.365635327823
-0.25967562694
-0.824041870556
-0.782807041318
-0.89900936269
-0.788586556821
0.0578504168152
-0.981171789622
-0.0253733293863
-0.784141568126
0.107554994178
0.507509613591
-0.45398576364
-0.949741345872
0.0973537935237
0.342420946329
0.287546648641
-0.154451126893
-0.549893171344
-0.873883294562
0.381715559509
0.734707963193
-0.125149629685
-0.10932459267
0.811435094927
0.769003700433
0.0659939853681
0.381760931468
0.451448479971
-0.178582639216
-0.508173322142
0.0599675087556
0.44388154581
-0.234173502741
-0.313486074294
0.117964643254
-0.983887148804
0.841287047882
-0.52980628501
-0.198774545637
0.737478568758
-0.885514431373
0.111861182082
0.0808843117435
0.985156261581
0.151527263433
-0.657817859552
0.484531465554
-0.767431722549
-0.483587214466
-0.611894082309
-0.502073717985
0.0722273437825
-0.381410702648
0.741038964509
0.13230443253
1.26397130416
0.0970788920323
1.52504825351
-0.604135679346
-0.973883462789
-0.0910613820951
-0.855749218241
-0.512925503052
-0.446220975401
0.229616017324
1.16518928509
0.346953946178
-0.160436558204
0.0925802353138
-0.800580956001
-0.81102312253
-0.844100851865
0.826597719642
0.615297409827
0.0675337533951
-0.649776559303
0.444145703351
-0.623599878319
