4
0
3
2
1
136
-0.54280632498
0.582401361948
0.849655421035
0.674477350032
-0.668900041887
0.455967424207
0.0846223294282
0.457821601081
1.19317578586
0.816808975667
-0.440645668846
-0.495826742225
-0.136346676898
0.467277580505
0.76686759825
-0.0408076546884
0.947318164287
2.34958112793
-0.740387705656
0.212221312962
-0.216102813604
-0.460179939791
0.909867784597
-0.156550966869
0.0526869898374
-0.2492557469
0.795502321954
0.524170196802
0.238911577703
-0.358133005061
-0.566347073663
0.803193724862
0.769903040948
3.3611200462
0.687976356388
-0.00146786528994
-0.822547815143
-0.102343231514
-0.130158325866
1.00490061648
0.907333253421
0.603704028453
0.432890894624
1.03511367237
1.41190973935
-0.277446214214
0.155964379216
0.0607092643335
-0.828600444218
0.0990431575845
0.540292809676
-0.747293380949
0.915711302965
0.85905564699
0.68402816393
0.373863413012
0.878360579484
0.365635327823
1.15219767932
-0.824041870556
-0.782807041318
-0.89900936269
-0.788586556821
0.0578504168152
-0.981171789622
0.0539697911886
-0.669703099594
0.107554994178
0.507509613591
-0.45398576364
-0.949741345872
0.0973537935237
0.342420946329
0.287546648641
-0.154451126893
-0.186215721812
-0.771555595976
0.86656268426
0.734707963193
-0.125149629685
0.254125497031
0.913711884631
1.2535606868
0.0659939853681
0.381760931468
0.451448479971
-0.178582639216
-0.508173322142
0.437409757864
0.44388154581
-0.234173502741
0.679119501021
0.117964643254
-0.983887148804
0.841287047882
-0.52980628501
-0.198774545637
0.737478568758
-0.861843809791
0.129756865172
0.0808843117435
0.985156261581
0.151527263433
-0.657817859552
0.484531465554
-0.767431722549
-0.483587214466
-0.553697219057
-0.190396076288
0.0870019595493
0.0239581353707
0.741038964509
0.190437915
1.57536458746
0.11183821984
1.93007782266
-0.604135679346
-0.973883462789
-0.0910613820951
-0.855749218241
-0.512925503052
-0.0730605076876
0.356018307
1.29156441685
1.13924806167
-0.160436558204
0.0925802353138
-0.800580956001
-0.81102312253
-0.844100851865
0.826597719642
0.658465190646
0.0675337533951
-0.641891966915
0.444145703351
-0.623599878319
