4
0
3
2
1
136
-0.544104976651
0.526973117878
0.847014168538
0.622750372258
-0.668900041887
0.454668978469
0.0292002133253
0.455180481907
1.14145448732
0.816808975667
-0.440645668846
-0.495826742225
-0.136346676898
0.467277580505
0.550971184086
-0.0520989366364
0.936027085996
1.61477814427
-0.740387705656
0.212221312962
-0.216102813604
-0.460179939791
0.909867784597
-0.156550966869
0.0195379727127
-0.31759153188
0.795412934986
0.424936251618
0.139690944298
-0.457340330484
-0.566347073663
0.803193724862
0.769903040948
2.72635357206
0.687976356388
-0.0469533045342
-0.822547815143
-0.102343231514
-0.229352347107
0.905719895628
0.808165829159
0.603704028453
0.19559516696
0.958388655165
0.935637650034
-0.277446214214
0.155964379216
-0.176442841171
-0.905315202971
-0.376978332404
0.540292809676
-0.747293380949
0.915711302965
0.85905564699
0.68402816393
0.18759202962
0.878360579484
0.365635327823
-0.0634859650326
-0.824041870556
-0.782807041318
-0.89900936269
-0.788586556821
0.0578504168152
-0.981171789622
-0.00881357173256
-0.771139623453
0.107554994178
0.507509613591
-0.45398576364
-0.949741345872
0.0973537935237
0.342420946329
0.287546648641
-0.154451126893
-0.48368309251
-0.856793986517
0.470243121161
0.734707963193
-0.125149629685
-0.043160213913
0.828513948868
0.857471615726
0.0659939853681
0.381760931468
0.451448479971
-0.178582639216
-0.508173322142
0.126553158541
0.44388154581
-0.234173502741
-0.173289981945
0.117964643254
-0.983887148804
0.841287047882
-0.52980628501
-0.198774545637
0.737478568758
-0.881977780208
0.115055689083
0.0808843117435
0.985156261581
0.151527263433
-0.657817859552
0.484531465554
-0.767431722549
-0.483587214466
-0.596753561638
-0.430442899497
0.0758141043017
-0.291233394028
0.741038964509
0.147417571879
1.33548709435
0.100659612793
1.61509213167
-0.604135679346
-0.973883462789
-0.0910613820951
-0.855749218241
-0.512925503052
-0.364225689416
0.26280187977
1.19836219996
0.479723938188
-0.160436558204
0.0925802353138
-0.800580956001
-0.81102312253
-0.844100851865
0.826597719642
0.623450416771
0.0675337533951
-0.64759129607
0.444145703351
-0.623599878319
