4
0
3
2
1
136
-0.543021217536
0.572651235899
0.849169277364
0.665611675956
-0.668900041887
0.455752546606
0.0748726859501
0.457335467309
1.18431053726
0.816808975667
-0.440645668846
-0.495826742225
-0.136346676898
0.467277580505
0.72883200699
-0.0427660234856
0.945359811251
2.20945141487
-0.740387705656
0.212221312962
-0.216102813604
-0.460179939791
0.909867784597
-0.156550966869
0.0469133269557
-0.261973233957
0.795488100045
0.504043726678
0.218786710467
-0.378256269659
-0.566347073663
0.803193724862
0.769903040948
3.24119718858
0.687976356388
-0.00923198593776
-0.822547815143
-0.102343231514
-0.150279988078
0.984780556403
0.887214795225
0.603704028453
0.395296181266
1.0167817163
1.33297935101
-0.277446214214
0.155964379216
0.0231279828378
-0.846930843532
0.0201384198128
0.540292809676
-0.747293380949
0.915711302965
0.85905564699
0.68402816393
0.345853701333
0.878360579484
0.365635327823
0.876109075279
-0.824041870556
-0.782807041318
-0.89900936269
-0.788586556821
0.0578504168152
-0.981171789622
0.0451667248193
-0.695949490079
0.107554994178
0.507509613591
-0.45398576364
-0.949741345872
0.0973537935237
0.342420946329
0.287546648641
-0.154451126893
-0.237640692959
-0.788497160197
0.79855596982
0.734707963193
-0.125149629685
0.202719278898
0.896774194001
1.18557809016
0.0659939853681
0.381760931468
0.451448479971
-0.178582639216
-0.508173322142
0.380636372516
0.44388154581
-0.234173502741
0.482099143105
0.117964643254
-0.983887148804
0.841287047882
-0.52980628501
-0.198774545637
0.737478568758
-0.865966733289
0.127201426376
0.0808843117435
0.985156261581
0.151527263433
-0.657817859552
0.484531465554
-0.767431722549
-0.483587214466
-0.560122094146
-0.230823364834
0.0852775313394
-0.0304365866145
0.741038964509
0.184015392657
1.53494982017
0.110114453331
1.87569919435
-0.604135679346
-0.973883462789
-0.0910613820951
-0.855749218241
-0.512925503052
-0.123941501721
0.342027722392
1.27757462267
0.990101637394
-0.160436558204
0.0925802353138
-0.800580956001
-0.81102312253
-0.844100851865
0.826597719642
0.651677272442
0.0675337533951
-0.642685693804
0.444145703351
-0.623599878319
