4
0
3
2
1
136
-0.543354369746
0.558010265992
0.84845761264
0.652118386788
-0.668900041887
0.455419428557
0.0602327824403
0.456623824973
1.1708182076
0.816808975667
-0.440645668846
-0.495826742225
-0.136346676898
0.467277580505
0.671708867473
-0.0457281711497
0.942397698661
2.00776141417
-0.740387705656
0.212221312962
-0.216102813604
-0.460179939791
0.909867784597
-0.156550966869
0.0381863696498
-0.280530465318
0.795465589756
0.475889932462
0.19063591624
-0.406404064526
-0.566347073663
0.803193724862
0.769903040948
3.06782196149
0.687976356388
-0.0210766954594
-0.822547815143
-0.102343231514
-0.178424784213
0.956638758372
0.859075994669
0.603704028453
0.332189782228
0.993117868052
1.20332578709
-0.277446214214
0.155964379216
-0.039945090352
-0.870591878553
-0.109454826274
0.540292809676
-0.747293380949
0.915711302965
0.85905564699
0.68402816393
0.297367515015
0.878360579484
0.365635327823
0.511339920328
-0.824041870556
-0.782807041318
-0.89900936269
-0.788586556821
0.0578504168152
-0.981171789622
0.029315854312
-0.727834586518
0.107554994178
0.507509613591
-0.45398576364
-0.949741345872
0.0973537935237
0.342420946329
0.287546648641
-0.154451126893
-0.318776570057
-0.812523974658
0.69025550097
0.734707963193
-0.125149629685
0.121626251303
0.872756605262
1.07733205113
0.0659939853681
0.381760931468
0.451448479971
-0.178582639216
-0.508173322142
0.294552127881
0.44388154581
-0.234173502741
0.227613929722
0.117964643254
-0.983887148804
0.841287047882
-0.52980628501
-0.198774545637
0.737478568758
-0.871905508792
0.123144507406
0.0808843117435
0.985156261581
0.151527263433
-0.657817859552
0.484531465554
-0.767431722549
-0.483587214466
-0.570714667888
-0.293366876577
0.0824602736681
-0.113613261216
0.741038964509
0.173428588348
1.47243549198
0.107298779436
1.79255913722
-0.604135679346
-0.973883462789
-0.0910613820951
-0.855749218241
-0.512925503052
-0.20120880291
0.319100060487
1.25464900992
0.797963574861
-0.160436558204
0.0925802353138
-0.800580956001
-0.81102312253
-0.844100851865
0.826597719642
0.641894987858
0.0675337533951
-0.644040645774
0.444145703351
-0.623599878319
