4
0
3
2
1
136
-0.542861621237
0.579868729345
0.849528167563
0.672183481554
-0.668900041887
0.455912131365
0.0820898081249
0.457694349877
1.19088201489
0.816808975667
-0.440645668846
-0.495826742225
-0.136346676898
0.467277580505
0.756989861559
-0.0413152779949
0.946810544611
2.31273491036
-0.740387705656
0.212221312962
-0.216102813604
-0.460179939791
0.909867784597
-0.156550966869
0.0511905119253
-0.25258616594
0.79549868518
0.518839755671
0.233581524002
-0.363462671386
-0.566347073663
0.803193724862
0.769903040948
3.32962336012
0.687976356388
-0.00347524837405
-0.822547815143
-0.102343231514
-0.135487604871
0.999571724741
0.90200474889
0.603704028453
0.423508542054
1.03016859499
1.39212386741
-0.277446214214
0.155964379216
0.0513298157503
-0.833545144654
0.0792629245635
0.540292809676
-0.747293380949
0.915711302965
0.85905564699
0.68402816393
0.366942858286
0.878360579484
0.365635327823
1.07793826619
-0.824041870556
-0.782807041318
-0.89900936269
-0.788586556821
0.0578504168152
-0.981171789622
0.051819728753
-0.67693200993
0.107554994178
0.507509613591
-0.45398576364
-0.949741345872
0.0973537935237
0.342420946329
0.287546648641
-0.154451126893
-0.199323314565
-0.776043263813
0.849321346128
0.734707963193
-0.125149629685
0.241022091646
0.909225072997
1.23632475204
0.0659939853681
0.381760931468
0.451448479971
-0.178582639216
-0.508173322142
0.422740649833
0.44388154581
-0.234173502741
0.625595240944
0.117964643254
-0.983887148804
0.841287047882
-0.52980628501
-0.198774545637
0.737478568758
-0.862918135537
0.12910928977
0.0808843117435
0.985156261581
0.151527263433
-0.657817859552
0.484531465554
-0.767431722549
-0.483587214466
-0.555317399963
-0.200787079631
0.0865664443665
0.0099329025478
0.741038964509
0.188818256745
1.56497640985
0.111402852481
1.9160562487
-0.604135679346
-0.973883462789
-0.0910613820951
-0.855749218241
-0.512925503052
-0.0862059426465
0.352482291541
1.28802857421
1.09864927474
-0.160436558204
0.0925802353138
-0.800580956001
-0.81102312253
-0.844100851865
0.826597719642
0.656686016901
0.0675337533951
-0.642090042943
0.444145703351
-0.623599878319
