4
0
3
2
1
136
-0.543315146747
0.559705004651
0.848538910367
0.653691639124
-0.668900041887
0.455458646696
0.0619273717697
0.45670511953
1.17239132429
0.816808975667
-0.440645668846
-0.495826742225
-0.136346676898
0.467277580505
0.678319285178
-0.0453839417493
0.942741923131
2.03057135789
-0.740387705656
0.212221312962
-0.216102813604
-0.460179939791
0.909867784597
-0.156550966869
0.0391996110203
-0.27841636267
0.795468268452
0.479017779362
0.193763378253
-0.403276987309
-0.566347073663
0.803193724862
0.769903040948
3.08748259361
0.687976356388
-0.0196940286226
-0.822547815143
-0.102343231514
-0.1752980917
0.959765066273
0.86220191805
0.603704028453
0.339811531221
0.99560977843
1.21876583189
-0.277446214214
0.155964379216
-0.0323280309659
-0.868100315249
-0.0940230643744
0.540292809676
-0.747293380949
0.915711302965
0.85905564699
0.68402816393
0.30330961614
0.878360579484
0.365635327823
0.550511696643
-0.824041870556
-0.782807041318
-0.89900936269
-0.788586556821
0.0578504168152
-0.981171789622
0.031297845477
-0.724571330002
0.107554994178
0.507509613591
-0.45398576364
-0.949741345872
0.0973537935237
0.342420946329
0.287546648641
-0.154451126893
-0.309239234878
-0.809819561624
0.703001614841
0.734707963193
-0.125149629685
0.131157726781
0.875459729709
1.09007076183
0.0659939853681
0.381760931468
0.451448479971
-0.178582639216
-0.508173322142
0.304497768369
0.44388154581
-0.234173502741
0.254775188071
0.117964643254
-0.983887148804
0.841287047882
-0.52980628501
-0.198774545637
0.737478568758
-0.871245096164
0.123620090835
0.0808843117435
0.985156261581
0.151527263433
-0.657817859552
0.484531465554
-0.767431722549
-0.483587214466
-0.569431036823
-0.286032844045
0.0827992760945
-0.103924991755
0.741038964509
0.174711377499
1.47976536565
0.107637554033
1.80224224736
-0.604135679346
-0.973883462789
-0.0910613820951
-0.855749218241
-0.512925503052
-0.192242019631
0.321872424584
1.25742106658
0.818518280525
-0.160436558204
0.0925802353138
-0.800580956001
-0.81102312253
-0.844100851865
0.826597719642
0.642996688042
0.0675337533951
-0.643873494886
0.444145703351
-0.623599878319
