4
0
3
2
1
136
-0.542867340533
0.579607727162
0.849515092758
0.671946727948
-0.668900041887
0.455906412438
0.081828817931
0.457681275317
1.19064527182
0.816808975667
-0.440645668846
-0.495826742225
-0.136346676898
0.467277580505
0.755971797823
-0.0413676338569
0.946758189141
2.30895552895
-0.740387705656
0.212221312962
-0.216102813604
-0.460179939791
0.909867784597
-0.156550966869
0.0510361577351
-0.252928314863
0.79549830812
0.51829446801
0.233036277398
-0.364007876939
-0.566347073663
0.803193724862
0.769903040948
3.32639130192
0.687976356388
-0.00368249285953
-0.822547815143
-0.102343231514
-0.136032769379
0.999026601272
0.901459666454
0.603704028453
0.422526179035
1.02966600365
1.3900550844
-0.277446214214
0.155964379216
0.0503477736333
-0.834047696045
0.0771947611739
0.540292809676
-0.747293380949
0.915711302965
0.85905564699
0.68402816393
0.366215458054
0.878360579484
0.365635327823
1.07038641231
-0.824041870556
-0.782807041318
-0.89900936269
-0.788586556821
0.0578504168152
-0.981171789622
0.0515927851705
-0.677660310028
0.107554994178
0.507509613591
-0.45398576364
-0.949741345872
0.0973537935237
0.342420946329
0.287546648641
-0.154451126893
-0.20068444106
-0.776502024645
0.847526618157
0.734707963193
-0.125149629685
0.239661422447
0.908766405947
1.23453061358
0.0659939853681
0.381760931468
0.451448479971
-0.178582639216
-0.508173322142
0.421225572606
0.44388154581
-0.234173502741
0.620176107781
0.117964643254
-0.983887148804
0.841287047882
-0.52980628501
-0.198774545637
0.737478568758
-0.863028837845
0.129041857851
0.0808843117435
0.985156261581
0.151527263433
-0.657817859552
0.484531465554
-0.767431722549
-0.483587214466
-0.555486314922
-0.201862549405
0.0865210591204
0.00848299705918
0.741038964509
0.188649398893
1.56390124711
0.111357483357
1.91460673974
-0.604135679346
-0.973883462789
-0.0910613820951
-0.855749218241
-0.512925503052
-0.0875638696845
0.352113970303
1.28766027196
1.09454245958
-0.160436558204
0.0925802353138
-0.800580956001
-0.81102312253
-0.844100851865
0.826597719642
0.656503227222
0.0675337533951
-0.642110775484
0.444145703351
-0.623599878319
