4
0
3
2
1
136
-0.546008957366
0.458613966618
0.844062752327
0.553741151298
-0.668900041887
0.452766666502
-0.0391177714626
0.452230114593
1.07248825479
0.816808975667
-0.440645668846
-0.495826742225
-0.136346676898
0.467277580505
0.291889059102
-0.0666689459721
0.921458513818
0.908906532329
-0.740387705656
0.212221312962
-0.216102813604
-0.460179939791
0.909867784597
-0.156550966869
-0.0210751216893
-0.386754706316
0.795268961494
0.353548503939
0.0683271403671
-0.528680205329
-0.566347073663
0.803193724862
0.769903040948
2.09477972359
0.687976356388
-0.107947652526
-0.822547815143
-0.102343231514
-0.300668307515
0.83442783502
0.736897653726
0.603704028453
0.0437854392332
0.929488591499
0.647673465103
-0.277446214214
0.155964379216
-0.328176706246
-0.934210785566
-0.664810940191
0.540292809676
-0.747293380949
0.915711302965
0.85905564699
0.68402816393
0.0600866377181
0.878360579484
0.365635327823
-0.581443570592
-0.824041870556
-0.782807041318
-0.89900936269
-0.788586556821
0.0578504168152
-0.981171789622
-0.054800898165
-0.804133362175
0.107554994178
0.507509613591
-0.45398576364
-0.949741345872
0.0973537935237
0.342420946329
0.287546648641
-0.154451126893
-0.665913599393
-0.903375517475
0.22502943644
0.734707963193
-0.125149629685
-0.22528592948
0.781955909255
0.612399425069
0.0659939853681
0.381760931468
0.451448479971
-0.178582639216
-0.508173322142
-0.0570211534515
0.44388154581
-0.234173502741
-0.54902028063
0.117964643254
-0.983887148804
0.841287047882
-0.52980628501
-0.198774545637
0.737478568758
-0.891394003991
0.10626168905
0.0808843117435
0.985156261581
0.151527263433
-0.657817859552
0.484531465554
-0.767431722549
-0.483587214466
-0.659878394686
-0.70621140783
0.0625046741323
-0.630236120379
0.741038964509
0.0844504915426
1.06034332056
0.087378251199
1.27679693605
-0.604135679346
-0.973883462789
-0.0910613820951
-0.855749218241
-0.512925503052
-0.671516579957
0.118783752247
1.05443928973
0.0290811799779
-0.160436558204
0.0925802353138
-0.800580956001
-0.81102312253
-0.844100851865
0.826597719642
0.59621888429
0.0675337533951
-0.657032961106
0.444145703351
-0.623599878319
