4
0
3
2
1
136
-0.542893296697
0.57842542847
0.849455957516
0.670873431649
-0.668900041887
0.455880457989
0.0806465748414
0.457622141212
1.18957202442
0.816808975667
-0.440645668846
-0.495826742225
-0.136346676898
0.467277580505
0.751359907473
-0.0416048972608
0.946520927552
2.29187725578
-0.740387705656
0.212221312962
-0.216102813604
-0.460179939791
0.909867784597
-0.156550966869
0.0503366499481
-0.254475682262
0.795496594757
0.515833926574
0.230575924622
-0.366468041084
-0.566347073663
0.803193724862
0.769903040948
3.31178295458
0.687976356388
-0.00462215129062
-0.822547815143
-0.102343231514
-0.138492744921
0.996566814305
0.899000068033
0.603704028453
0.418040191806
1.02740620802
1.38061553989
-0.277446214214
0.155964379216
0.0458632930266
-0.836307308162
0.067758116935
0.540292809676
-0.747293380949
0.915711302965
0.85905564699
0.68402816393
0.362887184533
0.878360579484
0.365635327823
1.03641498465
-0.824041870556
-0.782807041318
-0.89900936269
-0.788586556821
0.0578504168152
-0.981171789622
0.0505520716328
-0.680920688946
0.107554994178
0.507509613591
-0.45398576364
-0.949741345872
0.0973537935237
0.342420946329
0.287546648641
-0.154451126893
-0.206873905882
-0.778571775839
0.839356112216
0.734707963193
-0.125149629685
0.233474091552
0.906697093158
1.22636285686
0.0659939853681
0.381760931468
0.451448479971
-0.178582639216
-0.508173322142
0.414354947273
0.44388154581
-0.234173502741
0.595850620686
0.117964643254
-0.983887148804
0.841287047882
-0.52980628501
-0.198774545637
0.737478568758
-0.863530109195
0.128734834842
0.0808843117435
0.985156261581
0.151527263433
-0.657817859552
0.484531465554
-0.767431722549
-0.483587214466
-0.55625602338
-0.206744756941
0.0863143040353
0.00190507759465
0.741038964509
0.187879957077
1.55902046901
0.111150803477
1.9080306638
-0.604135679346
-0.973883462789
-0.0910613820951
-0.855749218241
-0.512925503052
-0.093722068741
0.350436375395
1.28598276596
1.07611564147
-0.160436558204
0.0925802353138
-0.800580956001
-0.81102312253
-0.844100851865
0.826597719642
0.655676640947
0.0675337533951
-0.642205443261
0.444145703351
-0.623599878319
