4
0
3
2
1
136
-0.544159591407
0.524813389622
0.8469166753
0.620665748385
-0.668900041887
0.454614381336
0.0270409797017
0.455082999927
1.13937033902
0.816808975667
-0.440645668846
-0.495826742225
-0.136346676898
0.467277580505
0.542607186121
-0.0525472086976
0.935578830597
1.58916947928
-0.740387705656
0.212221312962
-0.216102813604
-0.460179939791
0.909867784597
-0.156550966869
0.0182369903734
-0.320048641254
0.795409004606
0.421844192201
0.1365995936
-0.460430972768
-0.566347073663
0.803193724862
0.769903040948
2.70388999003
0.687976356388
-0.0487940618833
-0.822547815143
-0.102343231514
-0.23244228128
0.90263066926
0.805077310293
0.603704028453
0.187312652601
0.956666726113
0.919810003956
-0.277446214214
0.155964379216
-0.1847197542
-0.907036820909
-0.392796557208
0.540292809676
-0.747293380949
0.915711302965
0.85905564699
0.68402816393
0.180761936985
0.878360579484
0.365635327823
-0.0935215938033
-0.824041870556
-0.782807041318
-0.89900936269
-0.788586556821
0.0578504168152
-0.981171789622
-0.0112536338385
-0.773180154518
0.107554994178
0.507509613591
-0.45398576364
-0.949741345872
0.0973537935237
0.342420946329
0.287546648641
-0.154451126893
-0.493536095128
-0.85935234333
0.457093229027
0.734707963193
-0.125149629685
-0.0530060058763
0.8259572518
0.844331013195
0.0659939853681
0.381760931468
0.451448479971
-0.178582639216
-0.508173322142
0.116638331966
0.44388154581
-0.234173502741
-0.194594516833
0.117964643254
-0.983887148804
0.841287047882
-0.52980628501
-0.198774545637
0.737478568758
-0.882516816977
0.114579355642
0.0808843117435
0.985156261581
0.151527263433
-0.657817859552
0.484531465554
-0.767431722549
-0.483587214466
-0.598728781775
-0.440073407431
0.0753328011661
-0.303460514479
0.741038964509
0.145445426648
1.32586987676
0.100179025169
1.60288058311
-0.604135679346
-0.973883462789
-0.0910613820951
-0.855749218241
-0.512925503052
-0.375366492133
0.258501648308
1.19406334238
0.460878298094
-0.160436558204
0.0925802353138
-0.800580956001
-0.81102312253
-0.844100851865
0.826597719642
0.622299592422
0.0675337533951
-0.64787196052
0.444145703351
-0.623599878319
