4
0
3
2
1
136
-0.544827188345
0.49941338205
0.845794393472
0.595712887984
-0.668900041887
0.453947103942
0.00164955415796
0.453960920754
1.11442596466
0.816808975667
-0.440645668846
-0.495826742225
-0.136346676898
0.467277580505
0.444883582513
-0.0578729848556
0.930253346784
1.3046272548
-0.740387705656
0.212221312962
-0.216102813604
-0.460179939791
0.909867784597
-0.156550966869
0.00296699865589
-0.347671376826
0.79535995079
0.389833880564
0.104598205385
-0.492423442167
-0.566347073663
0.803193724862
0.769903040948
2.45215269935
0.687976356388
-0.0708517152183
-0.822547815143
-0.102343231514
-0.264425836464
0.870656023693
0.773111569748
0.603704028453
0.109422915996
0.941474500707
0.771908800758
-0.277446214214
0.155964379216
-0.262564705056
-0.922226494465
-0.540621247811
0.540292809676
-0.747293380949
0.915711302965
0.85905564699
0.68402816393
0.115759520304
0.878360579484
0.365635327823
-0.363697248422
-0.824041870556
-0.782807041318
-0.89900936269
-0.788586556821
0.0578504168152
-0.981171789622
-0.0346532641075
-0.790757516864
0.107554994178
0.507509613591
-0.45398576364
-0.949741345872
0.0973537935237
0.342420946329
0.287546648641
-0.154451126893
-0.586567952222
-0.883259974378
0.332446906434
0.734707963193
-0.125149629685
-0.145977546109
0.802063319613
0.719764418163
0.0659939853681
0.381760931468
0.451448479971
-0.178582639216
-0.508173322142
0.0230657478917
0.44388154581
-0.234173502741
-0.388868088087
0.117964643254
-0.983887148804
0.841287047882
-0.52980628501
-0.198774545637
0.737478568758
-0.887404478199
0.110094116111
0.0808843117435
0.985156261581
0.151527263433
-0.657817859552
0.484531465554
-0.767431722549
-0.483587214466
-0.622959363546
-0.551646996876
0.0697651492893
-0.442836457584
0.741038964509
0.121264578784
1.21450003895
0.0946217281151
1.4637389826
-0.604135679346
-0.973883462789
-0.0910613820951
-0.855749218241
-0.512925503052
-0.501903715755
0.20494791151
1.14053455197
0.263300742487
-0.160436558204
0.0925802353138
-0.800580956001
-0.81102312253
-0.844100851865
0.826597719642
0.610161904755
0.0675337533951
-0.651415794
0.444145703351
-0.623599878319
