4
0
3
2
1
136
-0.543151338703
0.56686569594
0.848885499026
0.660305973777
-0.668900041887
0.455622436977
0.0690875108858
0.457051696562
1.17900516078
0.816808975667
-0.440645668846
-0.495826742225
-0.136346676898
0.467277580505
0.706256781468
-0.0439334202647
0.94419242644
2.12849888568
-0.740387705656
0.212221312962
-0.216102813604
-0.460179939791
0.909867784597
-0.156550966869
0.0434722816763
-0.269385004878
0.795479373854
0.492615200025
0.207359281938
-0.389682600271
-0.566347073663
0.803193724862
0.769903040948
3.17173046135
0.687976356388
-0.0138855889122
-0.822547815143
-0.102343231514
-0.161705220981
0.973356421005
0.875791757124
0.603704028453
0.371190842733
1.00685633944
1.28297937069
-0.277446214214
0.155964379216
-0.00096617356931
-0.856855166957
-0.0298408942965
0.540292809676
-0.747293380949
0.915711302965
0.85905564699
0.68402816393
0.327531966849
0.878360579484
0.365635327823
0.724833792104
-0.824041870556
-0.782807041318
-0.89900936269
-0.788586556821
0.0578504168152
-0.981171789622
0.03926541957
-0.709573905861
0.107554994178
0.507509613591
-0.45398576364
-0.949741345872
0.0973537935237
0.342420946329
0.287546648641
-0.154451126893
-0.269272166636
-0.7981726535
0.756396761327
0.734707963193
-0.125149629685
0.171102574373
0.887101825268
1.14343773219
0.0659939853681
0.381760931468
0.451448479971
-0.178582639216
-0.508173322142
0.346643371793
0.44388154581
-0.234173502741
0.376022525269
0.117964643254
-0.983887148804
0.841287047882
-0.52980628501
-0.198774545637
0.737478568758
-0.868368429471
0.125618539361
0.0808843117435
0.985156261581
0.151527263433
-0.657817859552
0.484531465554
-0.767431722549
-0.483587214466
-0.564173097591
-0.255304852966
0.0841952859713
-0.0631419685313
0.741038964509
0.179966292052
1.51047815326
0.109032736252
1.84300625317
-0.604135679346
-0.973883462789
-0.0910613820951
-0.855749218241
-0.512925503052
-0.154400725786
0.333243573194
1.2687911336
0.910051027843
-0.160436558204
0.0925802353138
-0.800580956001
-0.81102312253
-0.844100851865
0.826597719642
0.647743668851
0.0675337533951
-0.643197241695
0.444145703351
-0.623599878319
