4
0
3
2
1
136
-0.543075233038
0.570238921229
0.849050538924
0.663403556898
-0.668900041887
0.455698535642
0.0724605154539
0.45721673186
1.18210254653
0.816808975667
-0.440645668846
-0.495826742225
-0.136346676898
0.467277580505
0.719419214091
-0.0432522866498
0.944873552809
2.17549882388
-0.740387705656
0.212221312962
-0.216102813604
-0.460179939791
0.909867784597
-0.156550966869
0.0454798450033
-0.265075948771
0.795484488021
0.499231153355
0.21397458135
-0.38306795465
-0.566347073663
0.803193724862
0.769903040948
3.21208011786
0.687976356388
-0.0111680860844
-0.822547815143
-0.102343231514
-0.155091229025
0.979969759422
0.882404442129
0.603704028453
0.385397596943
1.01255357963
1.31238131215
-0.277446214214
0.155964379216
0.0132337468533
-0.851158551962
-0.000451519599799
0.540292809676
-0.747293380949
0.915711302965
0.85905564699
0.68402816393
0.338361976054
0.878360579484
0.365635327823
0.811897972936
-0.824041870556
-0.782807041318
-0.89900936269
-0.788586556821
0.0578504168152
-0.981171789622
0.0427671177835
-0.701800152768
0.107554994178
0.507509613591
-0.45398576364
-0.949741345872
0.0973537935237
0.342420946329
0.287546648641
-0.154451126893
-0.25074077605
-0.792561826184
0.781114253217
0.734707963193
-0.125149629685
0.189625006236
0.89271074961
1.16814380368
0.0659939853681
0.381760931468
0.451448479971
-0.178582639216
-0.508173322142
0.366481778274
0.44388154581
-0.234173502741
0.436946889924
0.117964643254
-0.983887148804
0.841287047882
-0.52980628501
-0.198774545637
0.737478568758
-0.866974563994
0.126546217421
0.0808843117435
0.985156261581
0.151527263433
-0.657817859552
0.484531465554
-0.767431722549
-0.483587214466
-0.561789665737
-0.240990420637
0.0848314381868
-0.044041243269
0.741038964509
0.182348562125
1.52478661685
0.109668566637
1.8620994344
-0.604135679346
-0.973883462789
-0.0910613820951
-0.855749218241
-0.512925503052
-0.136624072591
0.338408831995
1.27395598732
0.956015767178
-0.160436558204
0.0925802353138
-0.800580956001
-0.81102312253
-0.844100851865
0.826597719642
0.65002736492
0.0675337533951
-0.642895252098
0.444145703351
-0.623599878319
