4
0
3
2
1
136
-0.545287953124
0.482903212354
0.84508529559
0.579030015673
-0.668900041887
0.453486712218
-0.014851183233
0.45325205764
1.09775278854
0.816808975667
-0.440645668846
-0.495826742225
-0.136346676898
0.467277580505
0.382236877357
-0.0613930591993
0.926733599162
1.13569765717
-0.740387705656
0.212221312962
-0.216102813604
-0.460179939791
0.909867784597
-0.156550966869
-0.00687077990462
-0.364302739859
0.795325069889
0.373099325801
0.0878696406284
-0.509146020708
-0.566347073663
0.803193724862
0.769903040948
2.3006662094
0.687976356388
-0.085607607422
-0.822547815143
-0.102343231514
-0.281142432577
0.853945406224
0.756406927141
0.603704028453
0.0760400890577
0.935322822566
0.708737536996
-0.277446214214
0.155964379216
-0.295933221542
-0.92837729088
-0.603767186715
0.540292809676
-0.747293380949
0.915711302965
0.85905564699
0.68402816393
0.0875317134144
0.878360579484
0.365635327823
-0.475113551466
-0.824041870556
-0.782807041318
-0.89900936269
-0.788586556821
0.0578504168152
-0.981171789622
-0.0448659072971
-0.79767166596
0.107554994178
0.507509613591
-0.45398576364
-0.949741345872
0.0973537935237
0.342420946329
0.287546648641
-0.154451126893
-0.62679922769
-0.893485811198
0.278137457374
0.734707963193
-0.125149629685
-0.186188222878
0.791842024356
0.665483511575
0.0659939853681
0.381760931468
0.451448479971
-0.178582639216
-0.508173322142
-0.0174881709366
0.44388154581
-0.234173502741
-0.470428635815
0.117964643254
-0.983887148804
0.841287047882
-0.52980628501
-0.198774545637
0.737478568758
-0.889440311814
0.108153362702
0.0808843117435
0.985156261581
0.151527263433
-0.657817859552
0.484531465554
-0.767431722549
-0.483587214466
-0.638809661666
-0.619563573777
0.0664789530022
-0.52585166896
0.741038964509
0.105457177567
1.14675035759
0.091343065061
1.380912132
-0.604135679346
-0.973883462789
-0.0910613820951
-0.855749218241
-0.512925503052
-0.577051425685
0.16878672403
1.10439875065
0.156454027452
-0.160436558204
0.0925802353138
-0.800580956001
-0.81102312253
-0.844100851865
0.826597719642
0.603697234207
0.0675337533951
-0.653807188104
0.444145703351
-0.623599878319
