4
0
3
2
1
136
-0.543088868547
0.569632361109
0.849020776905
0.662847414992
-0.668900041887
0.455684901334
0.0718539933379
0.45718697063
1.18154643857
0.816808975667
-0.440645668846
-0.495826742225
-0.136346676898
0.467277580505
0.717052390815
-0.0433746640746
0.944751176632
2.16700644866
-0.740387705656
0.212221312962
-0.216102813604
-0.460179939791
0.909867784597
-0.156550966869
0.0451191128599
-0.265853337933
0.79548357388
0.498031685491
0.212775228239
-0.384267193031
-0.566347073663
0.803193724862
0.769903040948
3.20479318704
0.687976356388
-0.0116558591468
-0.822547815143
-0.102343231514
-0.156290352695
0.97877075044
0.881205547814
0.603704028453
0.382873627169
1.01151050588
1.30714355344
-0.277446214214
0.155964379216
0.0107109403852
-0.852201515498
-0.00568712570502
0.540292809676
-0.747293380949
0.915711302965
0.85905564699
0.68402816393
0.336444488068
0.878360579484
0.365635327823
0.796008331448
-0.824041870556
-0.782807041318
-0.89900936269
-0.788586556821
0.0578504168152
-0.981171789622
0.0421499410949
-0.70323267324
0.107554994178
0.507509613591
-0.45398576364
-0.949741345872
0.0973537935237
0.342420946329
0.287546648641
-0.154451126893
-0.254055523503
-0.793576869908
0.776696277827
0.734707963193
-0.125149629685
0.186311797568
0.891696031093
1.16372779286
0.0659939853681
0.381760931468
0.451448479971
-0.178582639216
-0.508173322142
0.362917836122
0.44388154581
-0.234173502741
0.425804076595
0.117964643254
-0.983887148804
0.841287047882
-0.52980628501
-0.198774545637
0.737478568758
-0.86722664959
0.126380320774
0.0808843117435
0.985156261581
0.151527263433
-0.657817859552
0.484531465554
-0.767431722549
-0.483587214466
-0.562213812361
-0.243556195058
0.084718100428
-0.047469581203
0.741038964509
0.181924613256
1.52222186427
0.109555283817
1.85867239153
-0.604135679346
-0.973883462789
-0.0910613820951
-0.855749218241
-0.512925503052
-0.139817291923
0.337489054412
1.27303627825
0.947607306177
-0.160436558204
0.0925802353138
-0.800580956001
-0.81102312253
-0.844100851865
0.826597719642
0.649614647359
0.0675337533951
-0.64294878142
0.444145703351
-0.623599878319
