4
0
3
2
1
136
-0.543916446166
0.534528049338
0.847358046747
0.629999222818
-0.668900041887
0.45485745573
0.0367536308487
0.455524326023
1.14870189453
0.816808975667
-0.440645668846
-0.495826742225
-0.136346676898
0.467277580505
0.5802784098
-0.0505361132304
0.937589858566
1.70612863514
-0.740387705656
0.212221312962
-0.216102813604
-0.460179939791
0.909867784597
-0.156550966869
0.0240878915405
-0.308868154863
0.795426402157
0.436218552814
0.150970857916
-0.446062803491
-0.566347073663
0.803193724862
0.769903040948
2.80625205869
0.687976356388
-0.0405559327445
-0.822547815143
-0.102343231514
-0.218077205782
0.916992652237
0.819436202006
0.603704028453
0.226408453105
0.965058742505
0.994810029642
-0.277446214214
0.155964379216
-0.145651367086
-0.898646333406
-0.317842555344
0.540292809676
-0.747293380949
0.915711302965
0.85905564699
0.68402816393
0.212844665403
0.878360579484
0.365635327823
0.0515216127583
-0.824041870556
-0.782807041318
-0.89900936269
-0.788586556821
0.0578504168152
-0.981171789622
0.000158465067286
-0.763139621475
0.107554994178
0.507509613591
-0.45398576364
-0.949741345872
0.0973537935237
0.342420946329
0.287546648641
-0.154451126893
-0.447009013828
-0.847214064419
0.519149640951
0.734707963193
-0.125149629685
-0.00651372517886
0.838087508941
0.906342878999
0.0659939853681
0.381760931468
0.451448479971
-0.178582639216
-0.508173322142
0.163513100914
0.44388154581
-0.234173502741
-0.092182776427
0.117964643254
-0.983887148804
0.841287047882
-0.52980628501
-0.198774545637
0.737478568758
-0.879922388362
0.116833685338
0.0808843117435
0.985156261581
0.151527263433
-0.657817859552
0.484531465554
-0.767431722549
-0.483587214466
-0.589996266396
-0.396766271388
0.0774882240348
-0.248217123193
0.741038964509
0.15416544303
1.36912221026
0.102331473781
1.65805941086
-0.604135679346
-0.973883462789
-0.0910613820951
-0.855749218241
-0.512925503052
-0.324960146396
0.277464551299
1.21302079792
0.548562689714
-0.160436558204
0.0925802353138
-0.800580956001
-0.81102312253
-0.844100851865
0.826597719642
0.627617375473
0.0675337533951
-0.646642353282
0.444145703351
-0.623599878319
