4
0
3
2
1
136
-0.543220066094
0.563844921199
0.848738673276
0.657522156961
-0.668900041887
0.455553716565
0.066066954367
0.456904875388
1.17622154013
0.816808975667
-0.440645668846
-0.495826742225
-0.136346676898
0.467277580505
0.694470207179
-0.0445445602057
0.943581293673
2.08688194813
-0.740387705656
0.212221312962
-0.216102813604
-0.460179939791
0.909867784597
-0.156550966869
0.0416715850395
-0.273214280879
0.795474730618
0.486804346907
0.201549047272
-0.395492216614
-0.566347073663
0.803193724862
0.769903040948
3.13595745803
0.687976356388
-0.016329295477
-0.822547815143
-0.102343231514
-0.167514219128
0.967548040925
0.869983994983
0.603704028453
0.358137076043
1.00197058022
1.25614162537
-0.277446214214
0.155964379216
-0.0140130602741
-0.861740342737
-0.0566661620549
0.540292809676
-0.747293380949
0.915711302965
0.85905564699
0.68402816393
0.317504181693
0.878360579484
0.365635327823
0.649556827442
-0.824041870556
-0.782807041318
-0.89900936269
-0.788586556821
0.0578504168152
-0.981171789622
0.0359892275068
-0.716144366207
0.107554994178
0.507509613591
-0.45398576364
-0.949741345872
0.0973537935237
0.342420946329
0.287546648641
-0.154451126893
-0.286046868563
-0.803128965116
0.733994195606
0.734707963193
-0.125149629685
0.154336725059
0.882147415997
1.12104641435
0.0659939853681
0.381760931468
0.451448479971
-0.178582639216
-0.508173322142
0.328855494359
0.44388154581
-0.234173502741
0.323568444741
0.117964643254
-0.983887148804
0.841287047882
-0.52980628501
-0.198774545637
0.737478568758
-0.869597407798
0.124778983528
0.0808843117435
0.985156261581
0.151527263433
-0.657817859552
0.484531465554
-0.767431722549
-0.483587214466
-0.566358395218
-0.268213844161
0.0836137363349
-0.0803122190973
0.741038964509
0.177782171506
1.49757513161
0.108451510436
1.82584350122
-0.604135679346
-0.973883462789
-0.0910613820951
-0.855749218241
-0.512925503052
-0.17035139859
0.328514073761
1.26406205064
0.870477490537
-0.160436558204
0.0925802353138
-0.800580956001
-0.81102312253
-0.844100851865
0.826597719642
0.645723625011
0.0675337533951
-0.643476643709
0.444145703351
-0.623599878319
