4
0
3
2
1
136
-0.542823719115
0.581602893595
0.849615226515
0.673754834733
-0.668900041887
0.455950031117
0.0838238951886
0.457781407255
1.19245330042
0.816808975667
-0.440645668846
-0.495826742225
-0.136346676898
0.467277580505
0.763753637589
-0.0409676137996
0.947158206288
2.33793068233
-0.740387705656
0.212221312962
-0.216102813604
-0.460179939791
0.909867784597
-0.156550966869
0.052215447951
-0.250307762461
0.79550117968
0.522482001188
0.237223502102
-0.359820960664
-0.566347073663
0.803193724862
0.769903040948
3.35116368707
0.687976356388
-0.00210003117159
-0.822547815143
-0.102343231514
-0.131846161489
1.00321290082
0.905645657709
0.603704028453
0.42996229304
1.03354146218
1.40572876024
-0.277446214214
0.155964379216
0.0577815381917
-0.830172537653
0.092863884565
0.540292809676
-0.747293380949
0.915711302965
0.85905564699
0.68402816393
0.371708484995
0.878360579484
0.365635327823
1.12859438954
-0.824041870556
-0.782807041318
-0.89900936269
-0.788586556821
0.0578504168152
-0.981171789622
0.0533020701054
-0.672013974888
0.107554994178
0.507509613591
-0.45398576364
-0.949741345872
0.0973537935237
0.342420946329
0.287546648641
-0.154451126893
-0.190328460502
-0.772977634032
0.861161467419
0.734707963193
-0.125149629685
0.250014030463
0.912290106224
1.2481611125
0.0659939853681
0.381760931468
0.451448479971
-0.178582639216
-0.508173322142
0.432791440452
0.44388154581
-0.234173502741
0.662059125877
0.117964643254
-0.983887148804
0.841287047882
-0.52980628501
-0.198774545637
0.737478568758
-0.862182473824
0.129554047442
0.0808843117435
0.985156261581
0.151527263433
-0.657817859552
0.484531465554
-0.767431722549
-0.483587214466
-0.554204319536
-0.193663173106
0.0868656127717
0.0195451769772
0.741038964509
0.189930973283
1.57209835207
0.111701918016
1.92566598154
-0.604135679346
-0.973883462789
-0.0910613820951
-0.855749218241
-0.512925503052
-0.0771985755086
0.35491093611
1.29045709827
1.12630027799
-0.160436558204
0.0925802353138
-0.800580956001
-0.81102312253
-0.844100851865
0.826597719642
0.657903237299
0.0675337533951
-0.641953809506
0.444145703351
-0.623599878319
