4
0
3
2
1
136
-0.543723975281
0.542403925796
0.847721460761
0.637485958085
-0.668900041887
0.455049882961
0.0446282386885
0.455887711947
1.15618743644
0.816808975667
-0.440645668846
-0.495826742225
-0.136346676898
0.467277580505
0.610898302739
-0.0489153751155
0.939210554298
1.80430277456
-0.740387705656
0.212221312962
-0.216102813604
-0.460179939791
0.909867784597
-0.156550966869
0.028826292879
-0.299566372021
0.795439986466
0.448752165362
0.163502152604
-0.433533825845
-0.566347073663
0.803193724862
0.769903040948
2.89173996035
0.687976356388
-0.033955082159
-0.822547815143
-0.102343231514
-0.205550544362
0.929516998248
0.831958233425
0.603704028453
0.260974149194
0.973171525322
1.06188804262
-0.277446214214
0.155964379216
-0.111111122162
-0.890535014665
-0.250807346412
0.540292809676
-0.747293380949
0.915711302965
0.85905564699
0.68402816393
0.240855449093
0.878360579484
0.365635327823
0.188388416555
-0.824041870556
-0.782807041318
-0.89900936269
-0.788586556821
0.0578504168152
-0.981171789622
0.00999429560054
-0.753204064822
0.107554994178
0.507509613591
-0.45398576364
-0.949741345872
0.0973537935237
0.342420946329
0.287546648641
-0.154451126893
-0.405687527485
-0.836284722798
0.574234222059
0.734707963193
-0.125149629685
0.0347762638346
0.849009605426
0.961387593306
0.0659939853681
0.381760931468
0.451448479971
-0.178582639216
-0.508173322142
0.205337311827
0.44388154581
-0.234173502741
0.00353318213941
0.117964643254
-0.983887148804
0.841287047882
-0.52980628501
-0.198774545637
0.737478568758
-0.877496716213
0.118849605268
0.0808843117435
0.985156261581
0.151527263433
-0.657817859552
0.484531465554
-0.767431722549
-0.483587214466
-0.583226473132
-0.361791673129
0.0792044484345
-0.203111931224
0.741038964509
0.16092741741
1.40406127876
0.104045743446
1.70312214305
-0.604135679346
-0.973883462789
-0.0910613820951
-0.855749218241
-0.512925503052
-0.28365305156
0.29209962492
1.22765266016
0.625654715922
-0.160436558204
0.0925802353138
-0.800580956001
-0.81102312253
-0.844100851865
0.826597719642
0.632189561447
0.0675337533951
-0.645710200856
0.444145703351
-0.623599878319
