4
0
3
2
1
136
-0.543601937889
0.547485453606
0.847958746565
0.642279486654
-0.668900041887
0.455171897444
0.0497090885774
0.456124982948
1.16098033449
0.816808975667
-0.440645668846
-0.495826742225
-0.136346676898
0.467277580505
0.630682697324
-0.0478741153146
0.940251791543
1.86924591596
-0.740387705656
0.212221312962
-0.216102813604
-0.460179939791
0.909867784597
-0.156550966869
0.031879101848
-0.293454976537
0.795448511527
0.457255040047
0.172003634444
-0.425033736412
-0.566347073663
0.803193724862
0.769903040948
2.94809375429
0.687976356388
-0.0297326635821
-0.822547815143
-0.102343231514
-0.197051846898
0.938014304181
0.840454148263
0.603704028453
0.284080259033
0.979082926242
1.10725013903
-0.277446214214
0.155964379216
-0.0880219137345
-0.884624636059
-0.205473916484
0.540292809676
-0.747293380949
0.915711302965
0.85905564699
0.68402816393
0.259377000163
0.878360579484
0.365635327823
0.286018704181
-0.824041870556
-0.782807041318
-0.89900936269
-0.788586556821
0.0578504168152
-0.981171789622
0.0164130199942
-0.745824127123
0.107554994178
0.507509613591
-0.45398576364
-0.949741345872
0.0973537935237
0.342420946329
0.287546648641
-0.154451126893
-0.377833758805
-0.828808673099
0.611385925638
0.734707963193
-0.125149629685
0.0626093202897
0.856480929055
0.998513197435
0.0659939853681
0.381760931468
0.451448479971
-0.178582639216
-0.508173322142
0.233701725247
0.44388154581
-0.234173502741
0.0714274894462
0.117964643254
-0.983887148804
0.841287047882
-0.52980628501
-0.198774545637
0.737478568758
-0.875783444395
0.120217749604
0.0808843117435
0.985156261581
0.151527263433
-0.657817859552
0.484531465554
-0.767431722549
-0.483587214466
-0.579017585226
-0.339358246459
0.0802887475419
-0.173949991885
0.741038964509
0.165132206672
1.42647557713
0.10512898627
1.73226096113
-0.604135679346
-0.973883462789
-0.0910613820951
-0.855749218241
-0.512925503052
-0.25686399983
0.301183272725
1.23673469168
0.67866365862
-0.160436558204
0.0925802353138
-0.800580956001
-0.81102312253
-0.844100851865
0.826597719642
0.635258699721
0.0675337533951
-0.645140616239
0.444145703351
-0.623599878319
