4
0
3
2
1
136
-0.54424346156
0.521521553232
0.846768745441
0.617477582264
-0.668900041887
0.454530540364
0.0237499560358
0.454935088685
1.13618295816
0.816808975667
-0.440645668846
-0.495826742225
-0.136346676898
0.467277580505
0.529872465243
-0.0532317804061
0.934894286316
1.5505676928
-0.740387705656
0.212221312962
-0.216102813604
-0.460179939791
0.909867784597
-0.156550966869
0.016254151232
-0.323761909831
0.79540294379
0.417244810702
0.132001312254
-0.465028154452
-0.566347073663
0.803193724862
0.769903040948
2.66997246065
0.687976356388
-0.0516100369866
-0.822547815143
-0.102343231514
-0.237038363795
0.898035685425
0.800483424646
0.603704028453
0.175179244523
0.954189866841
0.896671308701
-0.277446214214
0.155964379216
-0.196845208206
-0.90951323766
-0.415921841035
0.540292809676
-0.747293380949
0.915711302965
0.85905564699
0.68402816393
0.170725602305
0.878360579484
0.365635327823
-0.136959448273
-0.824041870556
-0.782807041318
-0.89900936269
-0.788586556821
0.0578504168152
-0.981171789622
-0.014847625411
-0.776097643002
0.107554994178
0.507509613591
-0.45398576364
-0.949741345872
0.0973537935237
0.342420946329
0.287546648641
-0.154451126893
-0.507975651432
-0.86309126619
0.437809714535
0.734707963193
-0.125149629685
-0.0674352166174
0.822220705378
0.82506089555
0.0659939853681
0.381760931468
0.451448479971
-0.178582639216
-0.508173322142
0.102114758802
0.44388154581
-0.234173502741
-0.225503130358
0.117964643254
-0.983887148804
0.841287047882
-0.52980628501
-0.198774545637
0.737478568758
-0.883297938231
0.113882064242
0.0808843117435
0.985156261581
0.151527263433
-0.657817859552
0.484531465554
-0.767431722549
-0.483587214466
-0.601773370869
-0.454740516284
0.0745984884933
-0.322019619403
0.741038964509
0.142405867585
1.31122427607
0.0994458614263
1.58434657989
-0.604135679346
-0.973883462789
-0.0910613820951
-0.855749218241
-0.512925503052
-0.392261409025
0.251858213632
1.18742220047
0.432821761606
-0.160436558204
0.0925802353138
-0.800580956001
-0.81102312253
-0.844100851865
0.826597719642
0.620580585869
0.0675337533951
-0.648307322876
0.444145703351
-0.623599878319
