4
0
3
2
1
136
-0.542889039086
0.57861911288
0.849465634811
0.671049353627
-0.668900041887
0.455884715314
0.0808402499986
0.457631818318
1.18974793825
0.816808975667
-0.440645668846
-0.495826742225
-0.136346676898
0.467277580505
0.752115452268
-0.0415660175289
0.946559806982
2.2946703396
-0.740387705656
0.212221312962
-0.216102813604
-0.460179939791
0.909867784597
-0.156550966869
0.0504512777987
-0.254222474582
0.795496876041
0.516235941981
0.23097790882
-0.366066088088
-0.566347073663
0.803193724862
0.769903040948
3.31417246712
0.687976356388
-0.00446811814939
-0.822547815143
-0.102343231514
-0.138090823124
0.996968704908
0.899401927448
0.603704028453
0.41877912393
1.02777450203
1.38216953893
-0.277446214214
0.155964379216
0.046601972308
-0.835939044503
0.0693116302447
0.540292809676
-0.747293380949
0.915711302965
0.85905564699
0.68402816393
0.363436155287
0.878360579484
0.365635327823
1.04195353991
-0.824041870556
-0.782807041318
-0.89900936269
-0.788586556821
0.0578504168152
-0.981171789622
0.0507239902202
-0.680390903629
0.107554994178
0.507509613591
-0.45398576364
-0.949741345872
0.0973537935237
0.342420946329
0.287546648641
-0.154451126893
-0.205857292997
-0.778233635335
0.840699123749
0.734707963193
-0.125149629685
0.234490347776
0.907035160298
1.22770540908
0.0659939853681
0.381760931468
0.451448479971
-0.178582639216
-0.508173322142
0.415481333263
0.44388154581
-0.234173502741
0.599810831074
0.117964643254
-0.983887148804
0.841287047882
-0.52980628501
-0.198774545637
0.737478568758
-0.863448018179
0.128785305004
0.0808843117435
0.985156261581
0.151527263433
-0.657817859552
0.484531465554
-0.767431722549
-0.483587214466
-0.556129419134
-0.205943785258
0.0863483052928
0.00298378648335
0.741038964509
0.188006516736
1.55982120214
0.111184792168
1.90910906531
-0.604135679346
-0.973883462789
-0.0910613820951
-0.855749218241
-0.512925503052
-0.0927124634571
0.350712226841
1.28625860251
1.07911467512
-0.160436558204
0.0925802353138
-0.800580956001
-0.81102312253
-0.844100851865
0.826597719642
0.655811889397
0.0675337533951
-0.642189850155
0.444145703351
-0.623599878319
