4
0
3
2
1
136
-0.546159187448
0.453778192384
0.843861191443
0.548591159432
-0.668900041887
0.452616709727
-0.0439473691683
0.452028724574
1.06734509229
0.816808975667
-0.440645668846
-0.495826742225
-0.136346676898
0.467277580505
0.274217864068
-0.0677348009683
0.920392880653
0.866697583515
-0.740387705656
0.212221312962
-0.216102813604
-0.460179939791
0.909867784597
-0.156550966869
-0.0238495012272
-0.390929711779
0.795257051122
0.350285295833
0.065065465915
-0.531940347288
-0.566347073663
0.803193724862
0.769903040948
2.0561494559
0.687976356388
-0.112488517079
-0.822547815143
-0.102343231514
-0.303926918142
0.831170754566
0.733642102286
0.603704028453
0.0390741320291
0.928642739234
0.638747819211
-0.277446214214
0.155964379216
-0.332886584143
-0.93505653931
-0.673733937987
0.540292809676
-0.747293380949
0.915711302965
0.85905564699
0.68402816393
0.0560652346218
0.878360579484
0.365635327823
-0.596898755843
-0.824041870556
-0.782807041318
-0.89900936269
-0.788586556821
0.0578504168152
-0.981171789622
-0.0562564559988
-0.805063026571
0.107554994178
0.507509613591
-0.45398576364
-0.949741345872
0.0973537935237
0.342420946329
0.287546648641
-0.154451126893
-0.671646440425
-0.904821138848
0.217218407973
0.734707963193
-0.125149629685
-0.231016594968
0.78051075003
0.604591593926
0.0659939853681
0.381760931468
0.451448479971
-0.178582639216
-0.508173322142
-0.062825364942
0.44388154581
-0.234173502741
-0.560501486111
0.117964643254
-0.983887148804
0.841287047882
-0.52980628501
-0.198774545637
0.737478568758
-0.891678820931
0.105983931226
0.0808843117435
0.985156261581
0.151527263433
-0.657817859552
0.484531465554
-0.767431722549
-0.483587214466
-0.663562904868
-0.721129420246
0.0618479349545
-0.64807513787
0.741038964509
0.0807765743341
1.04546737722
0.0867230167687
1.25900483128
-0.604135679346
-0.973883462789
-0.0910613820951
-0.855749218241
-0.512925503052
-0.687665865912
0.109772312352
1.04543620677
0.00786576950514
-0.160436558204
0.0925802353138
-0.800580956001
-0.81102312253
-0.844100851865
0.826597719642
0.59500067594
0.0675337533951
-0.65760050735
0.444145703351
-0.623599878319
