4
0
3
2
1
136
-0.543390541225
0.556454072307
0.848383202104
0.650671079827
-0.668900041887
0.455383261785
0.0586767327907
0.456549417505
1.16937103183
0.816808975667
-0.440645668846
-0.495826742225
-0.136346676898
0.467277580505
0.665639656791
-0.0460445777374
0.94208129683
1.98693979521
-0.740387705656
0.212221312962
-0.216102813604
-0.460179939791
0.909867784597
-0.156550966869
0.037255332673
-0.282463770387
0.795463112835
0.473048587602
0.187794933532
-0.409244685171
-0.566347073663
0.803193724862
0.769903040948
3.04986211231
0.687976356388
-0.0223490348742
-0.822547815143
-0.102343231514
-0.181265042885
0.953798861584
0.856236459676
0.603704028453
0.32514237022
0.990886843276
1.18910396531
-0.277446214214
0.155964379216
-0.0469880264073
-0.872822581888
-0.123668790345
0.540292809676
-0.747293380949
0.915711302965
0.85905564699
0.68402816393
0.291853788027
0.878360579484
0.365635327823
0.476074002266
-0.824041870556
-0.782807041318
-0.89900936269
-0.788586556821
0.0578504168152
-0.981171789622
0.0274675229652
-0.73073832826
0.107554994178
0.507509613591
-0.45398576364
-0.949741345872
0.0973537935237
0.342420946329
0.287546648641
-0.154451126893
-0.327544374307
-0.814988962303
0.678538970681
0.734707963193
-0.125149629685
0.112864009703
0.870292847527
1.06562254119
0.0659939853681
0.381760931468
0.451448479971
-0.178582639216
-0.508173322142
0.285441968538
0.44388154581
-0.234173502741
0.203173750509
0.117964643254
-0.983887148804
0.841287047882
-0.52980628501
-0.198774545637
0.737478568758
-0.872503960663
0.122707925499
0.0808843117435
0.985156261581
0.151527263433
-0.657817859552
0.484531465554
-0.767431722549
-0.483587214466
-0.571906495622
-0.300120347119
0.0821462318379
-0.122518670733
0.741038964509
0.1722375808
1.46568604632
0.106984958517
1.78365870535
-0.604135679346
-0.973883462789
-0.0910613820951
-0.855749218241
-0.512925503052
-0.209443482828
0.316526895645
1.25207614707
0.779437603596
-0.160436558204
0.0925802353138
-0.800580956001
-0.81102312253
-0.844100851865
0.826597719642
0.640891127986
0.0675337533951
-0.644196551097
0.444145703351
-0.623599878319
