4
0
3
2
1
136
-0.543388777035
0.556529824133
0.848386818923
0.650741590669
-0.668900041887
0.45538502574
0.0587524774492
0.456553034171
1.16944153613
0.816808975667
-0.440645668846
-0.495826742225
-0.136346676898
0.467277580505
0.665935071963
-0.046029168736
0.942096705595
1.98795060262
-0.740387705656
0.212221312962
-0.216102813604
-0.460179939791
0.909867784597
-0.156550966869
0.0373006669092
-0.282369838964
0.795463233789
0.47318621248
0.187932540589
-0.409107095932
-0.566347073663
0.803193724862
0.769903040948
3.05073428448
0.687976356388
-0.0222870402929
-0.822547815143
-0.102343231514
-0.18112747146
0.953936415201
0.856373995489
0.603704028453
0.325486370722
0.99099417943
1.18979694995
-0.277446214214
0.155964379216
-0.0466442473635
-0.87271526143
-0.122976193454
0.540292809676
-0.747293380949
0.915711302965
0.85905564699
0.68402816393
0.292123351972
0.878360579484
0.365635327823
0.47777505502
-0.824041870556
-0.782807041318
-0.89900936269
-0.788586556821
0.0578504168152
-0.981171789622
0.0275580901786
-0.73059901173
0.107554994178
0.507509613591
-0.45398576364
-0.949741345872
0.0973537935237
0.342420946329
0.287546648641
-0.154451126893
-0.327117476617
-0.814869388985
0.679109401334
0.734707963193
-0.125149629685
0.113290632774
0.870412359981
1.06619262541
0.0659939853681
0.381760931468
0.451448479971
-0.178582639216
-0.508173322142
0.285884834996
0.44388154581
-0.234173502741
0.204352432868
0.117964643254
-0.983887148804
0.841287047882
-0.52980628501
-0.198774545637
0.737478568758
-0.872475013071
0.122729167438
0.0808843117435
0.985156261581
0.151527263433
-0.657817859552
0.484531465554
-0.767431722549
-0.483587214466
-0.571848189832
-0.299791194769
0.0821615785936
-0.122084993212
0.741038964509
0.172295845589
1.46601499806
0.107000294253
1.78409213512
-0.604135679346
-0.973883462789
-0.0910613820951
-0.855749218241
-0.512925503052
-0.209042634896
0.31665276019
1.25220199646
0.780331844509
-0.160436558204
0.0925802353138
-0.800580956001
-0.81102312253
-0.844100851865
0.826597719642
0.64093981847
0.0675337533951
-0.644188908218
0.444145703351
-0.623599878319
