4
0
3
2
1
136
-0.542864883181
0.579719847613
0.849520708491
0.672048439983
-0.668900041887
0.455908869631
0.0819409332196
0.457686890945
1.19074697932
0.816808975667
-0.440645668846
-0.495826742225
-0.136346676898
0.467277580505
0.756409136528
-0.0413451420264
0.946780680803
2.3105786549
-0.740387705656
0.212221312962
-0.216102813604
-0.460179939791
0.909867784597
-0.156550966869
0.0511024677223
-0.252781360217
0.795498470148
0.518528617884
0.233270409608
-0.363773762389
-0.566347073663
0.803193724862
0.769903040948
3.32777940198
0.687976356388
-0.00359345692023
-0.822547815143
-0.102343231514
-0.135798672488
0.999260680508
0.901693728037
0.603704028453
0.422948532396
1.02988174148
1.39094445781
-0.277446214214
0.155964379216
0.0507699886317
-0.833831975402
0.0780838675121
0.540292809676
-0.747293380949
0.915711302965
0.85905564699
0.68402816393
0.366528257636
0.878360579484
0.365635327823
1.07362819399
-0.824041870556
-0.782807041318
-0.89900936269
-0.788586556821
0.0578504168152
-0.981171789622
0.0516903986368
-0.677347829032
0.107554994178
0.507509613591
-0.45398576364
-0.949741345872
0.0973537935237
0.342420946329
0.287546648641
-0.154451126893
-0.200099499
-0.776305034574
0.84829799342
0.734707963193
-0.125149629685
0.240246167459
0.908963355601
1.23530173484
0.0659939853681
0.381760931468
0.451448479971
-0.178582639216
-0.508173322142
0.421876489339
0.44388154581
-0.234173502741
0.622501852367
0.117964643254
-0.983887148804
0.841287047882
-0.52980628501
-0.198774545637
0.737478568758
-0.862981284081
0.129070840561
0.0808843117435
0.985156261581
0.151527263433
-0.657817859552
0.484531465554
-0.767431722549
-0.483587214466
-0.555413708467
-0.20140044899
0.0865405670131
0.0091059428456
0.741038964509
0.188721980739
1.56436321526
0.111376984303
1.91522951473
-0.604135679346
-0.973883462789
-0.0910613820951
-0.855749218241
-0.512925503052
-0.0869804657375
0.352272282114
1.28781857559
1.09630491299
-0.160436558204
0.0925802353138
-0.800580956001
-0.81102312253
-0.844100851865
0.826597719642
0.656581735813
0.0675337533951
-0.642101861919
0.444145703351
-0.623599878319
