4
0
3
2
1
136
-0.54281307488
0.582091314942
0.849639805176
0.674196869684
-0.668900041887
0.455960674709
0.084312295572
0.457805985489
1.19289531701
0.816808975667
-0.440645668846
-0.495826742225
-0.136346676898
0.467277580505
0.76565846527
-0.0408697583933
0.94725606101
2.34505353114
-0.740387705656
0.212221312962
-0.216102813604
-0.460179939791
0.909867784597
-0.156550966869
0.052503917318
-0.249664468084
0.795501878875
0.523513832426
0.238255259696
-0.358789276703
-0.566347073663
0.803193724862
0.769903040948
3.35725108745
0.687976356388
-0.00171325959293
-0.822547815143
-0.102343231514
-0.130814551151
1.00424443755
0.906677120831
0.603704028453
0.431756929296
1.03450176258
1.40951593467
-0.277446214214
0.155964379216
0.0595756346753
-0.829212308904
0.0966500077145
0.540292809676
-0.747293380949
0.915711302965
0.85905564699
0.68402816393
0.373029589438
0.878360579484
0.365635327823
1.1430116009
-0.824041870556
-0.782807041318
-0.89900936269
-0.788586556821
0.0578504168152
-0.981171789622
0.0537116142068
-0.670603909764
0.107554994178
0.507509613591
-0.45398576364
-0.949741345872
0.0973537935237
0.342420946329
0.287546648641
-0.154451126893
-0.18781053602
-0.772108581082
0.864469209429
0.734707963193
-0.125149629685
0.252531171648
0.913158999252
1.25146784322
0.0659939853681
0.381760931468
0.451448479971
-0.178582639216
-0.508173322142
0.435617170652
0.44388154581
-0.234173502741
0.672474401198
0.117964643254
-0.983887148804
0.841287047882
-0.52980628501
-0.198774545637
0.737478568758
-0.861975301331
0.129678260468
0.0808843117435
0.985156261581
0.151527263433
-0.657817859552
0.484531465554
-0.767431722549
-0.483587214466
-0.553893722738
-0.191663708526
0.0869491211432
0.0222455630708
0.741038964509
0.190241472326
1.57409728657
0.111785398714
1.92836568032
-0.604135679346
-0.973883462789
-0.0910613820951
-0.855749218241
-0.512925503052
-0.0746666107178
0.355589125948
1.29113525588
1.13420400704
-0.160436558204
0.0925802353138
-0.800580956001
-0.81102312253
-0.844100851865
0.826597719642
0.658246875536
0.0675337533951
-0.64191591456
0.444145703351
-0.623599878319
