4
0
3
2
1
136
-0.54435373252
0.517238622463
0.846577450494
0.613309718701
-0.668900041887
0.454420311964
0.0194681977813
0.454743820836
1.13201623534
0.816808975667
-0.440645668846
-0.495826742225
-0.136346676898
0.467277580505
0.51333042503
-0.054124890185
0.934001216217
1.50111948713
-0.740387705656
0.212221312962
-0.216102813604
-0.460179939791
0.909867784597
-0.156550966869
0.0136750282524
-0.328534936086
0.795394929537
0.411464822098
0.126222787416
-0.470805216213
-0.566347073663
0.803193724862
0.769903040948
2.62642227547
0.687976356388
-0.0552926111904
-0.822547815143
-0.102343231514
-0.242813963167
0.892261547752
0.794710747986
0.603704028453
0.160308142898
0.951219790471
0.868377275275
-0.277446214214
0.155964379216
-0.211707013345
-0.9124827938
-0.444200131359
0.540292809676
-0.747293380949
0.915711302965
0.85905564699
0.68402816393
0.158376959618
0.878360579484
0.365635327823
-0.189391711715
-0.824041870556
-0.782807041318
-0.89900936269
-0.788586556821
0.0578504168152
-0.981171789622
-0.0192815844995
-0.779568900131
0.107554994178
0.507509613591
-0.45398576364
-0.949741345872
0.0973537935237
0.342420946329
0.287546648641
-0.154451126893
-0.525690633258
-0.867662782579
0.414127025514
0.734707963193
-0.125149629685
-0.0851379304953
0.81765199663
0.801394214159
0.0659939853681
0.381760931468
0.451448479971
-0.178582639216
-0.508173322142
0.084302592952
0.44388154581
-0.234173502741
-0.26297246226
0.117964643254
-0.983887148804
0.841287047882
-0.52980628501
-0.198774545637
0.737478568758
-0.884243215251
0.113027567325
0.0808843117435
0.985156261581
0.151527263433
-0.657817859552
0.484531465554
-0.767431722549
-0.483587214466
-0.605790628888
-0.473780223087
0.0736441505341
-0.346000476288
0.741038964509
0.138395790685
1.29221482962
0.0984931195682
1.56040085634
-0.604135679346
-0.973883462789
-0.0910613820951
-0.855749218241
-0.512925503052
-0.414066996902
0.243060909288
1.17862826378
0.397475018911
-0.160436558204
0.0925802353138
-0.800580956001
-0.81102312253
-0.844100851865
0.826597719642
0.618408064029
0.0675337533951
-0.648886633013
0.444145703351
-0.623599878319
