4
0
3
2
1
136
-0.543678505711
0.544289166434
0.847809230262
0.639267687835
-0.668900041887
0.455095343596
0.0465132160229
0.455975475679
1.15796892064
0.816808975667
-0.440645668846
-0.495826742225
-0.136346676898
0.467277580505
0.618236035929
-0.0485286684858
0.939597252158
1.82824985563
-0.740387705656
0.212221312962
-0.216102813604
-0.460179939791
0.909867784597
-0.156550966869
0.029959359823
-0.2973089908
0.795443170884
0.451868801229
0.166618261986
-0.430418242777
-0.566347073663
0.803193724862
0.769903040948
2.91253727594
0.687976356388
-0.0323852562737
-0.822547815143
-0.102343231514
-0.202435487438
0.932631529199
0.835072238572
0.603704028453
0.269499013995
0.975300847221
1.07857064361
-0.277446214214
0.155964379216
-0.102592536762
-0.88840606663
-0.234135364667
0.540292809676
-0.747293380949
0.915711302965
0.85905564699
0.68402816393
0.247708517396
0.878360579484
0.365635327823
0.223755945085
-0.824041870556
-0.782807041318
-0.89900936269
-0.788586556821
0.0578504168152
-0.981171789622
0.0123779558825
-0.750559307917
0.107554994178
0.507509613591
-0.45398576364
-0.949741345872
0.0973537935237
0.342420946329
0.287546648641
-0.154451126893
-0.395438995308
-0.833545800816
0.587900797299
0.734707963193
-0.125149629685
0.0450170918494
0.85174676466
0.975044454231
0.0659939853681
0.381760931468
0.451448479971
-0.178582639216
-0.508173322142
0.215754388789
0.44388154581
-0.234173502741
0.0281574952842
0.117964643254
-0.983887148804
0.841287047882
-0.52980628501
-0.198774545637
0.737478568758
-0.876874217089
0.119352081167
0.0808843117435
0.985156261581
0.151527263433
-0.657817859552
0.484531465554
-0.767431722549
-0.483587214466
-0.581650094956
-0.353454471464
0.0796091105024
-0.192295048475
0.741038964509
0.162502194711
1.41239105586
0.10444999563
1.71393007615
-0.604135679346
-0.973883462789
-0.0910613820951
-0.855749218241
-0.512925503052
-0.273724278079
0.29550260194
1.23105500009
0.645002955415
-0.160436558204
0.0925802353138
-0.800580956001
-0.81102312253
-0.844100851865
0.826597719642
0.633317534766
0.0675337533951
-0.64549595445
0.444145703351
-0.623599878319
