4
0
3
2
1
136
-0.543749169741
0.541363415791
0.84767314974
0.636500879351
-0.668900041887
0.455024693667
0.0435878802935
0.455839404257
1.15520249944
0.816808975667
-0.440645668846
-0.495826742225
-0.136346676898
0.467277580505
0.606849675826
-0.049129012101
0.938996922366
1.79115987341
-0.740387705656
0.212221312962
-0.216102813604
-0.460179939791
0.909867784597
-0.156550966869
0.0282007070727
-0.300807217764
0.795438217889
0.447051237698
0.161801520342
-0.435234162804
-0.566347073663
0.803193724862
0.769903040948
2.88031681732
0.687976356388
-0.0348231884939
-0.822547815143
-0.102343231514
-0.207250586116
0.927817251602
0.830258781789
0.603704028453
0.256301634317
0.972027990273
1.0527693057
-0.277446214214
0.155964379216
-0.115780184319
-0.891678346697
-0.259920257198
0.540292809676
-0.747293380949
0.915711302965
0.85905564699
0.68402816393
0.237089742253
0.878360579484
0.365635327823
0.169299852379
-0.824041870556
-0.782807041318
-0.89900936269
-0.788586556821
0.0578504168152
-0.981171789622
0.00868040084587
-0.754618086822
0.107554994178
0.507509613591
-0.45398576364
-0.949741345872
0.0973537935237
0.342420946329
0.287546648641
-0.154451126893
-0.411293040279
-0.83777754673
0.566760384612
0.734707963193
-0.125149629685
0.0291749950294
0.847517754564
0.953919111792
0.0659939853681
0.381760931468
0.451448479971
-0.178582639216
-0.508173322142
0.199648051871
0.44388154581
-0.234173502741
-0.00977326206259
0.117964643254
-0.983887148804
0.841287047882
-0.52980628501
-0.198774545637
0.737478568758
-0.87783349048
0.118575212756
0.0808843117435
0.985156261581
0.151527263433
-0.657817859552
0.484531465554
-0.767431722549
-0.483587214466
-0.584103940574
-0.366399760343
0.0789799842301
-0.209079905547
0.741038964509
0.160050876088
1.39945746133
0.103821514824
1.69715930241
-0.604135679346
-0.973883462789
-0.0910613820951
-0.855749218241
-0.512925503052
-0.289127131825
0.290204807166
1.22575821426
0.615130366347
-0.160436558204
0.0925802353138
-0.800580956001
-0.81102312253
-0.844100851865
0.826597719642
0.631572476495
0.0675337533951
-0.645829926436
0.444145703351
-0.623599878319
