4
0
3
2
1
136
-0.542889888372
0.578580469951
0.849463703726
0.671014257523
-0.668900041887
0.455883866085
0.0808016089125
0.457629887271
1.18971284377
0.816808975667
-0.440645668846
-0.495826742225
-0.136346676898
0.467277580505
0.751964710536
-0.0415737742646
0.946552050306
2.29411293123
-0.740387705656
0.212221312962
-0.216102813604
-0.460179939791
0.909867784597
-0.156550966869
0.0504284089029
-0.254273002134
0.795496819939
0.516155700347
0.230897673404
-0.366146317289
-0.566347073663
0.803193724862
0.769903040948
3.3136956102
0.687976356388
-0.00449884698433
-0.822547815143
-0.102343231514
-0.138171046109
0.996888488137
0.899321716889
0.603704028453
0.418631822058
1.02770096189
1.38185972972
-0.277446214214
0.155964379216
0.0464547206913
-0.836012578595
0.0690019176122
0.540292809676
-0.747293380949
0.915711302965
0.85905564699
0.68402816393
0.363326744188
0.878360579484
0.365635327823
1.04084768104
-0.824041870556
-0.782807041318
-0.89900936269
-0.788586556821
0.0578504168152
-0.981171789622
0.0506897347029
-0.680496738872
0.107554994178
0.507509613591
-0.45398576364
-0.949741345872
0.0973537935237
0.342420946329
0.287546648641
-0.154451126893
-0.206060039792
-0.778301128096
0.840431313062
0.734707963193
-0.125149629685
0.234287671918
0.906967682125
1.22743768975
0.0659939853681
0.381760931468
0.451448479971
-0.178582639216
-0.508173322142
0.415256628435
0.44388154581
-0.234173502741
0.59901993811
0.117964643254
-0.983887148804
0.841287047882
-0.52980628501
-0.198774545637
0.737478568758
-0.863464397564
0.128775240827
0.0808843117435
0.985156261581
0.151527263433
-0.657817859552
0.484531465554
-0.767431722549
-0.483587214466
-0.556154662601
-0.206103554798
0.0863415256117
0.00276860233323
0.741038964509
0.187981282136
1.55966148005
0.111178014986
1.90889394232
-0.604135679346
-0.973883462789
-0.0910613820951
-0.855749218241
-0.512925503052
-0.092913871203
0.350657222511
1.28620360114
1.07851571198
-0.160436558204
0.0925802353138
-0.800580956001
-0.81102312253
-0.844100851865
0.826597719642
0.655784900122
0.0675337533951
-0.64219295856
0.444145703351
-0.623599878319
