4
0
3
2
1
136
-0.545008351288
0.492826226664
0.84550981461
0.589103009797
-0.668900041887
0.453766069713
-0.00493429148109
0.453676423036
1.10781945196
0.816808975667
-0.440645668846
-0.495826742225
-0.136346676898
0.467277580505
0.419789194667
-0.059271508802
0.928854936924
1.23574880025
-0.740387705656
0.212221312962
-0.216102813604
-0.460179939791
0.909867784597
-0.156550966869
-0.000970611940979
-0.354436118139
0.795346331838
0.382793344092
0.0975600676559
-0.499459182611
-0.566347073663
0.803193724862
0.769903040948
2.39057792445
0.687976356388
-0.0766984428536
-0.822547815143
-0.102343231514
-0.271459181081
0.863625073448
0.76608301242
0.603704028453
0.094717108193
0.938746860965
0.744078766529
-0.277446214214
0.155964379216
-0.277263847318
-0.924953730352
-0.568439568126
0.540292809676
-0.747293380949
0.915711302965
0.85905564699
0.68402816393
0.103348546041
0.878360579484
0.365635327823
-0.412992390373
-0.824041870556
-0.782807041318
-0.89900936269
-0.788586556821
0.0578504168152
-0.981171789622
-0.039141918052
-0.793836667117
0.107554994178
0.507509613591
-0.45398576364
-0.949741345872
0.0973537935237
0.342420946329
0.287546648641
-0.154451126893
-0.604259349415
-0.887763945907
0.308601574668
0.734707963193
-0.125149629685
-0.16365944687
0.797561454066
0.695932126683
0.0659939853681
0.381760931468
0.451448479971
-0.178582639216
-0.508173322142
0.0052441310635
0.44388154581
-0.234173502741
-0.424850695313
0.117964643254
-0.983887148804
0.841287047882
-0.52980628501
-0.198774545637
0.737478568758
-0.888303761778
0.109241155802
0.0808843117435
0.985156261581
0.151527263433
-0.657817859552
0.484531465554
-0.767431722549
-0.483587214466
-0.629348167603
-0.579403176792
0.0684070090201
-0.476911145174
0.741038964509
0.114892294651
1.18680863611
0.0932666135003
1.42973766261
-0.604135679346
-0.973883462789
-0.0910613820951
-0.855749218241
-0.512925503052
-0.532758120975
0.190501721135
1.12609771598
0.218698835137
-0.160436558204
0.0925802353138
-0.800580956001
-0.81102312253
-0.844100851865
0.826597719642
0.607446091468
0.0675337533951
-0.65237461723
0.444145703351
-0.623599878319
