4
0
3
2
1
136
-0.546750904699
0.43544473851
0.843100000549
0.528687452944
-0.668900041887
0.452026380208
-0.0622507693795
0.451268401458
1.04747554022
0.816808975667
-0.440645668846
-0.495826742225
-0.136346676898
0.467277580505
0.208355375633
-0.0718283756376
0.916300402398
0.715043328568
-0.740387705656
0.212221312962
-0.216102813604
-0.460179939791
0.909867784597
-0.156550966869
-0.0341570284213
-0.405855820927
0.795209449719
0.339516564115
0.0543020861036
-0.542698379325
-0.566347073663
0.803193724862
0.769903040948
1.9165970658
0.687976356388
-0.129995558334
-0.822547815143
-0.102343231514
-0.314679606532
0.820423405698
0.722900088819
0.603704028453
0.0248005130116
0.926087490751
0.611693169569
-0.277446214214
0.155964379216
-0.347156162776
-0.937611502734
-0.700781031591
0.540292809676
-0.747293380949
0.915711302965
0.85905564699
0.68402816393
0.0438637577094
0.878360579484
0.365635327823
-0.643634091154
-0.824041870556
-0.782807041318
-0.89900936269
-0.788586556821
0.0578504168152
-0.981171789622
-0.0606720191823
-0.807861107712
0.107554994178
0.507509613591
-0.45398576364
-0.949741345872
0.0973537935237
0.342420946329
0.287546648641
-0.154451126893
-0.689044126432
-0.909202663502
0.193470049504
0.734707963193
-0.125149629685
-0.248408075403
0.776130534
0.58085246801
0.0659939853681
0.381760931468
0.451448479971
-0.178582639216
-0.508173322142
-0.0804563604038
0.44388154581
-0.234173502741
-0.595304269723
0.117964643254
-0.983887148804
0.841287047882
-0.52980628501
-0.198774545637
0.737478568758
-0.892541337404
0.105140141518
0.0808843117435
0.985156261581
0.151527263433
-0.657817859552
0.484531465554
-0.767431722549
-0.483587214466
-0.675768435071
-0.77036988353
0.0597355323528
-0.706755890722
0.741038964509
0.0686040255904
0.99636161866
0.0846151798767
1.20047432731
-0.604135679346
-0.973883462789
-0.0910613820951
-0.855749218241
-0.512925503052
-0.740804878248
0.0792937395253
1.01498576316
-0.0611030290948
-0.160436558204
0.0925802353138
-0.800580956001
-0.81102312253
-0.844100851865
0.826597719642
0.591092380753
0.0675337533951
-0.659485900675
0.444145703351
-0.623599878319
