4
0
3
2
1
136
-0.546224581123
0.451696613936
0.843774566964
0.546361853748
-0.668900041887
0.45255144425
-0.0460260844077
0.451942180233
1.06511897674
0.816808975667
-0.440645668846
-0.495826742225
-0.136346676898
0.467277580505
0.266647610932
-0.0681953140148
0.919932470873
0.848818377721
-0.740387705656
0.212221312962
-0.216102813604
-0.460179939791
0.909867784597
-0.156550966869
-0.0250371640279
-0.39269632847
0.795251844022
0.348938340806
0.063719156024
-0.533286012536
-0.566347073663
0.803193724862
0.769903040948
2.03975770655
0.687976356388
-0.114452914961
-0.822547815143
-0.102343231514
-0.305271939239
0.829826377128
0.732298368016
0.603704028453
0.0371829196294
0.928303562582
0.635164317213
-0.277446214214
0.155964379216
-0.334777236425
-0.935395677039
-0.677316398859
0.540292809676
-0.747293380949
0.915711302965
0.85905564699
0.68402816393
0.0544501154404
0.878360579484
0.365635327823
-0.603098397883
-0.824041870556
-0.782807041318
-0.89900936269
-0.788586556821
0.0578504168152
-0.981171789622
-0.0568410212319
-0.805435324609
0.107554994178
0.507509613591
-0.45398576364
-0.949741345872
0.0973537935237
0.342420946329
0.287546648641
-0.154451126893
-0.673949078391
-0.905401522099
0.214079043028
0.734707963193
-0.125149629685
-0.233318377616
0.779930548008
0.601453491362
0.0659939853681
0.381760931468
0.451448479971
-0.178582639216
-0.508173322142
-0.0651574287077
0.44388154581
-0.234173502741
-0.565110977676
0.117964643254
-0.983887148804
0.841287047882
-0.52980628501
-0.198774545637
0.737478568758
-0.891793129949
0.105872328594
0.0808843117435
0.985156261581
0.151527263433
-0.657817859552
0.484531465554
-0.767431722549
-0.483587214466
-0.665089548736
-0.727299857786
0.0615786308425
-0.655444613888
0.741038964509
0.079254249287
1.03931423203
0.0864543197297
1.25165463647
-0.604135679346
-0.973883462789
-0.0910613820951
-0.855749218241
-0.512925503052
-0.694337975064
0.106013324123
1.0416807144
-0.000861381566979
-0.160436558204
0.0925802353138
-0.800580956001
-0.81102312253
-0.844100851865
0.826597719642
0.594501802377
0.0675337533951
-0.657835896145
0.444145703351
-0.623599878319
