4
0
3
2
1
136
-0.543434221537
0.554583328405
0.848294053446
0.648927830365
-0.668900041887
0.45533958746
0.0568061712105
0.456460272743
1.16762794892
0.816808975667
-0.440645668846
-0.495826742225
-0.136346676898
0.467277580505
0.658344875692
-0.0464253445755
0.94170053602
1.96206614982
-0.740387705656
0.212221312962
-0.216102813604
-0.460179939791
0.909867784597
-0.156550966869
0.036135344985
-0.284777693044
0.795460113303
0.469672167605
0.184418959925
-0.412620212502
-0.566347073663
0.803193724862
0.769903040948
3.02839037227
0.687976356388
-0.0238819904277
-0.822547815143
-0.102343231514
-0.184640124055
0.950424226462
0.852862270487
0.603704028453
0.316621076486
0.988277054391
1.17197743602
-0.277446214214
0.155964379216
-0.0555037422078
-0.875431982
-0.140785586736
0.540292809676
-0.747293380949
0.915711302965
0.85905564699
0.68402816393
0.28516263143
0.878360579484
0.365635327823
0.434572727965
-0.824041870556
-0.782807041318
-0.89900936269
-0.788586556821
0.0578504168152
-0.981171789622
0.0252128900912
-0.73411378739
0.107554994178
0.507509613591
-0.45398576364
-0.949741345872
0.0973537935237
0.342420946329
0.287546648641
-0.154451126893
-0.338085681349
-0.817927960392
0.664455035464
0.734707963193
-0.125149629685
0.102329601716
0.867355383196
1.05154730477
0.0659939853681
0.381760931468
0.451448479971
-0.178582639216
-0.508173322142
0.274527989441
0.44388154581
-0.234173502741
0.174420008534
0.117964643254
-0.983887148804
0.841287047882
-0.52980628501
-0.198774545637
0.737478568758
-0.873212646159
0.122183914544
0.0808843117435
0.985156261581
0.151527263433
-0.657817859552
0.484531465554
-0.767431722549
-0.483587214466
-0.573355801305
-0.308261876632
0.0817653261069
-0.133233904513
0.741038964509
0.170789323806
1.45754962724
0.106604333773
1.77294977116
-0.604135679346
-0.973883462789
-0.0910613820951
-0.855749218241
-0.512925503052
-0.219342205213
0.313398787163
1.24894842819
0.757593581348
-0.160436558204
0.0925802353138
-0.800580956001
-0.81102312253
-0.844100851865
0.826597719642
0.639694454904
0.0675337533951
-0.644387048381
0.444145703351
-0.623599878319
