4
0
3
2
1
136
-0.543410236197
0.555609427273
0.848342910619
0.649884459932
-0.668900041887
0.45536356947
0.0578321688101
0.45650912775
1.1685844859
0.816808975667
-0.440645668846
-0.495826742225
-0.136346676898
0.467277580505
0.662345875824
-0.0462164397974
0.941909437448
1.97568812028
-0.740387705656
0.212221312962
-0.216102813604
-0.460179939791
0.909867784597
-0.156550966869
0.0367497565979
-0.283509888501
0.795461761518
0.471518808761
0.186265354747
-0.41077406395
-0.566347073663
0.803193724862
0.769903040948
3.04015159533
0.687976356388
-0.0230407017827
-0.822547815143
-0.102343231514
-0.18279422171
0.952269882664
0.854707680609
0.603704028453
0.321300848784
0.989698779248
1.18137370121
-0.277446214214
0.155964379216
-0.0508270548058
-0.87401047063
-0.131394696587
0.540292809676
-0.747293380949
0.915711302965
0.85905564699
0.68402816393
0.288840575546
0.878360579484
0.365635327823
0.457215275585
-0.824041870556
-0.782807041318
-0.89900936269
-0.788586556821
0.0578504168152
-0.981171789622
0.0264537520549
-0.732277784134
0.107554994178
0.507509613591
-0.45398576364
-0.949741345872
0.0973537935237
0.342420946329
0.287546648641
-0.154451126893
-0.33230438575
-0.816319275763
0.672178854358
0.734707963193
-0.125149629685
0.108107085829
0.868963219372
1.05926631888
0.0659939853681
0.381760931468
0.451448479971
-0.178582639216
-0.508173322142
0.280508592189
0.44388154581
-0.234173502741
0.190107131952
0.117964643254
-0.983887148804
0.841287047882
-0.52980628501
-0.198774545637
0.737478568758
-0.872825422903
0.122471180531
0.0808843117435
0.985156261581
0.151527263433
-0.657817859552
0.484531465554
-0.767431722549
-0.483587214466
-0.57255862395
-0.303793225434
0.0819747033632
-0.12735541266
0.741038964509
0.171585917282
1.4620154379
0.106813554786
1.77882476426
-0.604135679346
-0.973883462789
-0.0910613820951
-0.855749218241
-0.512925503052
-0.213912933872
0.315119260862
1.25066868449
0.769518238201
-0.160436558204
0.0925802353138
-0.800580956001
-0.81102312253
-0.844100851865
0.826597719642
0.640349448049
0.0675337533951
-0.644282143963
0.444145703351
-0.623599878319
