4
0
3
2
1
136
-0.542945762148
0.576046683752
0.849337430972
0.668709810677
-0.668900041887
0.455827996208
0.0782679485415
0.457503617098
1.18740850786
0.816808975667
-0.440645668846
-0.495826742225
-0.136346676898
0.467277580505
0.742079970613
-0.0420827596167
0.946043069058
2.25772348842
-0.740387705656
0.212221312962
-0.216102813604
-0.460179939791
0.909867784597
-0.156550966869
0.0489277615105
-0.257576409429
0.795493120893
0.510930971505
0.225673362576
-0.371370210168
-0.566347073663
0.803193724862
0.769903040948
3.28255185718
0.687976356388
-0.00651705997775
-0.822547815143
-0.102343231514
-0.143394521106
0.991665430958
0.894099077462
0.603704028453
0.408836816561
1.02294508212
1.3612919681
-0.277446214214
0.155964379216
0.0366632230168
-0.840768052085
0.0484408593755
0.540292809676
-0.747293380949
0.915711302965
0.85905564699
0.68402816393
0.356025917541
0.878360579484
0.365635327823
0.969246431152
-0.824041870556
-0.782807041318
-0.89900936269
-0.788586556821
0.0578504168152
-0.981171789622
0.0483946649034
-0.687290098331
0.107554994178
0.507509613591
-0.45398576364
-0.949741345872
0.0973537935237
0.342420946329
0.287546648641
-0.154451126893
-0.219442788199
-0.782696114741
0.822721919224
0.734707963193
-0.125149629685
0.220909822261
0.902573706516
1.20973459757
0.0659939853681
0.381760931468
0.451448479971
-0.178582639216
-0.508173322142
0.40049540717
0.44388154581
-0.234173502741
0.547991706701
0.117964643254
-0.983887148804
0.841287047882
-0.52980628501
-0.198774545637
0.737478568758
-0.864536915185
0.128109650623
0.0808843117435
0.985156261581
0.151527263433
-0.657817859552
0.484531465554
-0.767431722549
-0.483587214466
-0.55782721783
-0.216618282824
0.0858925766055
-0.0113770924253
0.741038964509
0.186309340441
1.54915001829
0.110729238593
1.89475244623
-0.604135679346
-0.973883462789
-0.0910613820951
-0.855749218241
-0.512925503052
-0.106144509558
0.347015662855
1.28256224748
1.03989786769
-0.160436558204
0.0925802353138
-0.800580956001
-0.81102312253
-0.844100851865
0.826597719642
0.654021103881
0.0675337533951
-0.642399668975
0.444145703351
-0.623599878319
