4
0
3
2
1
136
-0.54413184513
0.525909009554
0.846966089173
0.621723965528
-0.668900041887
0.454642118528
0.028136345022
0.455132407998
1.14042831114
0.816808975667
-0.440645668846
-0.495826742225
-0.136346676898
0.467277580505
0.546849354302
-0.0523197173376
0.935806313377
1.60213260999
-0.740387705656
0.212221312962
-0.216102813604
-0.460179939791
0.909867784597
-0.156550966869
0.0188969738066
-0.318804218522
0.795411002998
0.423405392225
0.138160432743
-0.458870494351
-0.566347073663
0.803193724862
0.769903040948
2.71526476284
0.687976356388
-0.0478595866913
-0.822547815143
-0.102343231514
-0.230882163432
0.904190426696
0.806636707473
0.603704028453
0.191483119224
0.957530425203
0.92777608197
-0.277446214214
0.155964379216
-0.180552091582
-0.906173277572
-0.384835197427
0.540292809676
-0.747293380949
0.915711302965
0.85905564699
0.68402816393
0.184203229138
0.878360579484
0.365635327823
-0.0784390290231
-0.824041870556
-0.782807041318
-0.89900936269
-0.788586556821
0.0578504168152
-0.981171789622
-0.010023601982
-0.772157911302
0.107554994178
0.507509613591
-0.45398576364
-0.949741345872
0.0973537935237
0.342420946329
0.287546648641
-0.154451126893
-0.488574651288
-0.858064835576
0.463715569161
0.734707963193
-0.125149629685
-0.0480481789778
0.827243927297
0.850948689002
0.0659939853681
0.381760931468
0.451448479971
-0.178582639216
-0.508173322142
0.121630350976
0.44388154581
-0.234173502741
-0.18388957091
0.117964643254
-0.983887148804
0.841287047882
-0.52980628501
-0.198774545637
0.737478568758
-0.882246024981
0.114819152283
0.0808843117435
0.985156261581
0.151527263433
-0.657817859552
0.484531465554
-0.767431722549
-0.483587214466
-0.597724475639
-0.435188311988
0.0755770472337
-0.297262376425
0.741038964509
0.146448150928
1.33074814931
0.100422904422
1.60907073314
-0.604135679346
-0.973883462789
-0.0910613820951
-0.855749218241
-0.512925503052
-0.369720067874
0.260689021595
1.19625000622
0.470394319553
-0.160436558204
0.0925802353138
-0.800580956001
-0.81102312253
-0.844100851865
0.826597719642
0.622881132786
0.0675337533951
-0.647729076972
0.444145703351
-0.623599878319
