4
0
3
2
1
136
-0.542965500694
0.575155553467
0.849293182448
0.667897824178
-0.668900041887
0.455808259116
0.0773768649731
0.457459369534
1.18659656264
0.816808975667
-0.440645668846
-0.495826742225
-0.136346676898
0.467277580505
0.738603221685
-0.0422619489872
0.945863881216
2.24499998501
-0.740387705656
0.212221312962
-0.216102813604
-0.460179939791
0.909867784597
-0.156550966869
0.0483994540103
-0.25873368308
0.795491810291
0.509110693474
0.223853236463
-0.373190184388
-0.566347073663
0.803193724862
0.769903040948
3.27165631273
0.687976356388
-0.00722843477606
-0.822547815143
-0.102343231514
-0.145214343457
0.98984576045
0.892279558773
0.603704028453
0.405328531339
1.02130391733
1.35394224129
-0.277446214214
0.155964379216
0.0331562744686
-0.842409069416
0.0410936683772
0.540292809676
-0.747293380949
0.915711302965
0.85905564699
0.68402816393
0.353399046481
0.878360579484
0.365635327823
0.944490605005
-0.824041870556
-0.782807041318
-0.89900936269
-0.788586556821
0.0578504168152
-0.981171789622
0.0475644407545
-0.689611497606
0.107554994178
0.507509613591
-0.45398576364
-0.949741345872
0.0973537935237
0.342420946329
0.287546648641
-0.154451126893
-0.224190239922
-0.784228063807
0.816425935637
0.734707963193
-0.125149629685
0.216164212288
0.901042139426
1.20344097937
0.0659939853681
0.381760931468
0.451448479971
-0.178582639216
-0.508173322142
0.395291588055
0.44388154581
-0.234173502741
0.530427131107
0.117964643254
-0.983887148804
0.841287047882
-0.52980628501
-0.198774545637
0.737478568758
-0.864913177131
0.127873008722
0.0808843117435
0.985156261581
0.151527263433
-0.657817859552
0.484531465554
-0.767431722549
-0.483587214466
-0.558423575873
-0.220334000004
0.0857326336213
-0.0163683218334
0.741038964509
0.185713213834
1.54543552478
0.110569360552
1.88976278472
-0.604135679346
-0.973883462789
-0.0910613820951
-0.855749218241
-0.512925503052
-0.110808413325
0.345718557201
1.28126522007
1.02661676811
-0.160436558204
0.0925802353138
-0.800580956001
-0.81102312253
-0.844100851865
0.826597719642
0.653403673949
0.0675337533951
-0.642473731147
0.444145703351
-0.623599878319
