4
0
3
2
1
136
-0.542920336177
0.577197639285
0.84939470502
0.66975737854
-0.668900041887
0.455853420366
0.0794188456583
0.457560889945
1.18845602416
0.816808975667
-0.440645668846
-0.495826742225
-0.136346676898
0.467277580505
0.746570215428
-0.0418514629033
0.946274363865
2.27421423254
-0.740387705656
0.212221312962
-0.216102813604
-0.460179939791
0.909867784597
-0.156550966869
0.0496097001616
-0.256078216942
0.79549480618
0.513295300394
0.228037499042
-0.369006266094
-0.566347073663
0.803193724862
0.769903040948
3.29666859202
0.687976356388
-0.00559948197854
-0.822547815143
-0.102343231514
-0.141030769393
0.99402899034
0.896462444544
0.603704028453
0.413319369799
1.02508915372
1.37069614715
-0.277446214214
0.155964379216
0.0411441301857
-0.838624167423
0.0578419018508
0.540292809676
-0.747293380949
0.915711302965
0.85905564699
0.68402816393
0.359373204454
0.878360579484
0.365635327823
1.00154869553
-0.824041870556
-0.782807041318
-0.89900936269
-0.788586556821
0.0578504168152
-0.981171789622
0.0494491708579
-0.684239822179
0.107554994178
0.507509613591
-0.45398576364
-0.949741345872
0.0973537935237
0.342420946329
0.287546648641
-0.154451126893
-0.213342246703
-0.780707050601
0.83080226468
0.734707963193
-0.125149629685
0.227008077435
0.904562297903
1.21781200377
0.0659939853681
0.381760931468
0.451448479971
-0.178582639216
-0.508173322142
0.407207195515
0.44388154581
-0.234173502741
0.570969699295
0.117964643254
-0.983887148804
0.841287047882
-0.52980628501
-0.198774545637
0.737478568758
-0.864050143655
0.128413357007
0.0808843117435
0.985156261581
0.151527263433
-0.657817859552
0.484531465554
-0.767431722549
-0.483587214466
-0.557063233024
-0.211832669898
0.0860975820894
-0.00494282098385
0.741038964509
0.18707303858
1.55393410926
0.110934163506
1.90118476377
-0.604135679346
-0.973883462789
-0.0910613820951
-0.855749218241
-0.512925503052
-0.100128765519
0.348678355439
1.28422484355
1.05728100345
-0.160436558204
0.0925802353138
-0.800580956001
-0.81102312253
-0.844100851865
0.826597719642
0.654820831517
0.0675337533951
-0.642305063833
0.444145703351
-0.623599878319
