4
0
3
2
1
136
-0.543288614983
0.56085569415
0.848594267131
0.654758124136
-0.668900041887
0.455485175313
0.0630779641703
0.456760474239
1.17345772129
0.816808975667
-0.440645668846
-0.495826742225
-0.136346676898
0.467277580505
0.68280805947
-0.0451504223318
0.942975439346
2.04613881083
-0.740387705656
0.212221312962
-0.216102813604
-0.460179939791
0.909867784597
-0.156550966869
0.0398871580959
-0.276975801812
0.795470076153
0.481161354962
0.195906698175
-0.401133923005
-0.566347073663
0.803193724862
0.769903040948
3.1008923485
0.687976356388
-0.018756974649
-0.822547815143
-0.102343231514
-0.173155282955
0.961907619519
0.864344215856
0.603704028453
0.344949932799
0.99733880046
1.22920996827
-0.277446214214
0.155964379216
-0.0271926972557
-0.866371526643
-0.0835843766189
0.540292809676
-0.747293380949
0.915711302965
0.85905564699
0.68402816393
0.307303076374
0.878360579484
0.365635327823
0.577563438637
-0.824041870556
-0.782807041318
-0.89900936269
-0.788586556821
0.0578504168152
-0.981171789622
0.0326239443055
-0.72229460997
0.107554994178
0.507509613591
-0.45398576364
-0.949741345872
0.0973537935237
0.342420946329
0.287546648641
-0.154451126893
-0.302774930297
-0.807971779402
0.711640935531
0.734707963193
-0.125149629685
0.137618177387
0.877306668566
1.0987052082
0.0659939853681
0.381760931468
0.451448479971
-0.178582639216
-0.508173322142
0.311261404132
0.44388154581
-0.234173502741
0.273545116956
0.117964643254
-0.983887148804
0.841287047882
-0.52980628501
-0.198774545637
0.737478568758
-0.870791819496
0.123942797855
0.0808843117435
0.985156261581
0.151527263433
-0.657817859552
0.484531465554
-0.767431722549
-0.483587214466
-0.568568006481
-0.281065969796
0.0830276271514
-0.0973536063835
0.741038964509
0.175573865385
1.48472954471
0.107865757718
1.80881028002
-0.604135679346
-0.973883462789
-0.0910613820951
-0.855749218241
-0.512925503052
-0.186155097502
0.323737064183
1.25928550952
0.832706680385
-0.160436558204
0.0925802353138
-0.800580956001
-0.81102312253
-0.844100851865
0.826597719642
0.64374963826
0.0675337533951
-0.643761562207
0.444145703351
-0.623599878319
