4
0
3
2
1
136
-0.542841600939
0.580783759751
0.849574063635
0.673012972097
-0.668900041887
0.455932150394
0.0830047972692
0.457740245107
1.19171146925
0.816808975667
-0.440645668846
-0.495826742225
-0.136346676898
0.467277580505
0.76055887363
-0.0411317896913
0.946994031568
2.32601111037
-0.740387705656
0.212221312962
-0.216102813604
-0.460179939791
0.909867784597
-0.156550966869
0.0517314562007
-0.251385067318
0.795500003733
0.520757428477
0.235499054545
-0.361545283085
-0.566347073663
0.803193724862
0.769903040948
3.34097485269
0.687976356388
-0.00274923351851
-0.822547815143
-0.102343231514
-0.133570358791
1.00148882862
0.90392171059
0.603704028453
0.426929756093
1.03194107917
1.39933310374
-0.277446214214
0.155964379216
0.054749937293
-0.83177279889
0.086470046307
0.540292809676
-0.747293380949
0.915711302965
0.85905564699
0.68402816393
0.36947203151
0.878360579484
0.365635327823
1.10456313869
-0.824041870556
-0.782807041318
-0.89900936269
-0.788586556821
0.0578504168152
-0.981171789622
0.052607397202
-0.674354173643
0.107554994178
0.507509613591
-0.45398576364
-0.949741345872
0.0973537935237
0.342420946329
0.287546648641
-0.154451126893
-0.194566567939
-0.774429523683
0.85558724084
0.734707963193
-0.125149629685
0.245777273647
0.910838492678
1.24258862889
0.0659939853681
0.381760931468
0.451448479971
-0.178582639216
-0.508173322142
0.428047388501
0.44388154581
-0.234173502741
0.644735646634
0.117964643254
-0.983887148804
0.841287047882
-0.52980628501
-0.198774545637
0.737478568758
-0.86252997086
0.129344683446
0.0808843117435
0.985156261581
0.151527263433
-0.657817859552
0.484531465554
-0.767431722549
-0.483587214466
-0.55472808325
-0.197023396263
0.0867248177558
0.0150094850094
0.741038964509
0.189407378132
1.56873904054
0.111561170681
1.92113147016
-0.604135679346
-0.973883462789
-0.0910613820951
-0.855749218241
-0.512925503052
-0.0814498857434
0.353767788296
1.28931400618
1.11315985794
-0.160436558204
0.0925802353138
-0.800580956001
-0.81102312253
-0.844100851865
0.826597719642
0.657327706414
0.0675337533951
-0.642017831044
0.444145703351
-0.623599878319
