4
0
3
2
1
136
-0.544682596447
0.504762149192
0.846027276834
0.601036688808
-0.668900041887
0.454091607644
0.0069960118622
0.454193748389
1.11974744444
0.816808975667
-0.440645668846
-0.495826742225
-0.136346676898
0.467277580505
0.465345879785
-0.0567428667725
0.931383385665
1.36202657103
-0.740387705656
0.212221312962
-0.216102813604
-0.460179939791
0.909867784597
-0.156550966869
0.006173637831
-0.342054900786
0.795370728888
0.395921869859
0.110684255725
-0.486339329667
-0.566347073663
0.803193724862
0.769903040948
2.50326858543
0.687976356388
-0.066143060987
-0.822547815143
-0.102343231514
-0.258343660692
0.876736263851
0.779189875404
0.603704028453
0.122902081253
0.944004429972
0.797428554343
-0.277446214214
0.155964379216
-0.249092160598
-0.919696957094
-0.51511301406
0.540292809676
-0.747293380949
0.915711302965
0.85905564699
0.68402816393
0.127099881303
0.878360579484
0.365635327823
-0.318152498532
-0.824041870556
-0.782807041318
-0.89900936269
-0.788586556821
0.0578504168152
-0.981171789622
-0.0305552934881
-0.787881619481
0.107554994178
0.507509613591
-0.45398576364
-0.949741345872
0.0973537935237
0.342420946329
0.287546648641
-0.154451126893
-0.570393773425
-0.879131611752
0.354200672763
0.734707963193
-0.125149629685
-0.129812644952
0.806189607428
0.741505608447
0.0659939853681
0.381760931468
0.451448479971
-0.178582639216
-0.508173322142
0.0393458983098
0.44388154581
-0.234173502741
-0.355771097546
0.117964643254
-0.983887148804
0.841287047882
-0.52980628501
-0.198774545637
0.737478568758
-0.886575672292
0.110873512317
0.0808843117435
0.985156261581
0.151527263433
-0.657817859552
0.484531465554
-0.767431722549
-0.483587214466
-0.617762399245
-0.528620378147
0.070904214441
-0.414398588669
0.741038964509
0.126449061544
1.237477012
0.0957583854336
1.4921203302
-0.604135679346
-0.973883462789
-0.0910613820951
-0.855749218241
-0.512925503052
-0.476136874418
0.216585106416
1.15216502607
0.301460952154
-0.160436558204
0.0925802353138
-0.800580956001
-0.81102312253
-0.844100851865
0.826597719642
0.612499756371
0.0675337533951
-0.650642147173
0.444145703351
-0.623599878319
