4
0
3
2
1
136
-0.542941148708
0.576255263964
0.849347799982
0.6688997522
-0.668900041887
0.455832609314
0.0784765180063
0.457513985886
1.18759843988
0.816808975667
-0.440645668846
-0.495826742225
-0.136346676898
0.467277580505
0.742893727365
-0.0420408316356
0.946084996687
2.26070719271
-0.740387705656
0.212221312962
-0.216102813604
-0.460179939791
0.909867784597
-0.156550966869
0.0490513790012
-0.257305193646
0.795493426929
0.511358331789
0.226100687673
-0.370942920253
-0.566347073663
0.803193724862
0.769903040948
3.28510642692
0.687976356388
-0.00635067205574
-0.822547815143
-0.102343231514
-0.142967266367
0.992092650526
0.894526261865
0.603704028453
0.409653241576
1.02333160813
1.36300368939
-0.277446214214
0.155964379216
0.0374793430742
-0.840381560244
0.0501520007389
0.540292809676
-0.747293380949
0.915711302965
0.85905564699
0.68402816393
0.356636335756
0.878360579484
0.365635327823
0.97507290292
-0.824041870556
-0.782807041318
-0.89900936269
-0.788586556821
0.0578504168152
-0.981171789622
0.0485872516742
-0.686741681279
0.107554994178
0.507509613591
-0.45398576364
-0.949741345872
0.0973537935237
0.342420946329
0.287546648641
-0.154451126893
-0.218334605421
-0.782336533159
0.824190611142
0.734707963193
-0.125149629685
0.222017583031
0.902933200719
1.21120274721
0.0659939853681
0.381760931468
0.451448479971
-0.178582639216
-0.508173322142
0.401712531673
0.44388154581
-0.234173502741
0.552131292747
0.117964643254
-0.983887148804
0.841287047882
-0.52980628501
-0.198774545637
0.737478568758
-0.864448762711
0.128164853351
0.0808843117435
0.985156261581
0.151527263433
-0.657817859552
0.484531465554
-0.767431722549
-0.483587214466
-0.557688242775
-0.215749879944
0.0859298602354
-0.0102100118369
0.741038964509
0.186448262533
1.55001814052
0.110766507348
1.89591916683
-0.604135679346
-0.973883462789
-0.0910613820951
-0.855749218241
-0.512925503052
-0.105053630301
0.347318036268
1.28286460303
1.04302876427
-0.160436558204
0.0925802353138
-0.800580956001
-0.81102312253
-0.844100851865
0.826597719642
0.654165846041
0.0675337533951
-0.642382436525
0.444145703351
-0.623599878319
