4
0
3
2
1
136
-0.543079747708
0.570037984647
0.849040675429
0.663219363786
-0.668900041887
0.455694021366
0.0722595913805
0.457206868624
1.18191836459
0.816808975667
-0.440645668846
-0.495826742225
-0.136346676898
0.467277580505
0.7186351519
-0.0432928219999
0.94483301787
2.17268354217
-0.740387705656
0.212221312962
-0.216102813604
-0.460179939791
0.909867784597
-0.156550966869
0.0453603572807
-0.2653335998
0.795484185456
0.498833328341
0.213576794213
-0.383465703917
-0.566347073663
0.803193724862
0.769903040948
3.20966463168
0.687976356388
-0.0113296292654
-0.822547815143
-0.102343231514
-0.155488940427
0.979572085876
0.882006806432
0.603704028453
0.384563005493
1.01220713954
1.31064869964
-0.277446214214
0.155964379216
0.012399537623
-0.851504955654
-0.00218342419858
0.540292809676
-0.747293380949
0.915711302965
0.85905564699
0.68402816393
0.33772824761
0.878360579484
0.365635327823
0.806622795081
-0.824041870556
-0.782807041318
-0.89900936269
-0.788586556821
0.0578504168152
-0.981171789622
0.042563276063
-0.702276409728
0.107554994178
0.507509613591
-0.45398576364
-0.949741345872
0.0973537935237
0.342420946329
0.287546648641
-0.154451126893
-0.251837965891
-0.79289838645
0.779652077005
0.734707963193
-0.125149629685
0.188528322664
0.892374296261
1.16668227396
0.0659939853681
0.381760931468
0.451448479971
-0.178582639216
-0.508173322142
0.365301336358
0.44388154581
-0.234173502741
0.433246335833
0.117964643254
-0.983887148804
0.841287047882
-0.52980628501
-0.198774545637
0.737478568758
-0.867058137104
0.12649130865
0.0808843117435
0.985156261581
0.151527263433
-0.657817859552
0.484531465554
-0.767431722549
-0.483587214466
-0.561929958227
-0.241839983239
0.0847939441984
-0.0451766351563
0.741038964509
0.182208334622
1.52393739033
0.10963109071
1.86096446863
-0.604135679346
-0.973883462789
-0.0910613820951
-0.855749218241
-0.512925503052
-0.137681721139
0.33810457293
1.27365175075
0.953223176446
-0.160436558204
0.0925802353138
-0.800580956001
-0.81102312253
-0.844100851865
0.826597719642
0.649890545254
0.0675337533951
-0.642912947481
0.444145703351
-0.623599878319
