4
0
3
2
1
136
-0.542901031601
0.578073806845
0.849438399247
0.670553961966
-0.668900041887
0.455872723609
0.0802949701621
0.45760458329
1.18925256963
0.816808975667
-0.440645668846
-0.495826742225
-0.136346676898
0.467277580505
0.749988241557
-0.0416754921431
0.946450333222
2.28681127991
-0.740387705656
0.212221312962
-0.216102813604
-0.460179939791
0.909867784597
-0.156550966869
0.0501285162717
-0.254935081387
0.795496083503
0.515105168433
0.22984722344
-0.367196685314
-0.566347073663
0.803193724862
0.769903040948
3.30744858016
0.687976356388
-0.00490188693687
-0.822547815143
-0.102343231514
-0.139221332209
0.99583828395
0.898271594603
0.603704028453
0.416694675648
1.02673951914
1.37778679914
-0.277446214214
0.155964379216
0.044518242025
-0.836973941641
0.0649302687423
0.540292809676
-0.747293380949
0.915711302965
0.85905564699
0.68402816393
0.361886827562
0.878360579484
0.365635327823
1.02638680817
-0.824041870556
-0.782807041318
-0.89900936269
-0.788586556821
0.0578504168152
-0.981171789622
0.0502385290453
-0.681878159619
0.107554994178
0.507509613591
-0.45398576364
-0.949741345872
0.0973537935237
0.342420946329
0.287546648641
-0.154451126893
-0.208722139582
-0.779184734881
0.836913495393
0.734707963193
-0.125149629685
0.231626512525
0.906084268877
1.22392108292
0.0659939853681
0.381760931468
0.451448479971
-0.178582639216
-0.508173322142
0.41230923892
0.44388154581
-0.234173502741
0.588685755701
0.117964643254
-0.983887148804
0.841287047882
-0.52980628501
-0.198774545637
0.737478568758
-0.863679105705
0.128643038501
0.0808843117435
0.985156261581
0.151527263433
-0.657817859552
0.484531465554
-0.767431722549
-0.483587214466
-0.556486376228
-0.208200025685
0.0862524466106
-5.43416436109e-05
0.741038964509
0.1876496861
1.55756563781
0.111088969119
1.90607180804
-0.604135679346
-0.973883462789
-0.0910613820951
-0.855749218241
-0.512925503052
-0.095555689281
0.349934555988
1.28548097393
1.07069059069
-0.160436558204
0.0925802353138
-0.800580956001
-0.81102312253
-0.844100851865
0.826597719642
0.655431273626
0.0675337533951
-0.642233836466
0.444145703351
-0.623599878319
