4
0
3
2
1
136
-0.544033200592
0.529831061811
0.847143727406
0.625500402876
-0.668900041887
0.454740732926
0.0320575466251
0.455310026954
1.14420393347
0.816808975667
-0.440645668846
-0.495826742225
-0.136346676898
0.467277580505
0.5620492235
-0.0515067822839
0.936619219814
1.6490109466
-0.740387705656
0.212221312962
-0.216102813604
-0.460179939791
0.909867784597
-0.156550966869
0.0212594459409
-0.314314881218
0.79541808061
0.429118907332
0.143872679392
-0.45315951563
-0.566347073663
0.803193724862
0.769903040948
2.756336694
0.687976356388
-0.0445256403986
-0.822547815143
-0.102343231514
-0.22517245211
0.909898871147
0.812343885583
0.603704028453
0.206929563159
0.960790661932
0.957346680076
-0.277446214214
0.155964379216
-0.165116309274
-0.902913633417
-0.355282508392
0.540292809676
-0.747293380949
0.915711302965
0.85905564699
0.68402816393
0.196910381896
0.878360579484
0.365635327823
-0.0218199207926
-0.824041870556
-0.782807041318
-0.89900936269
-0.788586556821
0.0578504168152
-0.981171789622
-0.00549312748208
-0.768276264893
0.107554994178
0.507509613591
-0.45398576364
-0.949741345872
0.0973537935237
0.342420946329
0.287546648641
-0.154451126893
-0.470199577982
-0.853282931383
0.488229659217
0.734707963193
-0.125149629685
-0.0296867297679
0.832022692164
0.875445288156
0.0659939853681
0.381760931468
0.451448479971
-0.178582639216
-0.508173322142
0.140129795452
0.44388154581
-0.234173502741
-0.143823057169
0.117964643254
-0.983887148804
0.841287047882
-0.52980628501
-0.198774545637
0.737478568758
-0.881231517849
0.11570837573
0.0808843117435
0.985156261581
0.151527263433
-0.657817859552
0.484531465554
-0.767431722549
-0.483587214466
-0.594168678163
-0.417697341699
0.0764495934672
-0.275000754659
0.741038964509
0.149998652361
1.34821605049
0.10129420268
1.63130524664
-0.604135679346
-0.973883462789
-0.0910613820951
-0.855749218241
-0.512925503052
-0.349421938459
0.26841900291
1.20397765385
0.505217628142
-0.160436558204
0.0925802353138
-0.800580956001
-0.81102312253
-0.844100851865
0.826597719642
0.625001052654
0.0675337533951
-0.647226202636
0.444145703351
-0.623599878319
