4
0
3
2
1
136
-0.544045427731
0.529342626961
0.84712154051
0.625031094698
-0.668900041887
0.454728509347
0.0315692127228
0.455287842337
1.14373472172
0.816808975667
-0.440645668846
-0.495826742225
-0.136346676898
0.467277580505
0.560155162776
-0.0516079008158
0.936518104675
1.64313251828
-0.740387705656
0.212221312962
-0.216102813604
-0.460179939791
0.909867784597
-0.156550966869
0.0209652550203
-0.314876896459
0.795417205643
0.428396723388
0.143150651341
-0.45388138785
-0.566347073663
0.803193724862
0.769903040948
2.75119165546
0.687976356388
-0.0449398798516
-0.822547815143
-0.102343231514
-0.225894168563
0.909177310398
0.811622480474
0.603704028453
0.204963260512
0.96036995685
0.953576190144
-0.277446214214
0.155964379216
-0.167081232489
-0.903334261723
-0.359050683254
0.540292809676
-0.747293380949
0.915711302965
0.85905564699
0.68402816393
0.195296224397
0.878360579484
0.365635327823
-0.0290976907657
-0.824041870556
-0.782807041318
-0.89900936269
-0.788586556821
0.0578504168152
-0.981171789622
-0.00606755209008
-0.768779201383
0.107554994178
0.507509613591
-0.45398576364
-0.949741345872
0.0973537935237
0.342420946329
0.287546648641
-0.154451126893
-0.472538949645
-0.853892963984
0.485109624994
0.734707963193
-0.125149629685
-0.032024349444
0.831413063548
0.872327496764
0.0659939853681
0.381760931468
0.451448479971
-0.178582639216
-0.508173322142
0.137773434374
0.44388154581
-0.234173502741
-0.148962939945
0.117964643254
-0.983887148804
0.841287047882
-0.52980628501
-0.198774545637
0.737478568758
-0.88136173867
0.11559505927
0.0808843117435
0.985156261581
0.151527263433
-0.657817859552
0.484531465554
-0.767431722549
-0.483587214466
-0.594608043512
-0.419875425081
0.0763411354729
-0.277778843401
0.741038964509
0.14955991591
1.34604072574
0.101185894516
1.62853040812
-0.604135679346
-0.973883462789
-0.0910613820951
-0.855749218241
-0.512925503052
-0.351956600497
0.267465010013
1.20302393467
0.500814776735
-0.160436558204
0.0925802353138
-0.800580956001
-0.81102312253
-0.844100851865
0.826597719642
0.624733813725
0.0675337533951
-0.647288080087
0.444145703351
-0.623599878319
