4
0
3
2
1
136
-0.5431169913
0.568384384819
0.848959660412
0.661701997528
-0.668900041887
0.455656781129
0.0706060975302
0.457125855813
1.180401093
0.816808975667
-0.440645668846
-0.495826742225
-0.136346676898
0.467277580505
0.712182727297
-0.0436265908816
0.944499252465
2.1495902714
-0.740387705656
0.212221312962
-0.216102813604
-0.460179939791
0.909867784597
-0.156550966869
0.0443765573889
-0.267449275595
0.79548168554
0.495577327569
0.210321110314
-0.386721071005
-0.566347073663
0.803193724862
0.769903040948
3.18984393235
0.687976356388
-0.012660644299
-0.822547815143
-0.102343231514
-0.158743990765
0.976317352229
0.878752389415
0.603704028453
0.377637803376
1.00939002348
1.29629749983
-0.277446214214
0.155964379216
0.00547760004482
-0.854321768039
-0.0165286027199
0.540292809676
-0.747293380949
0.915711302965
0.85905564699
0.68402816393
0.332457642102
0.878360579484
0.365635327823
0.763638941752
-0.824041870556
-0.782807041318
-0.89900936269
-0.788586556821
0.0578504168152
-0.981171789622
0.0408628209506
-0.706131960623
0.107554994178
0.507509613591
-0.45398576364
-0.949741345872
0.0973537935237
0.342420946329
0.287546648641
-0.154451126893
-0.260900254865
-0.795656750222
0.767568567242
0.734707963193
-0.125149629685
0.179470331528
0.889616843169
1.15460424697
0.0659939853681
0.381760931468
0.451448479971
-0.178582639216
-0.508173322142
0.355580114155
0.44388154581
-0.234173502741
0.403138713489
0.117964643254
-0.983887148804
0.841287047882
-0.52980628501
-0.198774545637
0.737478568758
-0.867743395196
0.126037680576
0.0808843117435
0.985156261581
0.151527263433
-0.657817859552
0.484531465554
-0.767431722549
-0.483587214466
-0.563092596223
-0.2488466128
0.0844834526285
-0.0545321515811
0.741038964509
0.181046251393
1.51693361887
0.109320753037
1.8516125694
-0.604135679346
-0.973883462789
-0.0910613820951
-0.855749218241
-0.512925503052
-0.146392007313
0.335584209097
1.27113157975
0.930506695656
-0.160436558204
0.0925802353138
-0.800580956001
-0.81102312253
-0.844100851865
0.826597719642
0.648768314629
0.0675337533951
-0.64305998047
0.444145703351
-0.623599878319
