4
0
3
2
1
136
-0.542896723047
0.578269630077
0.849448176076
0.670731894379
-0.668900041887
0.45587703187
0.0804907839354
0.457614359926
1.18943049373
0.816808975667
-0.440645668846
-0.495826742225
-0.136346676898
0.467277580505
0.750752145989
-0.041636175032
0.946489650025
2.28963185009
-0.740387705656
0.212221312962
-0.216102813604
-0.460179939791
0.909867784597
-0.156550966869
0.0502444343941
-0.254679280356
0.795496368324
0.515510853371
0.230252876608
-0.366791063911
-0.566347073663
0.803193724862
0.769903040948
3.30986187893
0.687976356388
-0.00474608240332
-0.822547815143
-0.102343231514
-0.138815742567
0.996243841837
0.89867712074
0.603704028453
0.417444654509
1.02711050102
1.37936336598
-0.277446214214
0.155964379216
0.0452679608537
-0.83660299066
0.0665063367809
0.540292809676
-0.747293380949
0.915711302965
0.85905564699
0.68402816393
0.362444535346
0.878360579484
0.365635327823
1.03196739487
-0.824041870556
-0.782807041318
-0.89900936269
-0.788586556821
0.0578504168152
-0.981171789622
0.0504133740672
-0.68134561705
0.107554994178
0.507509613591
-0.45398576364
-0.949741345872
0.0973537935237
0.342420946329
0.287546648641
-0.154451126893
-0.207692412088
-0.778843513816
0.838274532876
0.734707963193
-0.125149629685
0.232655874277
0.90642541464
1.22528164955
0.0659939853681
0.381760931468
0.451448479971
-0.178582639216
-0.508173322142
0.413448654948
0.44388154581
-0.234173502741
0.592672059698
0.117964643254
-0.983887148804
0.841287047882
-0.52980628501
-0.198774545637
0.737478568758
-0.863596133106
0.128694188332
0.0808843117435
0.985156261581
0.151527263433
-0.657817859552
0.484531465554
-0.767431722549
-0.483587214466
-0.556358008057
-0.207389381725
0.0862869166365
0.00103706067709
0.741038964509
0.187778008528
1.55837603738
0.111123426259
1.90716289568
-0.604135679346
-0.973883462789
-0.0910613820951
-0.855749218241
-0.512925503052
-0.0945344010828
0.350214190263
1.2857605929
1.0737087842
-0.160436558204
0.0925802353138
-0.800580956001
-0.81102312253
-0.844100851865
0.826597719642
0.655567895467
0.0675337533951
-0.642218010355
0.444145703351
-0.623599878319
