4
0
3
2
1
136
-0.544280502794
0.520077187894
0.846704087517
0.616074544076
-0.668900041887
0.454493512877
0.0223059710142
0.45487043952
1.13478028901
0.816808975667
-0.440645668846
-0.495826742225
-0.136346676898
0.467277580505
0.52429034138
-0.0535326608167
0.934593418763
1.5337940624
-0.740387705656
0.212221312962
-0.216102813604
-0.460179939791
0.909867784597
-0.156550966869
0.0153842530796
-0.325378952847
0.795400257457
0.415269855067
0.130026846395
-0.467002130762
-0.566347073663
0.803193724862
0.769903040948
2.65521261363
0.687976356388
-0.0528495583691
-0.822547815143
-0.102343231514
-0.239011850781
0.896062687536
0.798510915628
0.603704028453
0.17004732995
0.953157228439
0.886899798107
-0.277446214214
0.155964379216
-0.20197385594
-0.910545693744
-0.425687829023
0.540292809676
-0.747293380949
0.915711302965
0.85905564699
0.68402816393
0.166470002648
0.878360579484
0.365635327823
-0.155147772082
-0.824041870556
-0.782807041318
-0.89900936269
-0.788586556821
0.0578504168152
-0.981171789622
-0.0163742869774
-0.777307875316
0.107554994178
0.507509613591
-0.45398576364
-0.949741345872
0.0973537935237
0.342420946329
0.287546648641
-0.154451126893
-0.514086327586
-0.864670046764
0.429643914532
0.734707963193
-0.125149629685
-0.0735416045455
0.820642907666
0.816900674896
0.0659939853681
0.381760931468
0.451448479971
-0.178582639216
-0.508173322142
0.0959701042307
0.44388154581
-0.234173502741
-0.238480668561
0.117964643254
-0.983887148804
0.841287047882
-0.52980628501
-0.198774545637
0.737478568758
-0.88362554984
0.113587208032
0.0808843117435
0.985156261581
0.151527263433
-0.657817859552
0.484531465554
-0.767431722549
-0.483587214466
-0.603121422335
-0.46116833832
0.0742763676978
-0.330129507626
0.741038964509
0.141060156649
1.30480637123
0.0991242664228
1.57624822808
-0.604135679346
-0.973883462789
-0.0910613820951
-0.855749218241
-0.512925503052
-0.399638655392
0.248910345418
1.18447541784
0.42075814297
-0.160436558204
0.0925802353138
-0.800580956001
-0.81102312253
-0.844100851865
0.826597719642
0.619839799061
0.0675337533951
-0.648501117872
0.444145703351
-0.623599878319
