4
0
3
2
1
136
-0.543121793609
0.568171684403
0.848949259702
0.661506618775
-0.668900041887
0.455651979265
0.0703934111433
0.457115455396
1.18020572679
0.816808975667
-0.440645668846
-0.495826742225
-0.136346676898
0.467277580505
0.71135276199
-0.0436695471202
0.944456296687
2.14662951949
-0.740387705656
0.212221312962
-0.216102813604
-0.460179939791
0.909867784597
-0.156550966869
0.0442499510189
-0.267720808579
0.795481362686
0.495160834142
0.209904658315
-0.387137481583
-0.566347073663
0.803193724862
0.769903040948
3.18730185183
0.687976356388
-0.012832058671
-0.822547815143
-0.102343231514
-0.15916035993
0.975901024469
0.878336103053
0.603704028453
0.376739783233
1.00903206747
1.29443991072
-0.277446214214
0.155964379216
0.00458001532812
-0.854679684469
-0.0183853919658
0.540292809676
-0.747293380949
0.915711302965
0.85905564699
0.68402816393
0.331772616508
0.878360579484
0.365635327823
0.758165358703
-0.824041870556
-0.782807041318
-0.89900936269
-0.788586556821
0.0578504168152
-0.981171789622
0.0406411404255
-0.706619696914
0.107554994178
0.507509613591
-0.45398576364
-0.949741345872
0.0973537935237
0.342420946329
0.287546648641
-0.154451126893
-0.26207005678
-0.796010107991
0.766007997675
0.734707963193
-0.125149629685
0.178301099514
0.889263606559
1.15304440371
0.0659939853681
0.381760931468
0.451448479971
-0.178582639216
-0.508173322142
0.354328904729
0.44388154581
-0.234173502741
0.399310359403
0.117964643254
-0.983887148804
0.841287047882
-0.52980628501
-0.198774545637
0.737478568758
-0.867831195591
0.12597911531
0.0808843117435
0.985156261581
0.151527263433
-0.657817859552
0.484531465554
-0.767431722549
-0.483587214466
-0.563243193357
-0.249749801757
0.0844432656064
-0.0557370211579
0.741038964509
0.180895728258
1.51603080972
0.109280586504
1.85040817965
-0.604135679346
-0.973883462789
-0.0910613820951
-0.855749218241
-0.512925503052
-0.147513179087
0.335257884499
1.27080528098
0.927618559749
-0.160436558204
0.0925802353138
-0.800580956001
-0.81102312253
-0.844100851865
0.826597719642
0.648624454451
0.0675337533951
-0.643079076083
0.444145703351
-0.623599878319
