4
0
3
2
1
136
-0.543387017137
0.556605406796
0.848390428205
0.650811937985
-0.668900041887
0.455386785405
0.0588280529745
0.456556643301
1.16951187694
0.816808975667
-0.440645668846
-0.495826742225
-0.136346676898
0.467277580505
0.666229829522
-0.0460137948681
0.942112079227
1.98895943214
-0.740387705656
0.212221312962
-0.216102813604
-0.460179939791
0.909867784597
-0.156550966869
0.0373458985419
-0.282276099192
0.795463354434
0.473323599999
0.188069910344
-0.408969743934
-0.566347073663
0.803193724862
0.769903040948
3.05160472007
0.687976356388
-0.0222251902894
-0.822547815143
-0.102343231514
-0.180990137215
0.954073731696
0.856511294239
0.603704028453
0.325829512346
0.991101404759
1.19048832832
-0.277446214214
0.155964379216
-0.0463013263477
-0.872608051757
-0.12228520144
0.540292809676
-0.747293380949
0.915711302965
0.85905564699
0.68402816393
0.292392199595
0.878360579484
0.365635327823
0.479473901782
-0.824041870556
-0.782807041318
-0.89900936269
-0.788586556821
0.0578504168152
-0.981171789622
0.0276483960966
-0.73045980032
0.107554994178
0.507509613591
-0.45398576364
-0.949741345872
0.0973537935237
0.342420946329
0.287546648641
-0.154451126893
-0.326691536892
-0.814750039706
0.679678556344
0.734707963193
-0.125149629685
0.113716298875
0.870531648631
1.06676143523
0.0659939853681
0.381760931468
0.451448479971
-0.178582639216
-0.508173322142
0.286326777668
0.44388154581
-0.234173502741
0.205529602026
0.117964643254
-0.983887148804
0.841287047882
-0.52980628501
-0.198774545637
0.737478568758
-0.872446111089
0.122750363269
0.0808843117435
0.985156261581
0.151527263433
-0.657817859552
0.484531465554
-0.767431722549
-0.483587214466
-0.571790043836
-0.299462818688
0.0821768850141
-0.121652301957
0.741038964509
0.172353950786
1.46634317446
0.107015589707
1.78452457974
-0.604135679346
-0.973883462789
-0.0910613820951
-0.855749218241
-0.512925503052
-0.208642681659
0.316778281521
1.25232750272
0.781224852235
-0.160436558204
0.0925802353138
-0.800580956001
-0.81102312253
-0.844100851865
0.826597719642
0.640988418191
0.0675337533951
-0.644181287898
0.444145703351
-0.623599878319
