4
0
3
2
1
136
-0.545020093135
0.492403616929
0.845491636148
0.588676884309
-0.668900041887
0.453754336963
-0.00535666969838
0.453658250303
1.10739356348
0.816808975667
-0.440645668846
-0.495826742225
-0.136346676898
0.467277580505
0.418183506276
-0.0593614949243
0.928764958806
1.23139737512
-0.740387705656
0.212221312962
-0.216102813604
-0.460179939791
0.909867784597
-0.156550966869
-0.00122272739939
-0.354864317353
0.795345444814
0.38235847273
0.0971253501286
-0.4998937464
-0.566347073663
0.803193724862
0.769903040948
2.38667912287
0.687976356388
-0.0770753713678
-0.822547815143
-0.102343231514
-0.271893591228
0.863190816847
0.765648909269
0.603704028453
0.0938402239457
0.93858516468
0.742419504086
-0.277446214214
0.155964379216
-0.278140352303
-0.92511540333
-0.57009816007
0.540292809676
-0.747293380949
0.915711302965
0.85905564699
0.68402816393
0.102607277252
0.878360579484
0.365635327823
-0.41592030212
-0.824041870556
-0.782807041318
-0.89900936269
-0.788586556821
0.0578504168152
-0.981171789622
-0.0394101057543
-0.794018518177
0.107554994178
0.507509613591
-0.45398576364
-0.949741345872
0.0973537935237
0.342420946329
0.287546648641
-0.154451126893
-0.605315800926
-0.888032534107
0.3071758591
0.734707963193
-0.125149629685
-0.164715353058
0.797292986199
0.69450716569
0.0659939853681
0.381760931468
0.451448479971
-0.178582639216
-0.508173322142
0.0041793612662
0.44388154581
-0.234173502741
-0.426993095401
0.117964643254
-0.983887148804
0.841287047882
-0.52980628501
-0.198774545637
0.737478568758
-0.888357247989
0.10919020036
0.0808843117435
0.985156261581
0.151527263433
-0.657817859552
0.484531465554
-0.767431722549
-0.483587214466
-0.629756231806
-0.581157168652
0.0683218270763
-0.479057274082
0.741038964509
0.114485325209
1.18505890818
0.093181626132
1.42759635013
-0.604135679346
-0.973883462789
-0.0910613820951
-0.855749218241
-0.512925503052
-0.534700886399
0.189573374881
1.12517000813
0.215926858607
-0.160436558204
0.0925802353138
-0.800580956001
-0.81102312253
-0.844100851865
0.826597719642
0.607278037519
0.0675337533951
-0.652436115586
0.444145703351
-0.623599878319
