4
0
3
2
1
136
-0.542844762497
0.580639115631
0.849566802565
0.672881904405
-0.668900041887
0.455928989034
0.0828601595932
0.457732984168
1.1915804072
0.816808975667
-0.440645668846
-0.495826742225
-0.136346676898
0.467277580505
0.759994715418
-0.0411607882595
0.946965033209
2.3239097401
-0.740387705656
0.212221312962
-0.216102813604
-0.460179939791
0.909867784597
-0.156550966869
0.0516459664019
-0.251575095456
0.795499795649
0.520453672207
0.23519532059
-0.361848994728
-0.566347073663
0.803193724862
0.769903040948
3.33917834023
0.687976356388
-0.00286394195337
-0.822547815143
-0.102343231514
-0.133874048125
1.00118516159
0.903618065864
0.603704028453
0.426391307
1.03165981411
1.39819803217
-0.277446214214
0.155964379216
0.0542116575687
-0.832054042239
0.0853353030847
0.540292809676
-0.747293380949
0.915711302965
0.85905564699
0.68402816393
0.369074401368
0.878360579484
0.365635327823
1.10033894505
-0.824041870556
-0.782807041318
-0.89900936269
-0.788586556821
0.0578504168152
-0.981171789622
0.0524837076853
-0.674764213415
0.107554994178
0.507509613591
-0.45398576364
-0.949741345872
0.0973537935237
0.342420946329
0.287546648641
-0.154451126893
-0.195316920762
-0.774685181893
0.85459948087
0.734707963193
-0.125149629685
0.245027164194
0.910582884269
1.24160118288
0.0659939853681
0.381760931468
0.451448479971
-0.178582639216
-0.508173322142
0.427209030459
0.44388154581
-0.234173502741
0.641695253507
0.117964643254
-0.983887148804
0.841287047882
-0.52980628501
-0.198774545637
0.737478568758
-0.862591333829
0.129307579173
0.0808843117435
0.985156261581
0.151527263433
-0.657817859552
0.484531465554
-0.767431722549
-0.483587214466
-0.554820942555
-0.197617640657
0.0866998595333
0.0142076869837
0.741038964509
0.189314549204
1.56814496011
0.111536221046
1.92032988428
-0.604135679346
-0.973883462789
-0.0910613820951
-0.855749218241
-0.512925503052
-0.0822012167796
0.353565180654
1.2891114086
1.11085434
-0.160436558204
0.0925802353138
-0.800580956001
-0.81102312253
-0.844100851865
0.826597719642
0.657226183616
0.0675337533951
-0.642029197095
0.444145703351
-0.623599878319
