4
0
3
2
1
136
-0.542916783391
0.577358737963
0.84940273284
0.669903901293
-0.668900041887
0.455856972904
0.0795799363284
0.457568917601
1.18860253986
0.816808975667
-0.440645668846
-0.495826742225
-0.136346676898
0.467277580505
0.747198691624
-0.0418191008498
0.946306725658
2.2765276024
-0.740387705656
0.212221312962
-0.216102813604
-0.460179939791
0.909867784597
-0.156550966869
0.049705113853
-0.255868202098
0.795495041401
0.51362742779
0.228369599844
-0.368674191882
-0.566347073663
0.803193724862
0.769903040948
3.29864850082
0.687976356388
-0.00547115778088
-0.822547815143
-0.102343231514
-0.140698721767
0.994361011384
0.89679443901
0.603704028453
0.413942389166
1.02539143022
1.37200435663
-0.277446214214
0.155964379216
0.0417669262313
-0.838321916767
0.05914968459
0.540292809676
-0.747293380949
0.915711302965
0.85905564699
0.68402816393
0.359837618855
0.878360579484
0.365635327823
1.0060995432
-0.824041870556
-0.782807041318
-0.89900936269
-0.788586556821
0.0578504168152
-0.981171789622
0.0495951745824
-0.68380816885
0.107554994178
0.507509613591
-0.45398576364
-0.949741345872
0.0973537935237
0.342420946329
0.287546648641
-0.154451126893
-0.212491194718
-0.780427681182
0.831928544694
0.734707963193
-0.125149629685
0.227858817591
0.904841602966
1.21893788266
0.0659939853681
0.381760931468
0.451448479971
-0.178582639216
-0.508173322142
0.408145777993
0.44388154581
-0.234173502741
0.574212481135
0.117964643254
-0.983887148804
0.841287047882
-0.52980628501
-0.198774545637
0.737478568758
-0.863981949474
0.128455687827
0.0808843117435
0.985156261581
0.151527263433
-0.657817859552
0.484531465554
-0.767431722549
-0.483587214466
-0.55695686106
-0.211164062933
0.0861261344737
-0.00404335360288
0.741038964509
0.187179371494
1.55460250834
0.110962704904
1.90208396393
-0.604135679346
-0.973883462789
-0.0910613820951
-0.855749218241
-0.512925503052
-0.0992874981638
0.348909947817
1.28445642281
1.05973504371
-0.160436558204
0.0925802353138
-0.800580956001
-0.81102312253
-0.844100851865
0.826597719642
0.654932967188
0.0675337533951
-0.642291916233
0.444145703351
-0.623599878319
