4
0
3
2
1
136
-0.544951592546
0.494876463544
0.845598137627
0.591166753037
-0.668900041887
0.45382278581
-0.00288514389747
0.453764719189
1.10988208279
0.816808975667
-0.440645668846
-0.495826742225
-0.136346676898
0.467277580505
0.427586512227
-0.0588354048853
0.929291003222
1.25697443674
-0.740387705656
0.212221312962
-0.216102813604
-0.460179939791
0.909867784597
-0.156550966869
0.000253413155254
-0.352348786952
0.795350612228
0.38493160274
0.0996975796017
-0.497322416905
-0.566347073663
0.803193724862
0.769903040948
2.40958068272
0.687976356388
-0.0748729522869
-0.822547815143
-0.102343231514
-0.269323161152
0.865760348063
0.768217542182
0.603704028453
0.0990821022435
0.939553278822
0.752338539105
-0.277446214214
0.155964379216
-0.27290077148
-0.924147429806
-0.560183179878
0.540292809676
-0.747293380949
0.915711302965
0.85905564699
0.68402816393
0.107036451425
0.878360579484
0.365635327823
-0.39839933039
-0.824041870556
-0.782807041318
-0.89900936269
-0.788586556821
0.0578504168152
-0.981171789622
-0.0378077911124
-0.792928601864
0.107554994178
0.507509613591
-0.45398576364
-0.949741345872
0.0973537935237
0.342420946329
0.287546648641
-0.154451126893
-0.599003099263
-0.886427008244
0.315692022405
0.734707963193
-0.125149629685
-0.158405946428
0.798897783942
0.703018779475
0.0659939853681
0.381760931468
0.451448479971
-0.178582639216
-0.508173322142
0.0105408211401
0.44388154581
-0.234173502741
-0.414181367122
0.117964643254
-0.983887148804
0.841287047882
-0.52980628501
-0.198774545637
0.737478568758
-0.888037301684
0.109494641287
0.0808843117435
0.985156261581
0.151527263433
-0.657817859552
0.484531465554
-0.767431722549
-0.483587214466
-0.627364479853
-0.570845547201
0.0688237591165
-0.466428342047
0.741038964509
0.116870725132
1.19534574489
0.0936824192759
1.44019726478
-0.604135679346
-0.973883462789
-0.0910613820951
-0.855749218241
-0.512925503052
-0.523267839015
0.19500471544
1.13059767663
0.232299713752
-0.160436558204
0.0925802353138
-0.800580956001
-0.81102312253
-0.844100851865
0.826597719642
0.6082719796
0.0675337533951
-0.652076078839
0.444145703351
-0.623599878319
