4
0
3
2
1
136
-0.543484686993
0.552433474665
0.848192006952
0.646919876603
-0.668900041887
0.45528912935
0.0546565400203
0.456358231024
1.16562019915
0.816808975667
-0.440645668846
-0.495826742225
-0.136346676898
0.467277580505
0.649963582052
-0.0468634717906
0.941262416173
1.93369250621
-0.740387705656
0.212221312962
-0.216102813604
-0.460179939791
0.909867784597
-0.156550966869
0.0348472816377
-0.2874230649
0.795456636425
0.46584519192
0.180592512046
-0.416446132716
-0.566347073663
0.803193724862
0.769903040948
3.00387428725
0.687976356388
-0.0256483158325
-0.822547815143
-0.102343231514
-0.188465516745
0.946599361156
0.849037932424
0.603704028453
0.306781297733
0.985374676463
1.15229422723
-0.277446214214
0.155964379216
-0.0653368761228
-0.878333911691
-0.160457278039
0.540292809676
-0.747293380949
0.915711302965
0.85905564699
0.68402816393
0.277403892191
0.878360579484
0.365635327823
0.388086088873
-0.824041870556
-0.782807041318
-0.89900936269
-0.788586556821
0.0578504168152
-0.981171789622
0.022583128431
-0.737840918337
0.107554994178
0.507509613591
-0.45398576364
-0.949741345872
0.0973537935237
0.342420946329
0.287546648641
-0.154451126893
-0.350183355426
-0.821270899379
0.648296267305
0.734707963193
-0.125149629685
0.0902401098339
0.864014274251
1.03539884471
0.0659939853681
0.381760931468
0.451448479971
-0.178582639216
-0.508173322142
0.262050871909
0.44388154581
-0.234173502741
0.142211302548
0.117964643254
-0.983887148804
0.841287047882
-0.52980628501
-0.198774545637
0.737478568758
-0.874011729433
0.121583815928
0.0808843117435
0.985156261581
0.151527263433
-0.657817859552
0.484531465554
-0.767431722549
-0.483587214466
-0.575043577874
-0.317647520953
0.0813231803107
-0.145558399174
0.741038964509
0.169102841553
1.44817023894
0.106162532538
1.760632959
-0.604135679346
-0.973883462789
-0.0910613820951
-0.855749218241
-0.512925503052
-0.230714946303
0.30975692006
1.24530704712
0.73304449856
-0.160436558204
0.0925802353138
-0.800580956001
-0.81102312253
-0.844100851865
0.826597719642
0.638333181285
0.0675337533951
-0.644610136601
0.444145703351
-0.623599878319
