4
0
3
2
1
136
-0.542954149017
0.575667791405
0.84931860709
0.668364665444
-0.668900041887
0.455819609952
0.077889075897
0.45748479362
1.18706338004
0.816808975667
-0.440645668846
-0.495826742225
-0.136346676898
0.467277580505
0.740601736753
-0.0421589362081
0.945966893111
2.25230894105
-0.740387705656
0.212221312962
-0.216102813604
-0.460179939791
0.909867784597
-0.156550966869
0.0487031681291
-0.258068750102
0.795492564265
0.510155920348
0.224898375698
-0.372145132778
-0.566347073663
0.803193724862
0.769903040948
3.27791560671
0.687976356388
-0.00681942345632
-0.822547815143
-0.102343231514
-0.144169379458
0.990890636853
0.893324347594
0.603704028453
0.407349154861
1.02224526072
1.3581742195
-0.277446214214
0.155964379216
0.0351761229205
-0.841467811069
0.0453241773929
0.540292809676
-0.747293380949
0.915711302965
0.85905564699
0.68402816393
0.354912767784
0.878360579484
0.365635327823
0.958693574701
-0.824041870556
-0.782807041318
-0.89900936269
-0.788586556821
0.0578504168152
-0.981171789622
0.0480431398182
-0.688281392978
0.107554994178
0.507509613591
-0.45398576364
-0.949741345872
0.0973537935237
0.342420946329
0.287546648641
-0.154451126893
-0.221458775061
-0.783348320739
0.820049153831
0.734707963193
-0.125149629685
0.218894610768
0.901921661203
1.20706282825
0.0659939853681
0.381760931468
0.451448479971
-0.178582639216
-0.508173322142
0.398283587999
0.44388154581
-0.234173502741
0.540499629475
0.117964643254
-0.983887148804
0.841287047882
-0.52980628501
-0.198774545637
0.737478568758
-0.864696968438
0.128009191154
0.0808843117435
0.985156261581
0.151527263433
-0.657817859552
0.484531465554
-0.767431722549
-0.483587214466
-0.558080262324
-0.218197036656
0.0858247010534
-0.0134982824987
0.741038964509
0.18605639332
1.54757177984
0.110661390376
1.89263191684
-0.604135679346
-0.973883462789
-0.0910613820951
-0.855749218241
-0.512925503052
-0.108126876426
0.346465198281
1.28201181579
1.03423219424
-0.160436558204
0.0925802353138
-0.800580956001
-0.81102312253
-0.844100851865
0.826597719642
0.653758392064
0.0675337533951
-0.642431071864
0.444145703351
-0.623599878319
