4
0
3
2
1
136
-0.543094632127
0.56937626394
0.84900822228
0.662612492997
-0.668900041887
0.455679138268
0.0715979124266
0.457174416343
1.18131153108
0.816808975667
-0.440645668846
-0.495826742225
-0.136346676898
0.467277580505
0.716053087116
-0.0434263466381
0.944699494602
2.16342626473
-0.740387705656
0.212221312962
-0.216102813604
-0.460179939791
0.909867784597
-0.156550966869
0.0449667725817
-0.266181226209
0.795483187201
0.497526542728
0.212270134297
-0.38477223816
-0.566347073663
0.803193724862
0.769903040948
3.20172069467
0.687976356388
-0.0118619182933
-0.822547815143
-0.102343231514
-0.156795349022
0.978265802907
0.880700649065
0.603704028453
0.381803851382
1.01107254653
1.30492536518
-0.277446214214
0.155964379216
0.0096416643222
-0.852639428018
-0.00790439102515
0.540292809676
-0.747293380949
0.915711302965
0.85905564699
0.68402816393
0.335630898324
0.878360579484
0.365635327823
0.78933036811
-0.824041870556
-0.782807041318
-0.89900936269
-0.788586556821
0.0578504168152
-0.981171789622
0.0418877056573
-0.703832896534
0.107554994178
0.507509613591
-0.45398576364
-0.949741345872
0.0973537935237
0.342420946329
0.287546648641
-0.154451126893
-0.255457450831
-0.794004613071
0.774827268093
0.734707963193
-0.125149629685
0.184910529399
0.89126842745
1.16185962429
0.0659939853681
0.381760931468
0.451448479971
-0.178582639216
-0.508173322142
0.361412588407
0.44388154581
-0.234173502741
0.42112443338
0.117964643254
-0.983887148804
0.841287047882
-0.52980628501
-0.198774545637
0.737478568758
-0.867332905944
0.126310148599
0.0808843117435
0.985156261581
0.151527263433
-0.657817859552
0.484531465554
-0.767431722549
-0.483587214466
-0.562393476418
-0.24464059562
0.0846701080643
-0.0489179300217
0.741038964509
0.181745034121
1.52113790176
0.109507315026
1.85722459743
-0.604135679346
-0.973883462789
-0.0910613820951
-0.855749218241
-0.512925503052
-0.141165978218
0.337099526166
1.27264677948
0.944076314916
-0.160436558204
0.0925802353138
-0.800580956001
-0.81102312253
-0.844100851865
0.826597719642
0.649440659558
0.0675337533951
-0.642971483626
0.444145703351
-0.623599878319
