4
0
3
2
1
136
-0.542947616654
0.575962870795
0.849333265728
0.66863347506
-0.668900041887
0.455826141837
0.0781841399238
0.457499451942
1.18733217608
0.816808975667
-0.440645668846
-0.495826742225
-0.136346676898
0.467277580505
0.741752979771
-0.0420996088154
0.946026220001
2.25652515766
-0.740387705656
0.212221312962
-0.216102813604
-0.460179939791
0.909867784597
-0.156550966869
0.0488780845511
-0.257685354543
0.795492997842
0.510759385893
0.225501791143
-0.371541767424
-0.566347073663
0.803193724862
0.769903040948
3.28152582747
0.687976356388
-0.00658393160209
-0.822547815143
-0.102343231514
-0.143566064188
0.991493902048
0.893927562721
0.603704028453
0.408508248769
1.02279002045
1.36060323205
-0.277446214214
0.155964379216
0.036334778604
-0.840923099984
0.0477523578043
0.540292809676
-0.747293380949
0.915711302965
0.85905564699
0.68402816393
0.355780161285
0.878360579484
0.365635327823
0.966908627878
-0.824041870556
-0.782807041318
-0.89900936269
-0.788586556821
0.0578504168152
-0.981171789622
0.0483170930401
-0.68750992425
0.107554994178
0.507509613591
-0.45398576364
-0.949741345872
0.0973537935237
0.342420946329
0.287546648641
-0.154451126893
-0.219888409075
-0.782840495204
0.82213122591
0.734707963193
-0.125149629685
0.220464371923
0.902429361379
1.20914412337
0.0659939853681
0.381760931468
0.451448479971
-0.178582639216
-0.508173322142
0.400006238083
0.44388154581
-0.234173502741
0.546331357346
0.117964643254
-0.983887148804
0.841287047882
-0.52980628501
-0.198774545637
0.737478568758
-0.864572328683
0.128087448612
0.0808843117435
0.985156261581
0.151527263433
-0.657817859552
0.484531465554
-0.767431722549
-0.483587214466
-0.55788312681
-0.216967370193
0.0858775786898
-0.0118461831607
0.741038964509
0.18625345287
1.5488010443
0.110714246689
1.89428350089
-0.604135679346
-0.973883462789
-0.0910613820951
-0.855749218241
-0.512925503052
-0.106582936448
0.346894029895
1.28244062174
1.03864218493
-0.160436558204
0.0925802353138
-0.800580956001
-0.81102312253
-0.844100851865
0.826597719642
0.653962966482
0.0675337533951
-0.642406604384
0.444145703351
-0.623599878319
