4
0
3
2
1
136
-0.543130279872
0.567796106489
0.84893090571
0.661161514118
-0.668900041887
0.455643493797
0.0700178582334
0.457097101925
1.17986064451
0.816808975667
-0.440645668846
-0.495826742225
-0.136346676898
0.467277580505
0.709887245575
-0.0437454109132
0.944380433714
2.14140694388
-0.740387705656
0.212221312962
-0.216102813604
-0.460179939791
0.909867784597
-0.156550966869
0.0440263607671
-0.268199933904
0.795480791879
0.494426702908
0.209170600609
-0.387871465775
-0.566347073663
0.803193724862
0.769903040948
3.1828172794
0.687976356388
-0.0131348510631
-0.822547815143
-0.102343231514
-0.159894270623
0.97516718726
0.877602339314
0.603704028453
0.375150150788
1.00840246522
1.291153635
-0.277446214214
0.155964379216
0.00299116042572
-0.855309216551
-0.0216702412138
0.540292809676
-0.747293380949
0.915711302965
0.85905564699
0.68402816393
0.330559147827
0.878360579484
0.365635327823
0.748531126124
-0.824041870556
-0.782807041318
-0.89900936269
-0.788586556821
0.0578504168152
-0.981171789622
0.0402480741376
-0.707476394708
0.107554994178
0.507509613591
-0.45398576364
-0.949741345872
0.0973537935237
0.342420946329
0.287546648641
-0.154451126893
-0.26413785622
-0.79663325958
0.763249073514
0.734707963193
-0.125149629685
0.176234315906
0.888640671164
1.15028677376
0.0659939853681
0.381760931468
0.451448479971
-0.178582639216
-0.508173322142
0.352119199191
0.44388154581
-0.234173502741
0.39257483575
0.117964643254
-0.983887148804
0.841287047882
-0.52980628501
-0.198774545637
0.737478568758
-0.867986027204
0.12587559044
0.0808843117435
0.985156261581
0.151527263433
-0.657817859552
0.484531465554
-0.767431722549
-0.483587214466
-0.563509694849
-0.25134567561
0.0843721675091
-0.057865324897
0.741038964509
0.180629358941
1.51443561345
0.109209524982
1.84828073144
-0.604135679346
-0.973883462789
-0.0910613820951
-0.855749218241
-0.512925503052
-0.149493302848
0.334680485586
1.27022792826
0.922537377561
-0.160436558204
0.0925802353138
-0.800580956001
-0.81102312253
-0.844100851865
0.826597719642
0.648370710548
0.0675337533951
-0.643112896478
0.444145703351
-0.623599878319
