4
0
3
2
1
136
0.459641560667
-0.753108878659
0.124895993033
-0.447071181637
0.731620888425
-0.983528045363
0.751133253141
-0.844670043993
0.998591690783
-0.206148253119
-0.844611633722
0.753104955419
0.31177309864
-0.989008969419
0.461478103203
0.402008092153
-0.902142286844
1.08617452744
0.442683614171
0.633676384472
0.541671472831
-0.217106278727
0.402610617009
0.0794071756768
0.730129663508
-0.837646829091
-0.976022305568
0.565277092912
0.0312002099475
-0.925791827756
-0.37141279685
-0.666631896108
-0.291384701993
1.56022961257
-0.923177382774
0.94126067828
0.13952757069
-0.200406291451
0.879359201188
-0.114948889886
0.723449681118
-0.407551581222
0.212164473407
-0.956919033511
0.699000870142
0.708281213852
-0.207320968033
-0.95329329632
0.0848091862326
-0.791078039475
0.395567061295
-0.372358144143
0.644246950645
-0.560741409989
0.887613233366
0.080969298364
0.0249241149426
0.270352889772
1.03471668976
0.770552295307
-0.113329695897
0.593746283323
-0.0692156549379
0.308223783161
-0.925003413907
-0.537712940441
0.233834542891
-0.800810246359
-0.413623846621
-0.345642427457
-0.384551154654
-0.366611219086
0.906863550535
0.723528304794
0.134136593497
0.730360543541
0.906336359319
-0.757438919909
-0.0284945552565
-0.128632744751
0.148524758809
0.604453005233
0.819766404801
0.167821372003
0.415753662098
0.72020036289
0.964567217668
-0.723619704565
0.0483371496548
0.488099227411
-0.0245252243888
0.581061729988
-0.55109349169
-0.3233259529
0.698084332482
-0.865970557334
0.840419622854
0.916167658693
-0.03851433019
-0.420250772347
-0.402689060303
-0.57105922015
0.641896697221
-0.960390287718
0.109943654647
-0.685791212527
0.243679258584
-0.2664506477
-0.277698948913
0.50588576926
0.831311829803
0.0220383348954
0.965501684702
-0.14862862873
-0.0254549737068
-0.0759016965559
-0.357171856114
-0.306852882494
-0.240947122158
-0.309623945315
0.658174301327
0.840182908109
-0.898598565544
-0.123017959754
0.0675207062081
-0.371845374049
0.632881688671
-0.692969295025
0.58635664661
0.534357715074
0.0948878780752
0.703472030891
-0.46616594752
0.405676725701
-0.199854509962
0.977326749477
