4
0
3
2
1
136
-0.549394614044
0.365587037897
0.840142752655
0.446506877635
-0.668900041887
0.449397782337
-0.131837268507
0.448320825672
0.965639912443
0.816808975667
-0.440645668846
-0.495826742225
-0.136346676898
0.467277580505
-0.0223308853884
-0.0883958392123
0.899743698005
0.242818831669
-0.740387705656
0.212221312962
-0.216102813604
-0.460179939791
0.909867784597
-0.156550966869
-0.0692442131661
-0.45020504867
0.794984380509
0.314631347664
0.0294306909629
-0.56755596329
-0.566347073663
0.803193724862
0.769903040948
1.47595653615
0.687976356388
-0.201145711318
-0.822547815143
-0.102343231514
-0.339523389451
0.795593413699
0.698083877618
0.603704028453
-0.00137110142684
0.92142418465
0.562027588499
-0.277446214214
0.155964379216
-0.373321414662
-0.942274336195
-0.750434465506
0.540292809676
-0.747293380949
0.915711302965
0.85905564699
0.68402816393
0.0214263537861
0.878360579484
0.365635327823
-0.729064440875
-0.824041870556
-0.782807041318
-0.89900936269
-0.788586556821
0.0578504168152
-0.981171789622
-0.0687874012619
-0.812929679249
0.107554994178
0.507509613591
-0.45398576364
-0.949741345872
0.0973537935237
0.342420946329
0.287546648641
-0.154451126893
-0.721051897008
-0.917243530023
0.149603436724
0.734707963193
-0.125149629685
-0.280405897503
0.768091732484
0.537001067905
0.0659939853681
0.381760931468
0.451448479971
-0.178582639216
-0.508173322142
-0.112961367764
0.44388154581
-0.234173502741
-0.659232367908
0.117964643254
-0.983887148804
0.841287047882
-0.52980628501
-0.198774545637
0.737478568758
-0.894122605222
0.10358418888
0.0808843117435
0.985156261581
0.151527263433
-0.657817859552
0.484531465554
-0.767431722549
-0.483587214466
-0.702039932134
-0.876769967997
0.0554164585661
-0.832902061743
0.741038964509
0.0423871109021
0.890205428119
0.080303581489
1.07460173022
-0.604135679346
-0.973883462789
-0.0910613820951
-0.855749218241
-0.512925503052
-0.855098756168
0.0103371706754
0.946084862417
-0.206472863643
-0.160436558204
0.0925802353138
-0.800580956001
-0.81102312253
-0.844100851865
0.826597719642
0.583068601001
0.0675337533951
-0.663568233815
0.444145703351
-0.623599878319
