4
0
3
2
1
136
-0.380105337873
-0.70844088074
-0.0469024752927
0.279114810827
0.127012108194
-0.224423055027
0.666160573913
0.726764033249
0.586824020449
0.228228312422
-0.151059722721
-0.320105062657
-0.866111987842
0.518930684218
0.28401854061
-0.400763200348
-1.01000354644
0.121240678283
-0.666467437033
-0.172424409693
0.724658814018
0.246726047548
0.211564497955
0.926254412673
-0.303426437354
-0.245021027733
0.95817869577
-3079.65862981
0.0847055033246
-0.641721037899
0.553758172662
-1.11220813507
0.408582881245
0.17282640337
-0.421201150077
-0.798106111552
-0.222054554082
-0.766745764525
-0.0526141809485
-0.401151639432
-0.0746173996006
0.555167215391
0.0824457027997
0.502428740446
0.00639603209418
0.670386784821
-0.588909581516
0.849954730774
-0.990098826281
-0.798461645418
-0.248750380946
-0.746925386154
0.163637740586
0.367133592836
0.788596725523
0.760954973037
0.50382848342
-0.277328588301
-0.756780163915
-0.0646444983904
-0.0648161580159
-0.678744673497
0.287060906865
-0.373488964145
-0.715396136669
0.892881865773
-0.981863086633
-0.817191839277
-0.771458486941
-0.873930781573
-0.629529162734
-0.420378719884
0.103113097741
-0.0524583952827
0.820415210757
0.597346231622
0.296259130831
-0.612637369273
0.656900074213
0.286525651618
-0.71906665666
0.880928545179
0.89072487672
-0.94015396469
-0.735996044753
0.903906020277
0.77936425717
-0.0888348019715
0.0384927484076
0.342020757186
-0.00901144819599
0.529349082805
0.169317968151
0.966018713969
-0.371579091281
0.475614891538
-0.466030086796
0.0597032802827
0.242840227977
0.177363405098
-0.559660647565
-0.91936408861
0.0858412296095
0.749797652742
-0.467115276505
0.324716564615
-0.212792749905
-0.0508426547392
-0.756122779887
0.8882521656
0.738232667111
-0.989845530459
0.319994562753
-0.990214932618
0.133884918242
-0.783617128354
0.0849673286919
0.216777527277
0.023336978613
-0.685755918333
0.141969199725
-0.556575765333
0.381658442047
0.885092933521
0.162769777418
-0.617342431499
-0.872978042922
0.495764293979
0.30447078384
0.0642111967817
0.444441547957
-0.281643870537
-0.348155998999
0.333871520751
0.630195524047
-0.338962097595
