4
0
3
2
1
136
-0.544649608905
0.505993973546
0.84608115248
0.602257372774
-0.668900041887
0.454124576722
0.00822734786696
0.454247612354
1.12096764076
0.816808975667
-0.440645668846
-0.495826742225
-0.136346676898
0.467277580505
0.470068355737
-0.0564832761515
0.931642959583
1.37543404501
-0.740387705656
0.212221312962
-0.216102813604
-0.460179939791
0.909867784597
-0.156550966869
0.00691309227747
-0.340745958246
0.79537317622
0.397372109302
0.112134051144
-0.484889978024
-0.566347073663
0.803193724862
0.769903040948
2.51518305093
0.687976356388
-0.0650635414541
-0.822547815143
-0.102343231514
-0.256894752579
0.878184728681
0.780637897196
0.603704028453
0.126214864614
0.944631163199
0.803703136296
-0.277446214214
0.155964379216
-0.245781079639
-0.919070323387
-0.508841378089
0.540292809676
-0.747293380949
0.915711302965
0.85905564699
0.68402816393
0.12988160091
0.878360579484
0.365635327823
-0.306898788064
-0.824041870556
-0.782807041318
-0.89900936269
-0.788586556821
0.0578504168152
-0.981171789622
-0.0295507432396
-0.787166139957
0.107554994178
0.507509613591
-0.45398576364
-0.949741345872
0.0973537935237
0.342420946329
0.287546648641
-0.154451126893
-0.566424435654
-0.878116832154
0.359532951304
0.734707963193
-0.125149629685
-0.125845669283
0.807203856327
0.746834708047
0.0659939853681
0.381760931468
0.451448479971
-0.178582639216
-0.508173322142
0.0433396644985
0.44388154581
-0.234173502741
-0.347615152203
0.117964643254
-0.983887148804
0.841287047882
-0.52980628501
-0.198774545637
0.737478568758
-0.886371186427
0.111064751018
0.0808843117435
0.985156261581
0.151527263433
-0.657817859552
0.484531465554
-0.767431722549
-0.483587214466
-0.61656819184
-0.523266951143
0.0711703134132
-0.407764058069
0.741038964509
0.127640532896
1.24281945362
0.0960239412179
1.49874231381
-0.604135679346
-0.973883462789
-0.0910613820951
-0.855749218241
-0.512925503052
-0.470122709609
0.219245903152
1.15482438969
0.31049921015
-0.160436558204
0.0925802353138
-0.800580956001
-0.81102312253
-0.844100851865
0.826597719642
0.613054884919
0.0675337533951
-0.650465273325
0.444145703351
-0.623599878319
