4
0
3
2
1
136
-0.373757301866
-0.63759130717
-0.0417504754882
0.376690768598
0.127012108194
-0.218022905524
0.737964822823
0.732034150832
0.685914508945
0.228228312422
-0.151059722721
-0.320105062657
-0.866111987842
0.518930684218
0.431213063103
-0.362553782372
-0.97172687282
0.376546275058
-0.666467437033
-0.172424409693
0.724658814018
0.246726047548
0.211564497955
0.926254412673
-0.285701876596
-0.230085475632
0.959655666638
-769.651632147
0.0847055033246
-0.641721037899
0.553758172662
-0.859055637555
0.408582881245
0.270712888538
-0.421201150077
-0.798106111552
-0.215056886637
-0.759748097081
-0.0456165135043
-0.401151639432
-0.0736963979987
0.555512261093
0.0845109807402
0.502428740446
0.00639603209418
0.671308386716
-0.58856448616
0.852021119299
-0.990098826281
-0.798461645418
-0.248750380946
-0.746925386154
0.163637740586
0.367942718956
0.788596725523
0.760954973037
0.508887634518
-0.277328588301
-0.756780163915
-0.0646444983904
-0.0648161580159
-0.678744673497
0.287060906865
-0.373179435516
-0.71499239797
0.892881865773
-0.981863086633
-0.817191839277
-0.771458486941
-0.873930781573
-0.629529162734
-0.417266446687
0.103980850348
-0.0480655345317
0.820415210757
0.597346231622
0.299373032912
-0.611769363376
0.661295100873
0.286525651618
-0.71906665666
0.880928545179
0.89072487672
-0.94015396469
-0.732535955286
0.903906020277
0.77936425717
-0.082385253331
0.0384927484076
0.342020757186
-0.00901144819599
0.529349082805
0.169317968151
0.966018713969
-0.37141044618
0.475726037787
-0.466030086796
0.0597032802827
0.242840227977
0.177363405098
-0.559660647565
-0.915898756453
0.0990828440427
0.750292212045
-0.451393546873
0.324716564615
-0.209324284233
-0.0375775462793
-0.755627370813
0.904000349351
0.738232667111
-0.989845530459
0.319994562753
-0.990214932618
0.133884918242
-0.769115299066
0.0942465561476
0.226061909156
0.0412832659618
-0.685755918333
0.141969199725
-0.556575765333
0.381658442047
0.885092933521
0.162769777418
-0.616257957681
-0.872978042922
0.496173434764
0.30447078384
0.0821780906118
0.444441547957
-0.266137174327
-0.348155998999
0.333871520751
0.630195524047
-0.338962097595
