4
0
3
2
1
136
-0.542790121198
0.583146679113
0.849693002658
0.675151209046
-0.668900041887
0.455983627041
0.0853676155318
0.457859182072
1.1938496177
0.816808975667
-0.440645668846
-0.495826742225
-0.136346676898
0.467277580505
0.76977408073
-0.04065841003
0.947467407935
2.36048418394
-0.740387705656
0.212221312962
-0.216102813604
-0.460179939791
0.909867784597
-0.156550966869
0.0531269275332
-0.248272080931
0.795503384633
0.525752343824
0.240493614451
-0.35655107857
-0.566347073663
0.803193724862
0.769903040948
3.37043556024
0.687976356388
-0.000878365748602
-0.822547815143
-0.102343231514
-0.128576509618
1.0064823225
0.908914849229
0.603704028453
0.43560010496
1.03659190805
1.4176313593
-0.277446214214
0.155964379216
0.0634176894911
-0.827122315799
0.104763242613
0.540292809676
-0.747293380949
0.915711302965
0.85905564699
0.68402816393
0.375852585718
0.878360579484
0.365635327823
1.17438810398
-0.824041870556
-0.782807041318
-0.89900936269
-0.788586556821
0.0578504168152
-0.981171789622
0.0545847318453
-0.667519469883
0.107554994178
0.507509613591
-0.45398576364
-0.949741345872
0.0973537935237
0.342420946329
0.287546648641
-0.154451126893
-0.182393296865
-0.770222042911
0.871575069169
0.734707963193
-0.125149629685
0.257946773216
0.915045203546
1.25857158775
0.0659939853681
0.381760931468
0.451448479971
-0.178582639216
-0.508173322142
0.44171517761
0.44388154581
-0.234173502741
0.695200898172
0.117964643254
-0.983887148804
0.841287047882
-0.52980628501
-0.198774545637
0.737478568758
-0.861527812546
0.12994503372
0.0808843117435
0.985156261581
0.151527263433
-0.657817859552
0.484531465554
-0.767431722549
-0.483587214466
-0.553226948838
-0.187354026987
0.0871284281623
0.0280697289092
0.741038964509
0.190908041831
1.57840585632
0.111964647815
1.9341884025
-0.604135679346
-0.973883462789
-0.0910613820951
-0.855749218241
-0.512925503052
-0.0692034464614
0.357045782259
1.292591845
1.15145931483
-0.160436558204
0.0925802353138
-0.800580956001
-0.81102312253
-0.844100851865
0.826597719642
0.658990533725
0.0675337533951
-0.64183474138
0.444145703351
-0.623599878319
