4
0
3
2
1
136
-0.543183529658
0.565447824338
0.848816469804
0.659000493068
-0.668900041887
0.45559024921
0.0676697391766
0.456982669432
1.17769976975
0.816808975667
-0.440645668846
-0.495826742225
-0.136346676898
0.467277580505
0.700724356669
-0.0442201341881
0.943905715801
2.10890943605
-0.740387705656
0.212221312962
-0.216102813604
-0.460179939791
0.909867784597
-0.156550966869
0.0426274129687
-0.271185860373
0.795477201952
0.48987425985
0.204618628159
-0.392422967713
-0.566347073663
0.803193724862
0.769903040948
3.15489719608
0.687976356388
-0.01503140279
-0.822547815143
-0.102343231514
-0.164445302142
0.970616626064
0.873052248347
0.603704028453
0.365100482869
1.00453749971
1.27043620824
-0.277446214214
0.155964379216
-0.00705339367206
-0.859173735413
-0.0423783423734
0.540292809676
-0.747293380949
0.915711302965
0.85905564699
0.68402816393
0.322862309326
0.878360579484
0.365635327823
0.68918459528
-0.824041870556
-0.782807041318
-0.89900936269
-0.788586556821
0.0578504168152
-0.981171789622
0.0377437878806
-0.712703135341
0.107554994178
0.507509613591
-0.45398576364
-0.949741345872
0.0973537935237
0.342420946329
0.287546648641
-0.154451126893
-0.277126931824
-0.80050687706
0.745909130423
0.734707963193
-0.125149629685
0.163251867257
0.884768471145
1.13295526159
0.0659939853681
0.381760931468
0.451448479971
-0.178582639216
-0.508173322142
0.3382951407
0.44388154581
-0.234173502741
0.351159435268
0.117964643254
-0.983887148804
0.841287047882
-0.52980628501
-0.198774545637
0.737478568758
-0.868947795295
0.125225336355
0.0808843117435
0.985156261581
0.151527263433
-0.657817859552
0.484531465554
-0.767431722549
-0.483587214466
-0.565192841824
-0.261353768171
0.083923693033
-0.0711942228325
0.741038964509
0.178947083394
1.50443196331
0.10876129093
1.83495742763
-0.604135679346
-0.973883462789
-0.0910613820951
-0.855749218241
-0.512925503052
-0.161884488648
0.331035914484
1.26658366365
0.891295124945
-0.160436558204
0.0925802353138
-0.800580956001
-0.81102312253
-0.844100851865
0.826597719642
0.646792455344
0.0675337533951
-0.643327324334
0.444145703351
-0.623599878319
