4
0
3
2
1
136
0.47861616333
-0.726564479686
-0.846367045325
-2.11200272078
0.609441016146
-0.0431394100903
-1.95145106083
-0.823887624058
-2.25615278339
-0.999872372756
0.754413048404
-0.809763423848
-0.684677728661
0.562391595517
-4.30981749747
-1.22110953645
-0.747841508599
-6.12349047891
-0.13944076929
-0.0745259989056
0.688250861069
0.585179919123
0.530351784321
-0.202286945309
-0.884161576596
-0.97301988451
0.113823880924
-1.03667076161
-0.161453617611
0.74021349306
-0.189158269744
-0.949063906922
0.53394364702
-4.6581908959
0.213506590056
-3.10957712866
0.301400689657
-0.739974870194
-0.789440612801
-0.750197614645
-1.09804683391
-0.7733787248
-0.319048723055
0.0426314490668
-0.512164075757
-0.0211130156287
-0.850443385571
0.868774182252
-0.16456926099
0.393975628885
-0.989195569973
-0.522624269914
0.901421064186
-0.533691562302
0.805882634578
-0.0160353064035
-0.689011256193
-0.846228737968
-1.00810625033
-0.924092725043
0.103709344515
-0.431112178885
-0.245377415602
0.988794715144
0.480329211181
0.0505532466584
0.503304984897
-0.833332728795
0.0811891650167
-0.272347864334
0.936969249033
0.00161955702589
-0.446527506816
-0.374753515787
0.954820088541
0.553784925735
0.115350362855
-0.176331855015
0.393657325468
-0.959340351495
0.202675212841
0.220197656805
-0.78870757968
-0.196811798126
-0.615199753344
0.839200810418
-0.588906976457
0.36004666394
-0.219405432506
0.648681207503
0.107323226761
-0.301556710375
0.746959265214
0.268498324039
-0.730795488679
0.0284666998735
0.857381106424
-0.96696151283
-0.351948647784
0.541804924623
0.937917900707
0.399706784257
-0.721469932054
-0.00929741009032
0.488274111631
-0.518752095321
0.297410820044
0.273605047308
0.638884362305
0.178879493557
-0.169567111602
-0.473431949302
0.925391174794
0.797702406938
-0.407404729963
0.763949494028
-0.0729624821728
0.700882693596
-0.348166154628
0.546672726401
0.982642417422
0.715304312119
-0.683579768766
0.0245403726667
-0.162855062265
0.968214344477
0.0284031736748
-0.616309453957
0.0735747168109
-0.792903647677
-0.742726370233
-0.530731160375
-0.614450927639
0.790873773915
-0.496611976491
0.00689205570
