4
0
3
2
1
136
-0.55304259309
0.291800854279
0.836592119694
0.348075597266
-0.668900041887
0.445802347156
-0.204882732598
0.444807934939
0.868257947105
0.816808975667
-0.440645668846
-0.495826742225
-0.136346676898
0.467277580505
-0.228054501566
-0.108210325554
0.879964112969
-0.121760197782
-0.740387705656
0.212221312962
-0.216102813604
-0.460179939791
0.909867784597
-0.156550966869
-0.0979074541172
-0.480045074354
0.794636495807
0.302322620763
0.0171290904701
-0.579850440962
-0.566347073663
0.803193724862
0.769903040948
1.13187974395
0.687976356388
-0.283517848893
-0.822547815143
-0.102343231514
-0.351810747894
0.783313170889
0.685810746843
0.603704028453
-0.0112035573326
0.919677303823
0.543346602823
-0.277446214214
0.155964379216
-0.383151797413
-0.94402105525
-0.769111414241
0.540292809676
-0.747293380949
0.915711302965
0.85905564699
0.68402816393
0.0129768704106
0.878360579484
0.365635327823
-0.761099201592
-0.824041870556
-0.782807041318
-0.89900936269
-0.788586556821
0.0578504168152
-0.981171789622
-0.0718416271069
-0.814816574251
0.107554994178
0.507509613591
-0.45398576364
-0.949741345872
0.0973537935237
0.342420946329
0.287546648641
-0.154451126893
-0.733110549837
-0.92026672276
0.133017853871
0.734707963193
-0.125149629685
-0.292461259333
0.765069212872
0.520420652674
0.0659939853681
0.381760931468
0.451448479971
-0.178582639216
-0.508173322142
-0.125230751669
0.44388154581
-0.234173502741
-0.683300507365
0.117964643254
-0.983887148804
0.841287047882
-0.52980628501
-0.198774545637
0.737478568758
-0.894716990983
0.102996760459
0.0808843117435
0.985156261581
0.151527263433
-0.657817859552
0.484531465554
-0.767431722549
-0.483587214466
-0.712979492982
-0.921617653282
0.0536705386196
-0.885963871275
0.741038964509
0.0314629882315
0.845434710009
0.0785598689813
1.02162727877
-0.604135679346
-0.973883462789
-0.0910613820951
-0.855749218241
-0.512925503052
-0.903174681826
-0.0196416086386
0.916124714277
-0.266923052082
-0.160436558204
0.0925802353138
-0.800580956001
-0.81102312253
-0.844100851865
0.826597719642
0.579790333328
0.0675337533951
-0.665276982224
0.444145703351
-0.623599878319
