4
0
3
2
1
136
-0.205155912648
-9.99347550524
-1.9440011648
-16.6151683336
0.609441016146
-0.726911486068
-11.2183620866
-1.92152174354
-16.7593183962
-0.999872372756
0.754413048404
-0.809763423848
-0.684677728661
0.562391595517
-23.4914236244
-5.25176598391
-4.77849795606
-36.9832024048
-0.13944076929
-0.0745259989056
0.688250861069
0.585179919123
0.530351784321
-0.202286945309
-2.95347180613
-2.62846804048
-0.0841101410688
-1.66646026078
-0.791243118111
0.110423991233
-0.189158269744
-0.949063906922
0.53394364702
-34.8881134856
0.213506590056
-16.3531626016
0.301400689657
-0.739974870194
-1.41923011595
-1.37998711912
-1.7278363397
-0.7733787248
-0.587844761437
-0.00835359149909
-1.04012661737
-0.0211130156287
-0.850443385571
0.599931482652
-0.215556110552
-0.134054831782
-0.989195569973
-0.522624269914
0.901421064186
-0.533691562302
0.805882634578
-0.254920045526
-0.689011256193
-0.846228737968
-1.91780072006
-0.924092725043
0.103709344515
-0.431112178885
-0.245377415602
0.988794715144
0.480329211181
-0.0343514620679
0.455205385074
-0.833332728795
0.0811891650167
-0.272347864334
0.936969249033
0.00161955702589
-0.446527506816
-0.374753515787
0.954820088541
0.219495509833
0.0336853144207
-0.669928242139
0.393657325468
-0.959340351495
-0.131677653266
0.138517337196
-1.28237501287
-0.196811798126
-0.615199753344
0.839200810418
-0.588906976457
0.36004666394
-0.576336412626
0.648681207503
0.107323226761
-0.993432018945
0.746959265214
0.268498324039
-0.730795488679
0.0284666998735
0.857381106424
-0.96696151283
-0.369542914494
0.525856639193
0.937917900707
0.399706784257
-0.721469932054
-0.00929741009032
0.488274111631
-0.518752095321
0.297410820044
0.0466127728998
-0.427691697634
0.140668301209
-1.49683088862
-0.473431949302
0.698099869495
-0.270074245384
-0.445665255981
-0.564602960953
-0.0729624821728
0.700882693596
-0.348166154628
0.546672726401
0.982642417422
-0.472247137934
-1.47454359466
-0.766661375099
-1.69959512373
0.968214344477
0.0284031736748
-0.616309453957
0.0735747168109
-0.792903647677
-0.742726370233
-0.614165711555
-0.614450927639
0.752866532028
-0.496611976491
0.68920557044
