4
0
3
2
1
136
0.592070540358
0.809348235971
-0.663647346213
0.296178776925
0.609441016146
0.0703527583638
-0.415066399805
-0.641158729907
0.152589223673
-0.999872372756
0.754413048404
-0.809763423848
-0.684677728661
0.562391595517
-1.12204239599
-0.550849426945
-0.0775601425268
-1.01589275757
-0.13944076929
-0.0745259989056
0.688250861069
0.585179919123
0.530351784321
-0.202286945309
-0.539898352515
-0.69824997382
0.14677393846
-0.931885818146
-0.0566682587164
0.844999266437
-0.189158269744
-0.949063906922
0.53394364702
0.348108206556
0.213506590056
-0.906774371926
0.301400689657
-0.739974870194
-0.684654425888
-0.645411015141
-0.993259822759
-0.7733787248
-0.280369197227
0.050697810132
-0.43329106046
-0.0211130156287
-0.850443385571
0.907472358056
-0.156502273133
0.472875275353
-0.989195569973
-0.522624269914
0.901421064186
-0.533691562302
0.805882634578
0.0193666882189
-0.689011256193
-0.846228737968
-0.868712940462
-0.924092725043
0.103709344515
-0.431112178885
-0.245377415602
0.988794715144
0.480329211181
0.0628755134877
0.510417397393
-0.833332728795
0.0811891650167
-0.272347864334
0.936969249033
0.00161955702589
-0.446527506816
-0.374753515787
0.954820088541
0.601866504007
0.126910370955
-0.102747505913
0.393657325468
-0.959340351495
0.25078146028
0.231763865056
-0.715095447068
-0.196811798126
-0.615199753344
0.839200810418
-0.588906976457
0.36004666394
-0.166195976014
0.648681207503
0.107323226761
-0.197471298816
0.746959265214
0.268498324039
-0.730795488679
0.0284666998735
0.857381106424
-0.96696151283
-0.349124538206
0.5439324329
0.937917900707
0.399706784257
-0.721469932054
-0.00929741009032
0.488274111631
-0.518752095321
0.297410820044
0.280023340015
0.687717966491
0.180549601403
-0.0919929766191
-0.473431949302
0.931824258271
0.846638807289
-0.40573072698
0.841648475572
-0.0729624821728
0.700882693596
-0.348166154628
0.546672726401
0.982642417422
0.781544889904
-0.639113455131
0.0690347998813
-0.0580320622515
0.968214344477
0.0284031736748
-0.616309453957
0.0735747168109
-0.792903647677
-0.742726370233
-0.524603876237
-0.614450927639
0.792073195465
-0.496611976491
0.68920557044
