4
0
3
2
1
136
-0.871200564434
-19.0201332867
-3.01317810582
-30.7423259495
0.609441016146
-1.39295613785
-20.245019868
-2.99069868457
-30.8864760121
-0.999872372756
0.754413048404
-0.809763423848
-0.684677728661
0.562391595517
-42.1757288587
-9.17792393112
-8.70465590327
-67.0428491942
-0.13944076929
-0.0745259989056
0.688250861069
0.585179919123
0.530351784321
-0.202286945309
-4.96913325227
-4.24099719741
-0.276912540269
-2.27992244006
-1.40470529739
-0.503038188043
-0.189158269744
-0.949063906922
0.53394364702
-64.3342980956
0.213506590056
-29.2533958587
0.301400689657
-0.739974870194
-2.03269229523
-1.99344929839
-2.34129851898
-0.7733787248
-0.866574939443
-0.0600120743157
-1.5806129342
-0.0211130156287
-0.850443385571
0.321196946868
-0.267214949496
-0.674548316278
-0.989195569973
-0.522624269914
0.901421064186
-0.533691562302
0.805882634578
-0.4992842918
-0.689011256193
-0.846228737968
-2.84876396301
-0.924092725043
0.103709344515
-0.431112178885
-0.245377415602
0.988794715144
0.480329211181
-0.121653014379
0.40440742941
-0.833332728795
0.0811891650167
-0.272347864334
0.936969249033
0.00161955702589
-0.446527506816
-0.374753515787
0.954820088541
-0.128244426599
-0.0521162795933
-1.1755248432
0.393657325468
-0.959340351495
-0.479424352049
0.052714272491
-1.78797896595
-0.196811798126
-0.615199753344
0.839200810418
-0.588906976457
0.36004666394
-0.941733684871
0.648681207503
0.107323226761
-1.70999370302
0.746959265214
0.268498324039
-0.730795488679
0.0284666998735
0.857381106424
-0.96696151283
-0.387021007772
0.508537367251
0.937917900707
0.399706784257
-0.721469932054
-0.00929741009032
0.488274111631
-0.518752095321
0.297410820044
-0.286369096077
-1.86457934699
0.0880953620579
-3.21414908742
-0.473431949302
0.365117491002
-1.70696526436
-0.498238310475
-2.28192476156
-0.0729624821728
0.700882693596
-0.348166154628
0.546672726401
0.982642417422
-2.01432671763
-2.47357334827
-1.76569126978
-3.65760229299
0.968214344477
0.0284031736748
-0.616309453957
0.0735747168109
-0.792903647677
-0.742726370233
-0.719263072707
-0.614450927639
0.700286415944
-0.496611976491
0.68920557044
