4
0
3
2
1
136
0.526733455443
-0.074449982203
-0.769126339349
-1.09140990803
0.609441016146
0.00497788220189
-1.29933651115
-0.746646917109
-1.23555995201
-0.999872372756
0.754413048404
-0.809763423848
-0.684677728661
0.562391595517
-2.96000281655
-0.937470880819
-0.464202851018
-3.95195356852
-0.13944076929
-0.0745259989056
0.688250861069
0.585179919123
0.530351784321
-0.202286945309
-0.738543576795
-0.856527715897
0.127752571336
-0.992358161653
-0.117141003773
0.784526120747
-0.189158269744
-0.949063906922
0.53394364702
-2.53095873647
0.213506590056
-2.1776211823
0.301400689657
-0.739974870194
-0.745127971296
-0.705884959355
-1.05373416487
-0.7733787248
-0.302367992473
0.0460582186351
-0.478344750831
-0.0211130156287
-0.850443385571
0.885462378941
-0.161142240771
0.427805599614
-0.989195569973
-0.522624269914
0.901421064186
-0.533691562302
0.805882634578
-0.000828973199057
-0.689011256193
-0.846228737968
-0.948603000663
-0.924092725043
0.103709344515
-0.431112178885
-0.245377415602
0.988794715144
0.480329211181
0.0558646507359
0.506351221751
-0.833332728795
0.0811891650167
-0.272347864334
0.936969249033
0.00161955702589
-0.446527506816
-0.374753515787
0.954820088541
0.574514337488
0.120345674931
-0.144772708158
0.393657325468
-0.959340351495
0.223414520749
0.225195457304
-0.75713730525
-0.196811798126
-0.615199753344
0.839200810418
-0.588906976457
0.36004666394
-0.196578148947
0.648681207503
0.107323226761
-0.257021592355
0.746959265214
0.268498324039
-0.730795488679
0.0284666998735
0.857381106424
-0.96696151283
-0.350750115501
0.542729485417
0.937917900707
0.399706784257
-0.721469932054
-0.00929741009032
0.488274111631
-0.518752095321
0.297410820044
0.276644621044
0.661608872422
0.179656135759
-0.134158774617
-0.473431949302
0.928438244487
0.820477567726
-0.406626167155
0.799418407338
-0.0729624821728
0.700882693596
-0.348166154628
0.546672726401
0.982642417422
0.745685345371
-0.66309725308
0.0450365343596
-0.115767649199
0.968214344477
0.0284031736748
-0.616309453957
0.0735747168109
-0.792903647677
-0.742726370233
-0.527980210581
-0.614450927639
0.7914464247
-0.496611976491
0.68920557044
