4
0
3
2
1
136
-1.14977437317
-22.7955414843
-3.46036237774
-36.6510230512
0.609441016146
-1.67152994659
-24.0204280656
-3.43788295648
-36.7951731138
-0.999872372756
0.754413048404
-0.809763423848
-0.684677728661
0.562391595517
-49.9904572837
-10.8200432246
-10.3467751968
-79.6153250377
-0.13944076929
-0.0745259989056
0.688250861069
0.585179919123
0.530351784321
-0.202286945309
-5.81218556815
-4.91543905012
-0.357552327007
-2.53650357968
-1.66128643701
-0.759619327665
-0.189158269744
-0.949063906922
0.53394364702
-76.6501927994
0.213506590056
-34.6489306811
0.301400689657
-0.739974870194
-2.28927343485
-2.25003043801
-2.5978796586
-0.7733787248
-0.983746075434
-0.0818338905445
-1.80767641752
-0.0211130156287
-0.850443385571
0.204025551729
-0.289036813867
-0.901612267095
-0.989195569973
-0.522624269914
0.901421064186
-0.533691562302
0.805882634578
-0.601859743925
-0.689011256193
-0.846228737968
-3.24179899291
-0.924092725043
0.103709344515
-0.431112178885
-0.245377415602
0.988794715144
0.480329211181
-0.158291801217
0.382760928182
-0.833332728795
0.0811891650167
-0.272347864334
0.936969249033
0.00161955702589
-0.446527506816
-0.374753515787
0.954820088541
-0.274600987078
-0.0884083576952
-1.38792792077
0.393657325468
-0.959340351495
-0.625781419199
0.0164220442774
-2.00038252957
-0.196811798126
-0.615199753344
0.839200810418
-0.588906976457
0.36004666394
-1.09534327362
0.648681207503
0.107323226761
-2.01363644898
0.746959265214
0.268498324039
-0.730795488679
0.0284666998735
0.857381106424
-0.96696151283
-0.394347913363
0.501219302565
0.937917900707
0.399706784257
-0.721469932054
-0.00929741009032
0.488274111631
-0.518752095321
0.297410820044
-0.425655997801
-2.46571203014
0.0661026934116
-3.93257578623
-0.473431949302
0.225830589245
-2.30809794916
-0.520230979127
-3.00035146372
-0.0729624821728
0.700882693596
-0.348166154628
0.546672726401
0.982642417422
-2.65944471072
-2.89143405979
-2.18355198131
-4.47823238881
0.968214344477
0.0284031736748
-0.616309453957
0.0735747168109
-0.792903647677
-0.742726370233
-0.76324832695
-0.614450927639
0.678293746851
-0.496611976491
0.68920557044
