4
0
3
2
1
136
0.238029692153
-3.98714428182
-1.2325716413
-7.21496839904
0.609441016146
-0.283725881267
-5.21203086314
-1.21009222004
-7.35911846169
-0.999872372756
0.754413048404
-0.809763423848
-0.684677728661
0.562391595517
-11.0589011301
-2.63930347151
-2.16603544366
-16.9815362902
-0.13944076929
-0.0745259989056
0.688250861069
0.585179919123
0.530351784321
-0.202286945309
-1.61225221269
-1.55549236572
0.0441804287412
-1.2582629932
-0.383045850536
0.518621258809
-0.189158269744
-0.949063906922
0.53394364702
-15.2946446386
0.213506590056
-7.76935720242
0.301400689657
-0.739974870194
-1.01103284838
-0.97178985154
-1.31963907212
-0.7733787248
-0.408535858418
0.0251063094397
-0.690265707357
-0.0211130156287
-0.850443385571
0.779259527853
-0.182095362132
0.215834592786
-0.989195569973
-0.522624269914
0.901421064186
-0.533691562302
0.805882634578
-0.0964896651042
-0.689011256193
-0.846228737968
-1.31726502592
-0.924092725043
0.103709344515
-0.431112178885
-0.245377415602
0.988794715144
0.480329211181
0.0221478956739
0.487245100289
-0.833332728795
0.0811891650167
-0.272347864334
0.936969249033
0.00161955702589
-0.446527506816
-0.374753515787
0.954820088541
0.442606348907
0.0883510971219
-0.342705943784
0.393657325468
-0.959340351495
0.0914597705157
0.193189251445
-0.955122989484
-0.196811798126
-0.615199753344
0.839200810418
-0.588906976457
0.36004666394
-0.339785143028
0.648681207503
0.107323226761
-0.534885618487
0.746959265214
0.268498324039
-0.730795488679
0.0284666998735
0.857381106424
-0.96696151283
-0.358046738304
0.536679888538
0.937917900707
0.399706784257
-0.721469932054
-0.00929741009032
0.488274111631
-0.518752095321
0.297410820044
0.241469468043
0.437513986935
0.17196696646
-0.448785598636
-0.473431949302
0.89313993034
0.595767268878
-0.414339408426
0.484106838159
-0.0729624821728
0.700882693596
-0.348166154628
0.546672726401
0.982642417422
0.46939988021
-0.852187451841
-0.144200890346
-0.506034055724
0.968214344477
0.0284031736748
-0.616309453957
0.0735747168109
-0.792903647677
-0.742726370233
-0.550216149141
-0.614450927639
0.784724989107
-0.496611976491
0.68920557044
