4
0
3
2
1
136
0.187379908747
-4.67358213593
-1.31387787256
-8.28927696298
0.609441016146
-0.334375664673
-5.89846871724
-1.2913984513
-8.43342702563
-0.999872372756
0.754413048404
-0.809763423848
-0.684677728661
0.562391595517
-12.4797608438
-2.93787061578
-2.46460258793
-19.267440989
-0.13944076929
-0.0745259989056
0.688250861069
0.585179919123
0.530351784321
-0.202286945309
-1.76553445194
-1.67811815712
0.0295186493343
-1.3049141095
-0.429696966828
0.471970142517
-0.189158269744
-0.949063906922
0.53394364702
-17.5338982212
0.213506590056
-8.75036353376
0.301400689657
-0.739974870194
-1.05768396467
-1.01844096783
-1.36629018842
-0.7733787248
-0.428352857512
0.0213469372804
-0.729216897452
-0.0211130156287
-0.850443385571
0.759438680237
-0.185854881552
0.176877810487
-0.989195569973
-0.522624269914
0.901421064186
-0.533691562302
0.805882634578
-0.114126168916
-0.689011256193
-0.846228737968
-1.38431677171
-0.924092725043
0.103709344515
-0.431112178885
-0.245377415602
0.988794715144
0.480329211181
0.0158788248365
0.483715525436
-0.833332728795
0.0811891650167
-0.272347864334
0.936969249033
0.00161955702589
-0.446527506816
-0.374753515787
0.954820088541
0.417976445517
0.0823382468416
-0.379121702379
0.393657325468
-0.959340351495
0.0668246313345
0.187175143922
-0.9915446085
-0.196811798126
-0.615199753344
0.839200810418
-0.588906976457
0.36004666394
-0.366126962448
0.648681207503
0.107323226761
-0.585817756085
0.746959265214
0.268498324039
-0.730795488679
0.0284666998735
0.857381106424
-0.96696151283
-0.359347715175
0.53551284071
0.937917900707
0.399706784257
-0.721469932054
-0.00929741009032
0.488274111631
-0.518752095321
0.297410820044
0.227321940328
0.364936046988
0.169429188897
-0.540878299757
-0.473431949302
0.878940859016
0.523002688989
-0.416884881955
0.391816834965
-0.0729624821728
0.700882693596
-0.348166154628
0.546672726401
0.982642417422
0.386854553826
-0.908736324872
-0.200787051238
-0.613150108368
0.968214344477
0.0284031736748
-0.616309453957
0.0735747168109
-0.792903647677
-0.742726370233
-0.556047103521
-0.614450927639
0.782144253559
-0.496611976491
0.68920557044
