4
0
3
2
1
136
0.572307100998
0.542862892915
-0.695968577439
-0.124871639139
0.609441016146
0.0505524585299
-0.682000607589
-0.673488863906
-0.268999752673
-0.999872372756
0.754413048404
-0.809763423848
-0.684677728661
0.562391595517
-1.68179438872
-0.668826015046
-0.195557018151
-1.89929885052
-0.13944076929
-0.0745259989056
0.688250861069
0.585179919123
0.530351784321
-0.202286945309
-0.600630299516
-0.746328570261
0.140947668782
-0.950431161773
-0.0752138669627
0.826453394172
-0.189158269744
-0.949063906922
0.53394364702
-0.5197349214
0.213506590056
-1.29484770692
0.301400689657
-0.739974870194
-0.703200561574
-0.663957413649
-1.01180648349
-0.7733787248
-0.28703107681
0.0492765998375
-0.44699502662
-0.0211130156287
-0.850443385571
0.90080692669
-0.157923603223
0.459166225236
-0.989195569973
-0.522624269914
0.901421064186
-0.533691562302
0.805882634578
0.0132323435964
-0.689011256193
-0.846228737968
-0.893096882584
-0.924092725043
0.103709344515
-0.431112178885
-0.245377415602
0.988794715144
0.480329211181
0.0607517862288
0.50917919263
-0.833332728795
0.0811891650167
-0.272347864334
0.936969249033
0.00161955702589
-0.446527506816
-0.374753515787
0.954820088541
0.593581279508
0.124925306569
-0.115528322661
0.393657325468
-0.959340351495
0.242491549816
0.229777624636
-0.727881553522
-0.196811798126
-0.615199753344
0.839200810418
-0.588906976457
0.36004666394
-0.175433510063
0.648681207503
0.107323226761
-0.215615818825
0.746959265214
0.268498324039
-0.730795488679
0.0284666998735
0.857381106424
-0.96696151283
-0.349622820214
0.543570134617
0.937917900707
0.399706784257
-0.721469932054
-0.00929741009032
0.488274111631
-0.518752095321
0.297410820044
0.279063746597
0.68021067268
0.180292561897
-0.104290259721
-0.473431949302
0.930862704225
0.839117201008
-0.405988308399
0.829333321503
-0.0729624821728
0.700882693596
-0.348166154628
0.546672726401
0.982642417422
0.771124198025
-0.646059963373
0.0620842737676
-0.0750736259603
0.968214344477
0.0284031736748
-0.616309453957
0.0735747168109
-0.792903647677
-0.742726370233
-0.525600091287
-0.614450927639
0.791896358417
-0.496611976491
0.68920557044
