4
0
3
2
1
136
-0.706588768365
-16.7892102609
-2.74893285424
-27.2508231167
0.609441016146
-1.22834434179
-18.0140968422
-2.72645343298
-27.3949731793
-0.999872372756
0.754413048404
-0.809763423848
-0.684677728661
0.562391595517
-37.5579347894
-8.20758071223
-7.73431268438
-59.6136589231
-0.13944076929
-0.0745259989056
0.688250861069
0.585179919123
0.530351784321
-0.202286945309
-4.47096597471
-3.84246337535
-0.229261757197
-2.1283063121
-1.25308916943
-0.351422060085
-0.189158269744
-0.949063906922
0.53394364702
-57.0567239525
0.213506590056
-26.0651252819
0.301400689657
-0.739974870194
-1.88107616727
-1.84183317043
-2.18968239102
-0.7733787248
-0.797410270998
-0.0471603131496
-1.44656479384
-0.0211130156287
-0.850443385571
0.390361949027
-0.254363143182
-0.540499587326
-0.989195569973
-0.522624269914
0.901421064186
-0.533691562302
0.805882634578
-0.438713630523
-0.689011256193
-0.846228737968
-2.61721001027
-0.924092725043
0.103709344515
-0.431112178885
-0.245377415602
0.988794715144
0.480329211181
-0.100015824716
0.417118135705
-0.833332728795
0.0811891650167
-0.272347864334
0.936969249033
0.00161955702589
-0.446527506816
-0.374753515787
0.954820088541
-0.0418866120803
-0.0307481237472
-1.05013207041
0.393657325468
-0.959340351495
-0.393065946704
0.0740825735105
-1.66258558886
-0.196811798126
-0.615199753344
0.839200810418
-0.588906976457
0.36004666394
-0.851082309232
0.648681207503
0.107323226761
-1.53136712413
0.746959265214
0.268498324039
-0.730795488679
0.0284666998735
0.857381106424
-0.96696151283
-0.382693788618
0.512852609837
0.937917900707
0.399706784257
-0.721469932054
-0.00929741009032
0.488274111631
-0.518752095321
0.297410820044
-0.204063221977
-1.5093656455
0.101091025168
-2.78962567897
-0.473431949302
0.447423365403
-1.35175155487
-0.485242647304
-1.85740134062
-0.0729624821728
0.700882693596
-0.348166154628
0.546672726401
0.982642417422
-1.63312177686
-2.22665566902
-1.51877359048
-3.17290893795
0.968214344477
0.0284031736748
-0.616309453957
0.0735747168109
-0.792903647677
-0.742726370233
-0.693272099109
-0.614450927639
0.713282083759
-0.496611976491
0.68920557044
