4
0
3
2
1
136
0.415303934073
-1.58461179247
-0.947999831908
-3.45488842522
0.609441016146
-0.106451639347
-2.80949837378
-0.925520410652
-3.59903848787
-0.999872372756
0.754413048404
-0.809763423848
-0.684677728661
0.562391595517
-6.0858921325
-1.59431846655
-1.1210504387
-8.98086987367
-0.13944076929
-0.0745259989056
0.688250861069
0.585179919123
0.530351784321
-0.202286945309
-1.07576437531
-1.12630209589
0.0954966566651
-1.09498410927
-0.219766966547
0.681900142851
-0.189158269744
-0.949063906922
0.53394364702
-7.45725710289
0.213506590056
-4.33583504273
0.301400689657
-0.739974870194
-0.84775396428
-0.808510967391
-1.15636018792
-0.7733787248
-0.34169635846
0.0380793635954
-0.557696942636
-0.0211130156287
-0.850443385571
0.846117715691
-0.16912164537
0.348430170787
-0.989195569973
-0.522624269914
0.901421064186
-0.533691562302
0.805882634578
-0.0365562739709
-0.689011256193
-0.846228737968
-1.08771391918
-0.924092725043
0.103709344515
-0.431112178885
-0.245377415602
0.988794715144
0.480329211181
0.0433495787113
0.499206022531
-0.833332728795
0.0811891650167
-0.272347864334
0.936969249033
0.00161955702589
-0.446527506816
-0.374753515787
0.954820088541
0.525647811498
0.108546440414
-0.218840141732
0.393657325468
-0.959340351495
0.174526347025
0.213390787983
-0.83122905593
-0.196811798126
-0.615199753344
0.839200810418
-0.588906976457
0.36004666394
-0.250161006629
0.648681207503
0.107323226761
-0.361353576824
0.746959265214
0.268498324039
-0.730795488679
0.0284666998735
0.857381106424
-0.96696151283
-0.35353778115
0.540533101956
0.937917900707
0.399706784257
-0.721469932054
-0.00929741009032
0.488274111631
-0.518752095321
0.297410820044
0.268553355685
0.60268038971
0.177643301093
-0.223822444308
-0.473431949302
0.920325133569
0.761408589921
-0.408644345478
0.709589850028
-0.0729624821728
0.700882693596
-0.348166154628
0.546672726401
0.982642417422
0.668320308473
-0.715501079328
-0.0074043263554
-0.232940042988
0.968214344477
0.0284031736748
-0.616309453957
0.0735747168109
-0.792903647677
-0.742726370233
-0.534805275017
-0.614450927639
0.789908515009
-0.496611976491
0.68920557044
