4
0
3
2
1
136
-0.13677870505
-9.0667844022
-1.8342377526
-15.1648517722
0.609441016146
-0.65853427847
-10.2916709835
-1.81175833134
-15.3090018349
-0.999872372756
0.754413048404
-0.809763423848
-0.684677728661
0.562391595517
-21.573263011
-4.84870033914
-4.37543231129
-33.8972310614
-0.13944076929
-0.0745259989056
0.688250861069
0.585179919123
0.530351784321
-0.202286945309
-2.74654078314
-2.46292322209
-0.0643167388695
-1.60348125378
-0.728264111113
0.173402998231
-0.189158269744
-0.949063906922
0.53394364702
-31.8651211492
0.213506590056
-15.0288040543
0.301400689657
-0.739974870194
-1.35625110895
-1.31700811212
-1.6648573327
-0.7733787248
-0.559574426837
-0.00312230875974
-0.985205992512
-0.0211130156287
-0.850443385571
0.628203204248
-0.210324748437
-0.0791320417168
-0.989195569973
-0.522624269914
0.901421064186
-0.533691562302
0.805882634578
-0.230060325377
-0.689011256193
-0.846228737968
-1.82357881726
-0.924092725043
0.103709344515
-0.431112178885
-0.245377415602
0.988794715144
0.480329211181
-0.025471339552
0.46028568564
-0.833332728795
0.0811891650167
-0.272347864334
0.936969249033
0.00161955702589
-0.446527506816
-0.374753515787
0.954820088541
0.254710062917
0.0423367278636
-0.61855174574
0.393657325468
-0.959340351495
-0.0964610927539
0.147169184924
-1.23099628174
-0.196811798126
-0.615199753344
0.839200810418
-0.588906976457
0.36004666394
-0.539212653947
0.648681207503
0.107323226761
-0.921211179851
0.746959265214
0.268498324039
-0.730795488679
0.0284666998735
0.857381106424
-0.96696151283
-0.367757006609
0.527592615926
0.937917900707
0.399706784257
-0.721469932054
-0.00929741009032
0.488274111631
-0.518752095321
0.297410820044
0.080724080867
-0.280631040659
0.146049748249
-1.32098432647
-0.473431949302
0.732212149136
-0.123008656923
-0.440283607186
-0.388751274474
-0.0729624821728
0.700882693596
-0.348166154628
0.546672726401
0.982642417422
-0.314337650906
-1.37205761358
-0.664175091904
-1.49983062248
0.968214344477
0.0284031736748
-0.616309453957
0.0735747168109
-0.792903647677
-0.742726370233
-0.603438852273
-0.614450927639
0.758259149123
-0.496611976491
0.68920557044
