4
0
3
2
1
136
0.319069345602
-2.88884371525
-1.10248167129
-5.49607469672
0.609441016146
-0.202686227818
-4.11373029657
-1.08000225003
-5.64022475937
-0.999872372756
0.754413048404
-0.809763423848
-0.684677728661
0.562391595517
-8.78552558832
-2.16159604067
-1.68832801282
-13.3240887725
-0.13944076929
-0.0745259989056
0.688250861069
0.585179919123
0.530351784321
-0.202286945309
-1.36700062989
-1.35929109947
0.0676392757921
-1.18362120731
-0.308404064638
0.593263044707
-0.189158269744
-0.949063906922
0.53394364702
-11.7118389067
0.213506590056
-6.19974707227
0.301400689657
-0.739974870194
-0.936391062476
-0.897148065641
-1.24499728622
-0.7733787248
-0.377433674063
0.0310750787175
-0.628849736526
-0.0211130156287
-0.850443385571
0.81036918663
-0.176126320113
0.277261336839
-0.989195569973
-0.522624269914
0.901421064186
-0.533691562302
0.805882634578
-0.068699831079
-0.689011256193
-0.846228737968
-1.21123925985
-0.924092725043
0.103709344515
-0.431112178885
-0.245377415602
0.988794715144
0.480329211181
0.0320024853688
0.492794500821
-0.833332728795
0.0811891650167
-0.272347864334
0.936969249033
0.00161955702589
-0.446527506816
-0.374753515787
0.954820088541
0.481251699566
0.0977669576672
-0.285305287045
0.393657325468
-0.959340351495
0.130115216744
0.202607576107
-0.897711030047
-0.196811798126
-0.615199753344
0.839200810418
-0.588906976457
0.36004666394
-0.298255292109
0.648681207503
0.107323226761
-0.454555269525
0.746959265214
0.268498324039
-0.730795488679
0.0284666998735
0.857381106424
-0.96696151283
-0.355975954085
0.538490090056
0.937917900707
0.399706784257
-0.721469932054
-0.00929741009032
0.488274111631
-0.518752095321
0.297410820044
0.257165948413
0.527838061787
0.175083986058
-0.329385217414
-0.473431949302
0.908898193845
0.686355146557
-0.411211839131
0.60379150589
-0.0729624821728
0.700882693596
-0.348166154628
0.546672726401
0.982642417422
0.575648210513
-0.779050495646
-0.0710053460393
-0.363824553283
0.968214344477
0.0284031736748
-0.616309453957
0.0735747168109
-0.792903647677
-0.742726370233
-0.542295813426
-0.614450927639
0.787708196066
-0.496611976491
0.68920557044
