4
0
3
2
1
136
-1.09912458976
-22.1091036302
-3.37905614648
-35.5767144872
0.609441016146
-1.62088016318
-23.3339902115
-3.35657672522
-35.7208645499
-0.999872372756
0.754413048404
-0.809763423848
-0.684677728661
0.562391595517
-48.5695975701
-10.5214760804
-10.0482080525
-77.3294203389
-0.13944076929
-0.0745259989056
0.688250861069
0.585179919123
0.530351784321
-0.202286945309
-5.6589033289
-4.79281325872
-0.3428905476
-2.48985246338
-1.61463532071
-0.71296821137
-0.189158269744
-0.949063906922
0.53394364702
-74.4109392169
0.213506590056
-33.6679243498
0.301400689657
-0.739974870194
-2.24262231855
-2.20337932172
-2.5512285423
-0.7733787248
-0.962435070193
-0.077860854285
-1.7663798807
-0.0211130156287
-0.850443385571
0.225336587154
-0.285063770771
-0.860315675416
-0.989195569973
-0.522624269914
0.901421064186
-0.533691562302
0.805882634578
-0.583205748942
-0.689011256193
-0.846228737968
-3.17025123613
-0.924092725043
0.103709344515
-0.431112178885
-0.245377415602
0.988794715144
0.480329211181
-0.151629049699
0.386706962393
-0.833332728795
0.0811891650167
-0.272347864334
0.936969249033
0.00161955702589
-0.446527506816
-0.374753515787
0.954820088541
-0.24797751666
-0.0817999080736
-1.34929752198
0.393657325468
-0.959340351495
-0.599157885547
0.0230305153692
-1.96175207305
-0.196811798126
-0.615199753344
0.839200810418
-0.588906976457
0.36004666394
-1.06740097098
0.648681207503
0.107323226761
-1.9583243092
0.746959265214
0.268498324039
-0.730795488679
0.0284666998735
0.857381106424
-0.96696151283
-0.393015512146
0.502550722918
0.937917900707
0.399706784257
-0.721469932054
-0.00929741009032
0.488274111631
-0.518752095321
0.297410820044
-0.400331106157
-2.35641514118
0.0701013605142
-3.80195268793
-0.473431949302
0.251155480889
-2.19880106012
-0.516232312024
-2.86972836523
-0.0729624821728
0.700882693596
-0.348166154628
0.546672726401
0.982642417422
-2.54215048889
-2.81545938472
-2.10757730624
-4.32900321806
0.968214344477
0.0284031736748
-0.616309453957
0.0735747168109
-0.792903647677
-0.742726370233
-0.755250996493
-0.614450927639
0.682292413961
-0.496611976491
0.68920557044
