4
0
3
2
1
136
-0.3115204578
-11.4349949989
-2.11474425044
-18.8712163179
0.609441016146
-0.83327603122
-12.6598815802
-2.09226482918
-19.0153663805
-0.999872372756
0.754413048404
-0.809763423848
-0.684677728661
0.562391595517
-26.4752290231
-5.87875698689
-5.40548895904
-41.7836022723
-0.13944076929
-0.0745259989056
0.688250861069
0.585179919123
0.530351784321
-0.202286945309
-3.27536450855
-2.88598220242
-0.114899877823
-1.764427605
-0.88921046233
0.0124566470141
-0.189158269744
-0.949063906922
0.53394364702
-39.5905460089
0.213506590056
-18.4132758974
0.301400689657
-0.739974870194
-1.51719746017
-1.47795446333
-1.82580368392
-0.7733787248
-0.632037702537
-0.0165267652486
-1.1259091072
-0.0211130156287
-0.850443385571
0.555736976961
-0.223729384217
-0.219839810262
-0.989195569973
-0.522624269914
0.901421064186
-0.533691562302
0.805882634578
-0.293736038309
-0.689011256193
-0.846228737968
-2.06508114043
-0.924092725043
0.103709344515
-0.431112178885
-0.245377415602
0.988794715144
0.480329211181
-0.0482191823618
0.44723508708
-0.833332728795
0.0811891650167
-0.272347864334
0.936969249033
0.00161955702589
-0.446527506816
-0.374753515787
0.954820088541
0.164421565887
0.0201406510647
-0.750175337323
0.393657325468
-0.959340351495
-0.186753907127
0.124972181074
-1.36262466798
-0.196811798126
-0.615199753344
0.839200810418
-0.588906976457
0.36004666394
-0.634318062861
0.648681207503
0.107323226761
-1.1064625826
0.746959265214
0.268498324039
-0.730795488679
0.0284666998735
0.857381106424
-0.96696151283
-0.372325952185
0.52313039295
0.937917900707
0.399706784257
-0.721469932054
-0.00929741009032
0.488274111631
-0.518752095321
0.297410820044
-0.00653702395462
-0.656952451595
0.132278673208
-1.7708736789
-0.473431949302
0.644949663479
-0.499337495477
-0.454054975572
-0.838648377681
-0.0729624821728
0.700882693596
-0.348166154628
0.546672726401
0.982642417422
-0.718325521561
-1.63405972235
-0.926177619088
-2.01133348652
0.968214344477
0.0284031736748
-0.616309453957
0.0735747168109
-0.792903647677
-0.742726370233
-0.630915354229
-0.614450927639
0.744471332446
-0.496611976491
0.68920557044
