4
0
3
2
1
136
-0.235545782691
-10.4053382177
-1.99278490355
-17.2597534719
0.609441016146
-0.757301356111
-11.630224799
-1.97030548229
-17.4039035346
-0.999872372756
0.754413048404
-0.809763423848
-0.684677728661
0.562391595517
-24.3439394526
-5.43090627048
-4.95763824263
-38.3547452241
-0.13944076929
-0.0745259989056
0.688250861069
0.585179919123
0.530351784321
-0.202286945309
-3.04544114968
-2.70204351532
-0.0929072087129
-1.69445093056
-0.819233787888
0.0824333214563
-0.189158269744
-0.949063906922
0.53394364702
-36.2316656351
0.213506590056
-16.9417664004
0.301400689657
-0.739974870194
-1.44722078573
-1.40797778889
-1.75582700948
-0.7733787248
-0.600447558432
-0.0106846150791
-1.06459726764
-0.0211130156287
-0.850443385571
0.587328173505
-0.217887165367
-0.158526290445
-0.989195569973
-0.522624269914
0.901421064186
-0.533691562302
0.805882634578
-0.265994482489
-0.689011256193
-0.846228737968
-1.95979900756
-0.924092725043
0.103709344515
-0.431112178885
-0.245377415602
0.988794715144
0.480329211181
-0.0383078109672
0.452936019797
-0.833332728795
0.0811891650167
-0.272347864334
0.936969249033
0.00161955702589
-0.446527506816
-0.374753515787
0.954820088541
0.203792776309
0.0298252035724
-0.692819864193
0.393657325468
-0.959340351495
-0.147381136493
0.134657065677
-1.30526746755
-0.196811798126
-0.615199753344
0.839200810418
-0.588906976457
0.36004666394
-0.59287674506
0.648681207503
0.107323226761
-1.02564715101
0.746959265214
0.268498324039
-0.730795488679
0.0284666998735
0.857381106424
-0.96696151283
-0.370337512876
0.525080573267
0.937917900707
0.399706784257
-0.721469932054
-0.00929741009032
0.488274111631
-0.518752095321
0.297410820044
0.0314329732585
-0.493157125545
0.138272565174
-1.57509102216
-0.473431949302
0.68291987915
-0.335540766945
-0.448061033883
-0.642864238799
-0.0729624821728
0.700882693596
-0.348166154628
0.546672726401
0.982642417422
-0.542521804713
-1.52011369248
-0.812231528639
-1.78857233287
0.968214344477
0.0284031736748
-0.616309453957
0.0735747168109
-0.792903647677
-0.742726370233
-0.618946009006
-0.614450927639
0.750468315678
-0.496611976491
0.68920557044
