4
0
3
2
1
136
-0.359637752035
-12.0871109603
-2.19198517013
-19.8918094536
0.609441016146
-0.881393325456
-13.3119975416
-2.16950574887
-20.0359595163
-0.999872372756
0.754413048404
-0.809763423848
-0.684677728661
0.562391595517
-27.825045751
-6.16239577395
-5.6891277461
-43.9552117362
-0.13944076929
-0.0745259989056
0.688250861069
0.585179919123
0.530351784321
-0.202286945309
-3.42098263584
-3.00247670425
-0.12882856826
-1.80874616548
-0.93352902281
-0.0318619134659
-0.189158269744
-0.949063906922
0.53394364702
-41.7178369123
0.213506590056
-19.3452319122
0.301400689657
-0.739974870194
-1.56151602065
-1.52227302381
-1.8701222444
-0.7733787248
-0.652095696569
-0.0202366391911
-1.16482344407
-0.0211130156287
-0.850443385571
0.535678456061
-0.227439295554
-0.258755000075
-0.989195569973
-0.522624269914
0.901421064186
-0.533691562302
0.805882634578
-0.311339408128
-0.689011256193
-0.846228737968
-2.13194798229
-0.924092725043
0.103709344515
-0.431112178885
-0.245377415602
0.988794715144
0.480329211181
-0.0545086837531
0.443606069833
-0.833332728795
0.0811891650167
-0.272347864334
0.936969249033
0.00161955702589
-0.446527506816
-0.374753515787
0.954820088541
0.139415515063
0.0139851084164
-0.78657839707
0.393657325468
-0.959340351495
-0.211760752089
0.118816470188
-1.39902860275
-0.196811798126
-0.615199753344
0.839200810418
-0.588906976457
0.36004666394
-0.660620586807
0.648681207503
0.107323226761
-1.15782983693
0.746959265214
0.268498324039
-0.730795488679
0.0284666998735
0.857381106424
-0.96696151283
-0.373586524187
0.521889064572
0.937917900707
0.399706784257
-0.721469932054
-0.00929741009032
0.488274111631
-0.518752095321
0.297410820044
-0.0305915767582
-0.760740571608
0.128480942061
-1.89492058014
-0.473431949302
0.620895059153
-0.603126004705
-0.457852718864
-0.962695698288
-0.0729624821728
0.700882693596
-0.348166154628
0.546672726401
0.982642417422
-0.829713779871
-1.70623215931
-0.998350069335
-2.15258031899
0.968214344477
0.0284031736748
-0.616309453957
0.0735747168109
-0.792903647677
-0.742726370233
-0.638504021721
-0.614450927639
0.740672803011
-0.496611976491
0.68920557044
