4
0
3
2
1
136
-0.868668075264
-18.985811394
-3.00911279426
-30.6886105213
0.609441016146
-1.39042364868
-20.2106979753
-2.98663337301
-30.8327605839
-0.999872372756
0.754413048404
-0.809763423848
-0.684677728661
0.562391595517
-42.104685873
-9.16299557391
-8.68972754606
-66.9285539593
-0.13944076929
-0.0745259989056
0.688250861069
0.585179919123
0.530351784321
-0.202286945309
-4.96146914031
-4.23486590784
-0.276179451299
-2.27758988424
-1.40237274157
-0.500705632228
-0.189158269744
-0.949063906922
0.53394364702
-64.2223354165
0.213506590056
-29.2043455422
0.301400689657
-0.739974870194
-2.03035973941
-1.99111674258
-2.33896596316
-0.7733787248
-0.865510322315
-0.0598140749862
-1.57854971175
-0.0211130156287
-0.850443385571
0.322261567749
-0.267016949588
-0.672485087124
-0.989195569973
-0.522624269914
0.901421064186
-0.533691562302
0.805882634578
-0.498352112106
-0.689011256193
-0.846228737968
-2.84519703231
-0.924092725043
0.103709344515
-0.431112178885
-0.245377415602
0.988794715144
0.480329211181
-0.121320032541
0.404603499026
-0.833332728795
0.0811891650167
-0.272347864334
0.936969249033
0.00161955702589
-0.446527506816
-0.374753515787
0.954820088541
-0.126914934092
-0.051787037908
-1.17359484147
0.393657325468
-0.959340351495
-0.478094852626
0.0530435159938
-1.78604895731
-0.196811798126
-0.615199753344
0.839200810418
-0.588906976457
0.36004666394
-0.940338222933
0.648681207503
0.107323226761
-1.70724048581
0.746959265214
0.268498324039
-0.730795488679
0.0284666998735
0.857381106424
-0.96696151283
-0.386954418201
0.508603824386
0.937917900707
0.399706784257
-0.721469932054
-0.00929741009032
0.488274111631
-0.518752095321
0.297410820044
-0.285102851588
-1.85911450936
0.0882952953953
-3.20761794309
-0.473431949302
0.366383735492
-1.70150042668
-0.498038377137
-2.27539361715
-0.0729624821728
0.700882693596
-0.348166154628
0.546672726401
0.982642417422
-2.008462014
-2.46977461457
-1.76189253608
-3.6501438542
0.968214344477
0.0284031736748
-0.616309453957
0.0735747168109
-0.792903647677
-0.742726370233
-0.718863208255
-0.614450927639
0.700486349299
-0.496611976491
0.68920557044
