4
0
3
2
1
136
0.0506254935515
-6.52696434201
-1.53340469695
-11.1899100856
0.609441016146
-0.471130079869
-7.75185092333
-1.51092527569
-11.3340601483
-0.999872372756
0.754413048404
-0.809763423848
-0.684677728661
0.562391595517
-16.3160820706
-3.74400190532
-3.27073387747
-25.4393836758
-0.13944076929
-0.0745259989056
0.688250861069
0.585179919123
0.530351784321
-0.202286945309
-2.17939649791
-2.0092077939
-0.0100681550642
-1.43087212349
-0.555654980823
0.346012128522
-0.189158269744
-0.949063906922
0.53394364702
-23.5798828939
0.213506590056
-11.3990806284
0.301400689657
-0.739974870194
-1.18364197866
-1.14439898183
-1.49224820241
-0.7733787248
-0.482967603855
0.0111011107903
-0.836064285754
-0.0211130156287
-0.850443385571
0.704816170983
-0.196101029307
0.0700189853083
-0.989195569973
-0.522624269914
0.901421064186
-0.533691562302
0.805882634578
-0.162521507278
-0.689011256193
-0.846228737968
-1.56780728989
-0.924092725043
0.103709344515
-0.431112178885
-0.245377415602
0.988794715144
0.480329211181
-0.00136209939859
0.473986809732
-0.833332728795
0.0811891650167
-0.272347864334
0.936969249033
0.00161955702589
-0.446527506816
-0.374753515787
0.954820088541
0.350063043452
0.0657241500023
-0.47904318573
0.393657325468
-0.959340351495
-0.00109945131322
0.170558545791
-1.09147804421
-0.196811798126
-0.615199753344
0.839200810418
-0.588906976457
0.36004666394
-0.438381904916
0.648681207503
0.107323226761
-0.725607713187
0.746959265214
0.268498324039
-0.730795488679
0.0284666998735
0.857381106424
-0.96696151283
-0.362880811292
0.532250964216
0.937917900707
0.399706784257
-0.721469932054
-0.00929741009032
0.488274111631
-0.518752095321
0.297410820044
0.172241436404
0.114594290827
0.160470876672
-0.847059768996
-0.473431949302
0.823754975426
0.272311505388
-0.425858252733
0.0852712729942
-0.0729624821728
0.700882693596
-0.348166154628
0.546672726401
0.982642417422
0.11147607422
-1.09366869983
-0.385776254833
-0.962467591478
0.968214344477
0.0284031736748
-0.616309453957
0.0735747168109
-0.792903647677
-0.742726370233
-0.574703301376
-0.614450927639
0.772851462105
-0.496611976491
0.68920557044
