4
0
3
2
1
136
-0.569834353169
-14.9358280548
-2.52940602985
-24.350189994
0.609441016146
-1.09158992659
-16.1607146361
-2.50692660859
-24.4943400566
-0.999872372756
0.754413048404
-0.809763423848
-0.684677728661
0.562391595517
-33.7216135626
-7.40144942269
-6.92818139484
-53.4417162363
-0.13944076929
-0.0745259989056
0.688250861069
0.585179919123
0.530351784321
-0.202286945309
-4.05710392873
-3.51137373857
-0.189674952798
-2.0023482981
-1.12713115543
-0.225464046089
-0.189158269744
-0.949063906922
0.53394364702
-51.0107392797
0.213506590056
-23.4164081873
0.301400689657
-0.739974870194
-1.75511815327
-1.71587515644
-2.06372437702
-0.7733787248
-0.740029578988
-0.0365168351006
-1.3353381391
-0.0211130156287
-0.850443385571
0.447743124449
-0.243719612718
-0.429272100626
-0.989195569973
-0.522624269914
0.901421064186
-0.533691562302
0.805882634578
-0.388441831095
-0.689011256193
-0.846228737968
-2.42539612039
-0.924092725043
0.103709344515
-0.431112178885
-0.245377415602
0.988794715144
0.480329211181
-0.0820560995113
0.427616154251
-0.833332728795
0.0811891650167
-0.272347864334
0.936969249033
0.00161955702589
-0.446527506816
-0.374753515787
0.954820088541
0.0297302728789
-0.0130564630549
-0.946086662835
0.393657325468
-0.959340351495
-0.321448257191
0.0917744152027
-1.55853933032
-0.196811798126
-0.615199753344
0.839200810418
-0.588906976457
0.36004666394
-0.775882009386
0.648681207503
0.107323226761
-1.38357180062
0.746959265214
0.268498324039
-0.730795488679
0.0284666998735
0.857381106424
-0.96696151283
-0.379101229046
0.51642751238
0.937917900707
0.399706784257
-0.721469932054
-0.00929741009032
0.488274111631
-0.518752095321
0.297410820044
-0.135686171382
-1.21426869441
0.111887389912
-2.43694897198
-0.473431949302
0.515800417968
-1.05665457065
-0.474446282118
-1.50472458994
-0.0729624821728
0.700882693596
-0.348166154628
0.546672726401
0.982642417422
-1.31643222606
-2.0215241508
-1.31364207186
-2.77046241706
0.968214344477
0.0284031736748
-0.616309453957
0.0735747168109
-0.792903647677
-0.742726370233
-0.671680586638
-0.614450927639
0.724078481701
-0.496611976491
0.68920557044
