4
0
3
2
1
136
-0.759771040941
-17.5099700077
-2.83430439706
-28.3788471088
0.609441016146
-1.28152661436
-18.734856589
-2.8118249758
-28.5229971714
-0.999872372756
0.754413048404
-0.809763423848
-0.684677728661
0.562391595517
-39.0498374887
-8.52107621372
-8.04780818587
-62.0138588568
-0.13944076929
-0.0745259989056
0.688250861069
0.585179919123
0.530351784321
-0.202286945309
-4.63191232592
-3.97122045633
-0.244656625574
-2.17728998421
-1.30207284154
-0.400405732195
-0.189158269744
-0.949063906922
0.53394364702
-59.4079402141
0.213506590056
-27.0951819298
0.301400689657
-0.739974870194
-1.93005983938
-1.89081684254
-2.23866606313
-0.7733787248
-0.819746849325
-0.0513081266166
-1.48985721477
-0.0211130156287
-0.850443385571
0.368025240038
-0.258510973053
-0.583792237059
-0.989195569973
-0.522624269914
0.901421064186
-0.533691562302
0.805882634578
-0.458277259783
-0.689011256193
-0.846228737968
-2.69194939247
-0.924092725043
0.103709344515
-0.431112178885
-0.245377415602
0.988794715144
0.480329211181
-0.107004594775
0.41301956049
-0.833332728795
0.0811891650167
-0.272347864334
0.936969249033
0.00161955702589
-0.446527506816
-0.374753515787
0.954820088541
-0.0697721357161
-0.0376439887112
-1.09062916797
0.393657325468
-0.959340351495
-0.420951696753
0.0671866548497
-1.70308292091
-0.196811798126
-0.615199753344
0.839200810418
-0.588906976457
0.36004666394
-0.880356554759
0.648681207503
0.107323226761
-1.58899921251
0.746959265214
0.268498324039
-0.730795488679
0.0284666998735
0.857381106424
-0.96696151283
-0.384091538927
0.511459585453
0.937917900707
0.399706784257
-0.721469932054
-0.00929741009032
0.488274111631
-0.518752095321
0.297410820044
-0.230654344302
-1.62412676044
0.0968924276952
-2.92677909875
-0.473431949302
0.420832242903
-1.46651267399
-0.489441244813
-1.99455476664
-0.0729624821728
0.700882693596
-0.348166154628
0.546672726401
0.982642417422
-1.75628004723
-2.30642906913
-1.59854699061
-3.32947618701
0.968214344477
0.0284031736748
-0.616309453957
0.0735747168109
-0.792903647677
-0.742726370233
-0.701669115807
-0.614450927639
0.709083483484
-0.496611976491
0.68920557044
