4
0
3
2
1
136
-0.645809028278
-15.965484836
-2.65136537673
-25.9616528399
0.609441016146
-1.1675646017
-17.1903714173
-2.62888595548
-26.1058029026
-0.999872372756
0.754413048404
-0.809763423848
-0.684677728661
0.562391595517
-35.852903133
-7.8493001391
-7.37603211125
-56.8705732845
-0.13944076929
-0.0745259989056
0.688250861069
0.585179919123
0.530351784321
-0.202286945309
-4.28702728761
-3.69531242567
-0.211667621908
-2.07232497254
-1.19710782988
-0.295440720531
-0.189158269744
-0.949063906922
0.53394364702
-54.3696196534
0.213506590056
-24.8879176843
0.301400689657
-0.739974870194
-1.82509482772
-1.78585183088
-2.13370105146
-0.7733787248
-0.771896342505
-0.0424256487973
-1.3971111667
-0.0211130156287
-0.850443385571
0.415876062254
-0.249628457529
-0.491045639777
-0.989195569973
-0.522624269914
0.901421064186
-0.533691562302
0.805882634578
-0.416363516107
-0.689011256193
-0.846228737968
-2.53188812736
-0.924092725043
0.103709344515
-0.431112178885
-0.245377415602
0.988794715144
0.480329211181
-0.0920313694626
0.421791711127
-0.833332728795
0.0811891650167
-0.272347864334
0.936969249033
0.00161955702589
-0.446527506816
-0.374753515787
0.954820088541
-0.0100391386939
-0.0228774186006
-1.00387148324
0.393657325468
-0.959340351495
-0.361218160716
0.0819533503694
-1.61632467379
-0.196811798126
-0.615199753344
0.839200810418
-0.588906976457
0.36004666394
-0.817644869078
0.648681207503
0.107323226761
-1.46560444062
0.746959265214
0.268498324039
-0.730795488679
0.0284666998735
0.857381106424
-0.96696151283
-0.381096765083
0.514442907827
0.937917900707
0.399706784257
-0.721469932054
-0.00929741009032
0.488274111631
-0.518752095321
0.297410820044
-0.173673387868
-1.37821066906
0.105889417647
-2.63287960426
-0.473431949302
0.477813199963
-1.22059656949
-0.480444254728
-1.70065525347
-0.0729624821728
0.700882693596
-0.348166154628
0.546672726401
0.982642417422
-1.49237007503
-2.13548608207
-1.42760400343
-2.99401294279
0.968214344477
0.0284031736748
-0.616309453957
0.0735747168109
-0.792903647677
-0.742726370233
-0.683675668753
-0.614450927639
0.718080483682
-0.496611976491
0.68920557044
