4
0
3
2
1
136
-0.0177517140463
-7.45365544505
-1.64316810915
-12.640226647
0.609441016146
-0.539507287467
-8.67854202637
-1.62068868789
-12.7843767096
-0.999872372756
0.754413048404
-0.809763423848
-0.684677728661
0.562391595517
-18.234242684
-4.1470675501
-3.67379952224
-28.5253550192
-0.13944076929
-0.0745259989056
0.688250861069
0.585179919123
0.530351784321
-0.202286945309
-2.3863275209
-2.17475261229
-0.0298615572634
-1.49385113049
-0.618633987821
0.283033121524
-0.189158269744
-0.949063906922
0.53394364702
-26.6028752303
0.213506590056
-12.7234391757
0.301400689657
-0.739974870194
-1.24662098566
-1.20737798882
-1.55522720941
-0.7733787248
-0.510734979576
0.00593309729096
-0.890193643699
-0.0211130156287
-0.850443385571
0.677046068911
-0.201269168198
0.0158855335399
-0.989195569973
-0.522624269914
0.901421064186
-0.533691562302
0.805882634578
-0.1870381966
-0.689011256193
-0.846228737968
-1.66064399039
-0.924092725043
0.103709344515
-0.431112178885
-0.245377415602
0.988794715144
0.480329211181
-0.0101096927993
0.469030535374
-0.833332728795
0.0811891650167
-0.272347864334
0.936969249033
0.00161955702589
-0.446527506816
-0.374753515787
0.954820088541
0.315513291511
0.057257070657
-0.529673712569
0.393657325468
-0.959340351495
-0.0356530127402
0.162090601651
-1.14211283144
-0.196811798126
-0.615199753344
0.839200810418
-0.588906976457
0.36004666394
-0.474980979556
0.648681207503
0.107323226761
-0.796520084838
0.746959265214
0.268498324039
-0.730795488679
0.0284666998735
0.857381106424
-0.96696151283
-0.364656206566
0.530571700467
0.937917900707
0.399706784257
-0.721469932054
-0.00929741009032
0.488274111631
-0.518752095321
0.297410820044
0.139573139844
-0.0269553625818
0.155321844016
-1.0172452789
-0.473431949302
0.791069343928
0.130700285003
-0.431010043875
-0.0849778586375
-0.0729624821728
0.700882693596
-0.348166154628
0.546672726401
0.982642417422
-0.0415067790706
-1.1942890907
-0.486403678812
-1.15534168259
0.968214344477
0.0284031736748
-0.616309453957
0.0735747168109
-0.792903647677
-0.742726370233
-0.58498794509
-0.614450927639
0.767599097278
-0.496611976491
0.68920557044
