4
0
3
2
1
136
0.422901401584
-1.48164611436
-0.935803897227
-3.29374214063
0.609441016146
-0.0988541718362
-2.70653269567
-0.91332447597
-3.43789220328
-0.999872372756
0.754413048404
-0.809763423848
-0.684677728661
0.562391595517
-5.87276317548
-1.5495333949
-1.07626536705
-8.63798418397
-0.13944076929
-0.0745259989056
0.688250861069
0.585179919123
0.530351784321
-0.202286945309
-1.05277203942
-1.10790822727
0.0976959235762
-1.08798645267
-0.212769309921
0.688897799502
-0.189158269744
-0.949063906922
0.53394364702
-7.12136906813
0.213506590056
-4.18868409303
0.301400689657
-0.739974870194
-0.840756307604
-0.80151331069
-1.14936253119
-0.7733787248
-0.338939557962
0.0386280812233
-0.552175222678
-0.0211130156287
-0.850443385571
0.848875514884
-0.168572893699
0.353953315524
-0.989195569973
-0.522624269914
0.901421064186
-0.533691562302
0.805882634578
-0.0340652782964
-0.689011256193
-0.846228737968
-1.0780868302
-0.924092725043
0.103709344515
-0.431112178885
-0.245377415602
0.988794715144
0.480329211181
0.0442259429949
0.499703126854
-0.833332728795
0.0811891650167
-0.272347864334
0.936969249033
0.00161955702589
-0.446527506816
-0.374753515787
0.954820088541
0.529072570451
0.10937588963
-0.213684110215
0.393657325468
-0.959340351495
0.17795243785
0.214220570269
-0.826071530686
-0.196811798126
-0.615199753344
0.839200810418
-0.588906976457
0.36004666394
-0.246430204845
0.648681207503
0.107323226761
-0.354110140929
0.746959265214
0.268498324039
-0.730795488679
0.0284666998735
0.857381106424
-0.96696151283
-0.353346410272
0.540688903542
0.937917900707
0.399706784257
-0.721469932054
-0.00929741009032
0.488274111631
-0.518752095321
0.297410820044
0.269238132957
0.607475410835
0.177807001402
-0.216774705266
-0.473431949302
0.921011988392
0.766216095219
-0.40848016789
0.71665189082
-0.0729624821728
0.700882693596
-0.348166154628
0.546672726401
0.982642417422
0.674451099661
-0.711321110372
-0.00322116399038
-0.223961820906
0.968214344477
0.0284031736748
-0.616309453957
0.0735747168109
-0.792903647677
-0.742726370233
-0.534285297983
-0.614450927639
0.790040113183
-0.496611976491
0.68920557044
