4
0
3
2
1
136
-0.625549114916
-15.6909096943
-2.61884288423
-25.5319294143
0.609441016146
-1.14730468834
-16.9157962756
-2.59636346297
-25.676079477
-0.999872372756
0.754413048404
-0.809763423848
-0.684677728661
0.562391595517
-35.2845592476
-7.72987328139
-7.25660525354
-55.956211405
-0.13944076929
-0.0745259989056
0.688250861069
0.585179919123
0.530351784321
-0.202286945309
-4.22571439191
-3.64626210911
-0.205802910146
-2.05366452603
-1.17844738336
-0.276780274014
-0.189158269744
-0.949063906922
0.53394364702
-53.4739182204
0.213506590056
-24.4955151518
0.301400689657
-0.739974870194
-1.8064343812
-1.76719138436
-2.11504060495
-0.7733787248
-0.76339547705
-0.040848883211
-1.38063311679
-0.0211130156287
-0.850443385571
0.424376999226
-0.248051684167
-0.474567466697
-0.989195569973
-0.522624269914
0.901421064186
-0.533691562302
0.805882634578
-0.408915816806
-0.689011256193
-0.846228737968
-2.50347191071
-0.924092725043
0.103709344515
-0.431112178885
-0.245377415602
0.988794715144
0.480329211181
-0.0893706563681
0.42334688711
-0.833332728795
0.0811891650167
-0.272347864334
0.936969249033
0.00161955702589
-0.446527506816
-0.374753515787
0.954820088541
0.000570758994669
-0.0202565021326
-0.988457325672
0.393657325468
-0.959340351495
-0.350608143902
0.0845742936273
-1.60091039025
-0.196811798126
-0.615199753344
0.839200810418
-0.588906976457
0.36004666394
-0.806504125098
0.648681207503
0.107323226761
-1.44370968116
0.746959265214
0.268498324039
-0.730795488679
0.0284666998735
0.857381106424
-0.96696151283
-0.380564534433
0.514972525766
0.937917900707
0.399706784257
-0.721469932054
-0.00929741009032
0.488274111631
-0.518752095321
0.297410820044
-0.163543451907
-1.3344925629
0.107488879728
-2.58063116338
-0.473431949302
0.487943136185
-1.17687845875
-0.478844792589
-1.64840680647
-0.0729624821728
0.700882693596
-0.348166154628
0.546672726401
0.982642417422
-1.44545306634
-2.10509622565
-1.39721414697
-2.93439127145
0.968214344477
0.0284031736748
-0.616309453957
0.0735747168109
-0.792903647677
-0.742726370233
-0.68047691706
-0.614450927639
0.719679950126
-0.496611976491
0.68920557044
