4
0
3
2
1
136
0.156990038704
-5.08544484839
-1.36266161131
-8.93386210135
0.609441016146
-0.364765534717
-6.3103314297
-1.34018219005
-9.078012164
-0.999872372756
0.754413048404
-0.809763423848
-0.684677728661
0.562391595517
-13.3322766719
-3.11701090235
-2.6437428745
-20.6389838083
-0.13944076929
-0.0745259989056
0.688250861069
0.585179919123
0.530351784321
-0.202286945309
-1.85750379549
-1.75169363196
0.0207215816902
-1.33290477927
-0.457687636604
0.44397947274
-0.189158269744
-0.949063906922
0.53394364702
-18.8774503707
0.213506590056
-9.33896733256
0.301400689657
-0.739974870194
-1.08567463444
-1.04643163761
-1.39428085819
-0.7733787248
-0.440361568131
0.0190815762941
-0.752766266273
-0.0211130156287
-0.850443385571
0.747427934169
-0.188120323069
0.153325466593
-0.989195569973
-0.522624269914
0.901421064186
-0.533691562302
0.805882634578
-0.124791413234
-0.689011256193
-0.846228737968
-1.42480333085
-0.924092725043
0.103709344515
-0.431112178885
-0.245377415602
0.988794715144
0.480329211181
0.0120834611884
0.481577351405
-0.833332728795
0.0811891650167
-0.272347864334
0.936969249033
0.00161955702589
-0.446527506816
-0.374753515787
0.954820088541
0.403048150973
0.0786901871521
-0.401141453505
0.393657325468
-0.959340351495
0.051893554149
0.183526423427
-1.01356747401
-0.196811798126
-0.615199753344
0.839200810418
-0.588906976457
0.36004666394
-0.382052930949
0.648681207503
0.107323226761
-0.616613637626
0.746959265214
0.268498324039
-0.730795488679
0.0284666998735
0.857381106424
-0.96696151283
-0.360130456504
0.534800999579
0.937917900707
0.399706784257
-0.721469932054
-0.00929741009032
0.488274111631
-0.518752095321
0.297410820044
0.217006876432
0.315343546485
0.167677585787
-0.602570739151
-0.473431949302
0.868594551862
0.473304924471
-0.418640919445
0.330014090965
-0.0729624821728
0.700882693596
-0.348166154628
0.546672726401
0.982642417422
0.331414099198
-0.946453270271
-0.238523227154
-0.684126713234
0.968214344477
0.0284031736748
-0.616309453957
0.0735747168109
-0.792903647677
-0.742726370233
-0.559865475429
-0.614450927639
0.780327288266
-0.496611976491
0.68920557044
