4
0
3
2
1
136
-0.785095932644
-17.8531889348
-2.87495751269
-28.9160013908
0.609441016146
-1.30685150606
-19.0780755161
-2.85247809143
-29.0601514534
-0.999872372756
0.754413048404
-0.809763423848
-0.684677728661
0.562391595517
-39.7602673455
-8.67035978585
-8.197091758
-63.1568112062
-0.13944076929
-0.0745259989056
0.688250861069
0.585179919123
0.530351784321
-0.202286945309
-4.70855344555
-4.03253335203
-0.251987515277
-2.20061554235
-1.32539839969
-0.423731290342
-0.189158269744
-0.949063906922
0.53394364702
-60.5275670053
0.213506590056
-27.5856850955
0.301400689657
-0.739974870194
-1.95338539753
-1.91414240069
-2.26199162127
-0.7733787248
-0.830386613494
-0.0532847859962
-1.5104783523
-0.0211130156287
-0.850443385571
0.357385422145
-0.260487639592
-0.604413469254
-0.989195569973
-0.522624269914
0.901421064186
-0.533691562302
0.805882634578
-0.467595266415
-0.689011256193
-0.846228737968
-2.72756442531
-0.924092725043
0.103709344515
-0.431112178885
-0.245377415602
0.988794715144
0.480329211181
-0.110333220613
0.411065063509
-0.833332728795
0.0811891650167
-0.272347864334
0.936969249033
0.00161955702589
-0.446527506816
-0.374753515787
0.954820088541
-0.0830563249376
-0.0409304440141
-1.10991881439
0.393657325468
-0.959340351495
-0.434235980686
0.0639001764836
-1.72237266447
-0.196811798126
-0.615199753344
0.839200810418
-0.588906976457
0.36004666394
-0.894301415561
0.648681207503
0.107323226761
-1.61647040031
0.746959265214
0.268498324039
-0.730795488679
0.0284666998735
0.857381106424
-0.96696151283
-0.384757234657
0.510795821759
0.937917900707
0.399706784257
-0.721469932054
-0.00929741009032
0.488274111631
-0.518752095321
0.297410820044
-0.243316786389
-1.6787750117
0.0948930949183
-2.99209037645
-0.473431949302
0.408169800768
-1.52116092655
-0.4914405776
-2.05986604637
-0.0729624821728
0.700882693596
-0.348166154628
0.546672726401
0.982642417422
-1.81492694954
-2.34441640436
-1.63653432585
-3.40404148296
0.968214344477
0.0284031736748
-0.616309453957
0.0735747168109
-0.792903647677
-0.742726370233
-0.705667723842
-0.614450927639
0.707084149973
-0.496611976491
0.68920557044
