4
0
3
2
1
136
-0.780030954303
-17.7845451493
-2.86682688956
-28.8085705344
0.609441016146
-1.30178652772
-19.0094317307
-2.84434746831
-28.952720597
-0.999872372756
0.754413048404
-0.809763423848
-0.684677728661
0.562391595517
-39.6181813742
-8.64050307143
-8.16723504358
-62.9282207364
-0.13944076929
-0.0745259989056
0.688250861069
0.585179919123
0.530351784321
-0.202286945309
-4.69322522162
-4.02027077289
-0.250521337337
-2.19595043072
-1.32073328806
-0.419066178713
-0.189158269744
-0.949063906922
0.53394364702
-60.3036416471
0.213506590056
-27.4875844623
0.301400689657
-0.739974870194
-1.9487202859
-1.90947728906
-2.25732650964
-0.7733787248
-0.828258504858
-0.0528893793619
-1.50635385535
-0.0211130156287
-0.850443385571
0.359513541127
-0.260092231557
-0.600288954044
-0.989195569973
-0.522624269914
0.901421064186
-0.533691562302
0.805882634578
-0.465731571656
-0.689011256193
-0.846228737968
-2.72044019378
-0.924092725043
0.103709344515
-0.431112178885
-0.245377415602
0.988794715144
0.480329211181
-0.109667465663
0.411456101461
-0.833332728795
0.0811891650167
-0.272347864334
0.936969249033
0.00161955702589
-0.446527506816
-0.374753515787
0.954820088541
-0.0803992308205
-0.0402730190875
-1.1060606336
0.393657325468
-0.959340351495
-0.431578868246
0.0645576059044
-1.71851446493
-0.196811798126
-0.615199753344
0.839200810418
-0.588906976457
0.36004666394
-0.891512214699
0.648681207503
0.107323226761
-1.61097480508
0.746959265214
0.268498324039
-0.730795488679
0.0284666998735
0.857381106424
-0.96696151283
-0.384624090724
0.510928594237
0.937917900707
0.399706784257
-0.721469932054
-0.00929741009032
0.488274111631
-0.518752095321
0.297410820044
-0.240784297869
-1.66784535745
0.0952929614963
-2.97902811582
-0.473431949302
0.410702289297
-1.51023127206
-0.49104071102
-2.04680378537
-0.0729624821728
0.700882693596
-0.348166154628
0.546672726401
0.982642417422
-1.80319756483
-2.33681893724
-1.62893685874
-3.38912797048
0.968214344477
0.0284031736748
-0.616309453957
0.0735747168109
-0.792903647677
-0.742726370233
-0.704868001087
-0.614450927639
0.707484016676
-0.496611976491
0.68920557044
