4
0
3
2
1
136
0.29880943224
-3.1634188569
-1.13500416379
-5.9257981223
0.609441016146
-0.22294614118
-4.38830543821
-1.11252474254
-6.06994818495
-0.999872372756
0.754413048404
-0.809763423848
-0.684677728661
0.562391595517
-9.35386947377
-2.28102289838
-1.80775487053
-14.2384506518
-0.13944076929
-0.0745259989056
0.688250861069
0.585179919123
0.530351784321
-0.202286945309
-1.42831352559
-1.40834141603
0.0617745640294
-1.20228165371
-0.327064511042
0.574602598302
-0.189158269744
-0.949063906922
0.53394364702
-12.6075403397
0.213506590056
-6.59214960481
0.301400689657
-0.739974870194
-0.955051508882
-0.915808512046
-1.26365773263
-0.7733787248
-0.385131659282
0.0295885535319
-0.644088040683
-0.0211130156287
-0.850443385571
0.802669171369
-0.177612918015
0.262020115621
-0.989195569973
-0.522624269914
0.901421064186
-0.533691562302
0.805882634578
-0.0755920798775
-0.689011256193
-0.846228737968
-1.23758807065
-0.924092725043
0.103709344515
-0.431112178885
-0.245377415602
0.988794715144
0.480329211181
0.0295616149635
0.491419214471
-0.833332728795
0.0811891650167
-0.272347864334
0.936969249033
0.00161955702589
-0.446527506816
-0.374753515787
0.954820088541
0.471687712263
0.0954391407654
-0.299544993367
0.393657325468
-0.959340351495
0.120548495561
0.200279087599
-0.911953797651
-0.196811798126
-0.615199753344
0.839200810418
-0.588906976457
0.36004666394
-0.308558615421
0.648681207503
0.107323226761
-0.474492495471
0.746959265214
0.268498324039
-0.730795488679
0.0284666998735
0.857381106424
-0.96696151283
-0.356492284109
0.5380446699
0.937917900707
0.399706784257
-0.721469932054
-0.00929741009032
0.488274111631
-0.518752095321
0.297410820044
0.253906144807
0.507986496194
0.174402350082
-0.356235053191
-0.473431949302
0.9056258197
0.666444751168
-0.411895794966
0.576877545579
-0.0729624821728
0.700882693596
-0.348166154628
0.546672726401
0.982642417422
0.551863075364
-0.795425945934
-0.0873944226844
-0.396237922371
0.968214344477
0.0284031736748
-0.616309453957
0.0735747168109
-0.792903647677
-0.742726370233
-0.544121376697
-0.614450927639
0.787080470699
-0.496611976491
0.68920557044
