4
0
3
2
1
136
0.103807766128
-5.8062045952
-1.44803315413
-10.0618860935
0.609441016146
-0.417947807293
-7.03109117651
-1.42555373287
-10.2060361561
-0.999872372756
0.754413048404
-0.809763423848
-0.684677728661
0.562391595517
-14.8241793713
-3.43050640384
-2.95723837599
-23.0391837421
-0.13944076929
-0.0745259989056
0.688250861069
0.585179919123
0.530351784321
-0.202286945309
-2.0184501467
-1.88045071293
0.00532671331302
-1.38188845138
-0.506671308714
0.394995800631
-0.189158269744
-0.949063906922
0.53394364702
-21.2286666323
0.213506590056
-10.3690239805
0.301400689657
-0.739974870194
-1.13465830655
-1.09541530972
-1.4432645303
-0.7733787248
-0.461562593384
0.01510091667
-0.794259486619
-0.0211130156287
-0.850443385571
0.726223792619
-0.192101110619
0.111827661431
-0.989195569973
-0.522624269914
0.901421064186
-0.533691562302
0.805882634578
-0.143585516048
-0.689011256193
-0.846228737968
-1.49606915156
-0.924092725043
0.103709344515
-0.431112178885
-0.245377415602
0.988794715144
0.480329211181
0.00538909767553
0.477801738206
-0.833332728795
0.0811891650167
-0.272347864334
0.936969249033
0.00161955702589
-0.446527506816
-0.374753515787
0.954820088541
0.376686566864
0.0722424161451
-0.439944280936
0.393657325468
-0.959340351495
0.0255276872094
0.177077647262
-1.05237509446
-0.196811798126
-0.615199753344
0.839200810418
-0.588906976457
0.36004666394
-0.410113065038
0.648681207503
0.107323226761
-0.670890952608
0.746959265214
0.268498324039
-0.730795488679
0.0284666998735
0.857381106424
-0.96696151283
-0.361503699803
0.533536545856
0.937917900707
0.399706784257
-0.721469932054
-0.00929741009032
0.488274111631
-0.518752095321
0.297410820044
0.195993826147
0.219254798625
0.164247902886
-0.72033340175
-0.473431949302
0.847535969227
0.377067099553
-0.422077025177
0.21209616927
-0.0729624821728
0.700882693596
-0.348166154628
0.546672726401
0.982642417422
0.225474126991
-1.01782873841
-0.309923091898
-0.818571227973
0.968214344477
0.0284031736748
-0.616309453957
0.0735747168109
-0.792903647677
-0.742726370233
-0.567044138358
-0.614450927639
0.776755040022
-0.496611976491
0.68920557044
