4
0
3
2
1
136
0.248159648834
-3.849856711
-1.21631039505
-7.00010668625
0.609441016146
-0.273595924586
-5.07474329231
-1.19383097379
-7.1442567489
-0.999872372756
0.754413048404
-0.809763423848
-0.684677728661
0.562391595517
-10.7747291874
-2.57959004265
-2.1063220148
-16.5243553505
-0.13944076929
-0.0745259989056
0.688250861069
0.585179919123
0.530351784321
-0.202286945309
-1.58159576484
-1.53096720744
0.0471127846225
-1.24893276995
-0.373715627279
0.527951482066
-0.189158269744
-0.949063906922
0.53394364702
-14.8467939221
0.213506590056
-7.57315593615
0.301400689657
-0.739974870194
-1.00170262512
-0.962459628283
-1.31030884887
-0.7733787248
-0.404604951044
0.0258556215253
-0.682524262219
-0.0211130156287
-0.850443385571
0.78319127775
-0.181346018532
0.223577257379
-0.989195569973
-0.522624269914
0.901421064186
-0.533691562302
0.805882634578
-0.0929853028782
-0.689011256193
-0.846228737968
-1.30392326925
-0.924092725043
0.103709344515
-0.431112178885
-0.245377415602
0.988794715144
0.480329211181
0.0233923285814
0.487945607746
-0.833332728795
0.0811891650167
-0.272347864334
0.936969249033
0.00161955702589
-0.446527506816
-0.374753515787
0.954820088541
0.44749125938
0.0895426449202
-0.335469337155
0.393657325468
-0.959340351495
0.0963458233763
0.194381075675
-0.947885104088
-0.196811798126
-0.615199753344
0.839200810418
-0.588906976457
0.36004666394
-0.334549912168
0.648681207503
0.107323226761
-0.52476261821
0.746959265214
0.268498324039
-0.730795488679
0.0284666998735
0.857381106424
-0.96696151283
-0.357787126786
0.536910178029
0.937917900707
0.399706784257
-0.721469932054
-0.00929741009032
0.488274111631
-0.518752095321
0.297410820044
0.243858731098
0.450481208527
0.172417121763
-0.432030409477
-0.473431949302
0.895538577737
0.60877105956
-0.413887768072
0.50090099798
-0.0729624821728
0.700882693596
-0.348166154628
0.546672726401
0.982642417422
0.484374286772
-0.841891659199
-0.133897368815
-0.486345154045
0.968214344477
0.0284031736748
-0.616309453957
0.0735747168109
-0.792903647677
-0.742726370233
-0.549132885205
-0.614450927639
0.785171615473
-0.496611976491
0.68920557044
