4
0
3
2
1
136
-0.460937318847
-13.4599866685
-2.35459763264
-22.0404265815
0.609441016146
-0.982692892267
-14.6848732498
-2.33211821139
-22.1845766442
-0.999872372756
0.754413048404
-0.809763423848
-0.684677728661
0.562391595517
-30.6667651783
-6.7595300625
-6.28626203465
-48.5270211338
-0.13944076929
-0.0745259989056
0.688250861069
0.585179919123
0.530351784321
-0.202286945309
-3.72754711434
-3.24772828706
-0.158152127073
-1.90204839807
-1.0268312554
-0.125164146055
-0.189158269744
-0.949063906922
0.53394364702
-46.1963440773
0.213506590056
-21.3072445749
0.301400689657
-0.739974870194
-1.65481825324
-1.6155752564
-1.96342447699
-0.7733787248
-0.694421101605
-0.0280687784326
-1.24691117301
-0.0211130156287
-0.850443385571
0.493352210269
-0.235271500731
-0.340844111678
-0.989195569973
-0.522624269914
0.901421064186
-0.533691562302
0.805882634578
-0.348463369418
-0.689011256193
-0.846228737968
-2.27312390129
-0.924092725043
0.103709344515
-0.431112178885
-0.245377415602
0.988794715144
0.480329211181
-0.0677727156044
0.435925433437
-0.833332728795
0.0811891650167
-0.272347864334
0.936969249033
0.00161955702589
-0.446527506816
-0.374753515787
0.954820088541
0.0866316446453
0.00098021459347
-0.863368014645
0.393657325468
-0.959340351495
-0.264545916683
0.105811301738
-1.47581963624
-0.196811798126
-0.615199753344
0.839200810418
-0.588906976457
0.36004666394
-0.716106122385
0.648681207503
0.107323226761
-1.26637273414
0.746959265214
0.268498324039
-0.730795488679
0.0284666998735
0.857381106424
-0.96696151283
-0.376242830126
0.51926357618
0.937917900707
0.399706784257
-0.721469932054
-0.00929741009032
0.488274111631
-0.518752095321
0.297410820044
-0.0812383495486
-0.979293867084
0.120484353982
-2.15612428317
-0.473431949302
0.570248248528
-0.821679639355
-0.465849315985
-1.2238997778
-0.0729624821728
0.700882693596
-0.348166154628
0.546672726401
0.982642417422
-1.06426318312
-1.85817910348
-1.15029702263
-2.4502167193
0.968214344477
0.0284031736748
-0.616309453957
0.0735747168109
-0.792903647677
-0.742726370233
-0.654489704938
-0.614450927639
0.732675594732
-0.496611976491
0.68920557044
