4
0
3
2
1
136
-0.638211560767
-15.8625191578
-2.63916944204
-25.8005065553
0.609441016146
-1.15996713419
-17.0874057392
-2.61669002079
-25.944656618
-0.999872372756
0.754413048404
-0.809763423848
-0.684677728661
0.562391595517
-35.639774176
-7.80451506746
-7.33124703961
-56.5276875797
-0.13944076929
-0.0745259989056
0.688250861069
0.585179919123
0.530351784321
-0.202286945309
-4.26403495172
-3.67691855696
-0.209468354997
-2.0653273051
-1.19011016243
-0.288443053087
-0.189158269744
-0.949063906922
0.53394364702
-54.0337316161
0.213506590056
-24.7407667346
0.301400689657
-0.739974870194
-1.81809716027
-1.77885416344
-2.12670338402
-0.7733787248
-0.768708278081
-0.0418342730516
-1.39093148638
-0.0211130156287
-0.850443385571
0.419064152863
-0.249037078909
-0.48486591431
-0.989195569973
-0.522624269914
0.901421064186
-0.533691562302
0.805882634578
-0.413570479542
-0.689011256193
-0.846228737968
-2.5212305518
-0.924092725043
0.103709344515
-0.431112178885
-0.245377415602
0.988794715144
0.480329211181
-0.0910335524474
0.422375065346
-0.833332728795
0.0811891650167
-0.272347864334
0.936969249033
0.00161955702589
-0.446527506816
-0.374753515787
0.954820088541
-0.00606005386251
-0.0218944125813
-0.998090791515
0.393657325468
-0.959340351495
-0.357239032159
0.0829363662512
-1.61054393588
-0.196811798126
-0.615199753344
0.839200810418
-0.588906976457
0.36004666394
-0.813466773135
0.648681207503
0.107323226761
-1.45739231627
0.746959265214
0.268498324039
-0.730795488679
0.0284666998735
0.857381106424
-0.96696151283
-0.380897171641
0.514641545127
0.937917900707
0.399706784257
-0.721469932054
-0.00929741009032
0.488274111631
-0.518752095321
0.297410820044
-0.169874661191
-1.3618163631
0.106489216093
-2.61328642075
-0.473431949302
0.481611926729
-1.20420226193
-0.479844456262
-1.68106206781
-0.0729624821728
0.700882693596
-0.348166154628
0.546672726401
0.982642417422
-1.47477618029
-2.12408988544
-1.41620780679
-2.97165416718
0.968214344477
0.0284031736748
-0.616309453957
0.0735747168109
-0.792903647677
-0.742726370233
-0.682476132632
-0.614450927639
0.718680283615
-0.496611976491
0.68920557044
