4
0
3
2
1
136
-0.797758378495
-18.0247983983
-2.8952840705
-29.1845785318
0.609441016146
-1.31951395192
-19.2496849796
-2.87280464925
-29.3287285944
-0.999872372756
0.754413048404
-0.809763423848
-0.684677728661
0.562391595517
-40.1154822739
-8.74500157192
-8.27173354407
-63.7282873809
-0.13944076929
-0.0745259989056
0.688250861069
0.585179919123
0.530351784321
-0.202286945309
-4.74687400536
-4.06318979988
-0.255652960129
-2.21227832143
-1.33706117876
-0.435394069416
-0.189158269744
-0.949063906922
0.53394364702
-61.087380401
0.213506590056
-27.8309366783
0.301400689657
-0.739974870194
-1.9650481766
-1.92580517976
-2.27365440035
-0.7733787248
-0.835707210913
-0.0542734626588
-1.52079015834
-0.0211130156287
-0.850443385571
0.352064799692
-0.261476319687
-0.61472531954
-0.989195569973
-0.522624269914
0.901421064186
-0.533691562302
0.805882634578
-0.472254697952
-0.689011256193
-0.846228737968
-2.74537762179
-0.924092725043
0.103709344515
-0.431112178885
-0.245377415602
0.988794715144
0.480329211181
-0.111997669794
0.410087171691
-0.833332728795
0.0811891650167
-0.272347864334
0.936969249033
0.00161955702589
-0.446527506816
-0.374753515787
0.954820088541
-0.0896995990551
-0.0425742927527
-1.11956479281
0.393657325468
-0.959340351495
-0.440879299312
0.0622563167575
-1.73201868831
-0.196811798126
-0.615199753344
0.839200810418
-0.588906976457
0.36004666394
-0.90127490106
0.648681207503
0.107323226761
-1.63021230087
0.746959265214
0.268498324039
-0.730795488679
0.0284666998735
0.857381106424
-0.96696151283
-0.385090104551
0.510463849333
0.937917900707
0.399706784257
-0.721469932054
-0.00929741009032
0.488274111631
-0.518752095321
0.297410820044
-0.249648007877
-1.706099155
0.0938934284327
-3.02474603789
-0.473431949302
0.401838579262
-1.54848507038
-0.492440244089
-2.09252170865
-0.0729624821728
0.700882693596
-0.348166154628
0.546672726401
0.982642417422
-1.84425041949
-2.36341007225
-1.65552799375
-3.44132621883
0.968214344477
0.0284031736748
-0.616309453957
0.0735747168109
-0.792903647677
-0.742726370233
-0.707667032942
-0.614450927639
0.70608448321
-0.496611976491
0.68920557044
