4
0
3
2
1
136
-0.463469808017
-13.4943085612
-2.35866294421
-22.0941420097
0.609441016146
-0.985225381437
-14.7191951425
-2.33618352295
-22.2382920724
-0.999872372756
0.754413048404
-0.809763423848
-0.684677728661
0.562391595517
-30.737808164
-6.77445841971
-6.30119039186
-48.6413163688
-0.13944076929
-0.0745259989056
0.688250861069
0.585179919123
0.530351784321
-0.202286945309
-3.73521122631
-3.25385957663
-0.158885216044
-1.90438095388
-1.02916381121
-0.12749670187
-0.189158269744
-0.949063906922
0.53394364702
-46.3083067564
0.213506590056
-21.3562948915
0.301400689657
-0.739974870194
-1.65715080905
-1.61790781222
-1.9657570328
-0.7733787248
-0.695480646852
-0.0282649295651
-1.24896572637
-0.0211130156287
-0.850443385571
0.492292647849
-0.235467653317
-0.342898693616
-0.989195569973
-0.522624269914
0.901421064186
-0.533691562302
0.805882634578
-0.349392384508
-0.689011256193
-0.846228737968
-2.27665957351
-0.924092725043
0.103709344515
-0.431112178885
-0.245377415602
0.988794715144
0.480329211181
-0.0681046394688
0.435732775083
-0.833332728795
0.0811891650167
-0.272347864334
0.936969249033
0.00161955702589
-0.446527506816
-0.374753515787
0.954820088541
0.0853100090952
0.000654390536114
-0.865289950119
0.393657325468
-0.959340351495
-0.265867579122
0.105485471944
-1.47774160094
-0.196811798126
-0.615199753344
0.839200810418
-0.588906976457
0.36004666394
-0.717494907024
0.648681207503
0.107323226761
-1.26909261937
0.746959265214
0.268498324039
-0.730795488679
0.0284666998735
0.857381106424
-0.96696151283
-0.376309274379
0.519197762389
0.937917900707
0.399706784257
-0.721469932054
-0.00929741009032
0.488274111631
-0.518752095321
0.297410820044
-0.0825045624021
-0.98475818012
0.120284428476
-2.16265486386
-0.473431949302
0.568982035276
-0.827143956623
-0.466049241587
-1.23043036337
-0.0729624821728
0.700882693596
-0.348166154628
0.546672726401
0.982642417422
-1.0701273692
-1.86197781344
-1.15409573268
-2.45766138244
0.968214344477
0.0284031736748
-0.616309453957
0.0735747168109
-0.792903647677
-0.742726370233
-0.654889444035
-0.614450927639
0.732475662472
-0.496611976491
0.68920557044
