4
0
3
2
1
136
-0.131713726709
-8.99814061679
-1.82610712947
-15.0574209159
0.609441016146
-0.65346930013
-10.2230271981
-1.80362770822
-15.2015709785
-0.999872372756
0.754413048404
-0.809763423848
-0.684677728661
0.562391595517
-21.4311770397
-4.81884362471
-4.34557559686
-33.6686405915
-0.13944076929
-0.0745259989056
0.688250861069
0.585179919123
0.530351784321
-0.202286945309
-2.73121255922
-2.45066064295
-0.0628505609288
-1.59881614215
-0.723598999484
0.178068109861
-0.189158269744
-0.949063906922
0.53394364702
-31.641195791
0.213506590056
-14.9307034212
0.301400689657
-0.739974870194
-1.35158599732
-1.31234300049
-1.66019222107
-0.7733787248
-0.557485692823
-0.0027355981276
-0.981146378866
-0.0211130156287
-0.850443385571
0.63029205559
-0.209938031379
-0.0750722463122
-0.989195569973
-0.522624269914
0.901421064186
-0.533691562302
0.805882634578
-0.228222484784
-0.689011256193
-0.846228737968
-1.81661580922
-0.924092725043
0.103709344515
-0.431112178885
-0.245377415602
0.988794715144
0.480329211181
-0.0248149217175
0.460660484209
-0.833332728795
0.0811891650167
-0.272347864334
0.936969249033
0.00161955702589
-0.446527506816
-0.374753515787
0.954820088541
0.257311327023
0.0429755109782
-0.614754133744
0.393657325468
-0.959340351495
-0.0938596601123
0.147808004776
-1.22719848187
-0.196811798126
-0.615199753344
0.839200810418
-0.588906976457
0.36004666394
-0.536468438364
0.648681207503
0.107323226761
-0.915877138824
0.746959265214
0.268498324039
-0.730795488679
0.0284666998735
0.857381106424
-0.96696151283
-0.367624835601
0.52772057926
0.937917900707
0.399706784257
-0.721469932054
-0.00929741009032
0.488274111631
-0.518752095321
0.297410820044
0.0832467799747
-0.269758091655
0.146447568191
-1.30797934894
-0.473431949302
0.734734970966
-0.112135126213
-0.439885762675
-0.375745694236
-0.0729624821728
0.700882693596
-0.348166154628
0.546672726401
0.982642417422
-0.302658632103
-1.36447060555
-0.656588044343
-1.4850663593
0.968214344477
0.0284031736748
-0.616309453957
0.0735747168109
-0.792903647677
-0.742726370233
-0.602646549162
-0.614450927639
0.758658269293
-0.496611976491
0.68920557044
