4
0
3
2
1
136
-0.151973640072
-9.27271575843
-1.85862962198
-15.4871443414
0.609441016146
-0.673729213492
-10.4976023397
-1.83615020072
-15.6312944041
-0.999872372756
0.754413048404
-0.809763423848
-0.684677728661
0.562391595517
-21.9995209251
-4.93827048242
-4.46500245457
-34.5830024711
-0.13944076929
-0.0745259989056
0.688250861069
0.585179919123
0.530351784321
-0.202286945309
-2.79252545492
-2.49971095951
-0.0687152726916
-1.61747658867
-0.742259446002
0.159407663343
-0.189158269744
-0.949063906922
0.53394364702
-32.536897224
0.213506590056
-15.3231059537
0.301400689657
-0.739974870194
-1.37024644384
-1.33100344701
-1.67885266759
-0.7733787248
-0.565845355683
-0.00428311665435
-0.997392370586
-0.0211130156287
-0.850443385571
0.621931936244
-0.211485575136
-0.0913189463473
-0.989195569973
-0.522624269914
0.901421064186
-0.533691562302
0.805882634578
-0.235577043216
-0.689011256193
-0.846228737968
-1.84448198368
-0.924092725043
0.103709344515
-0.431112178885
-0.245377415602
0.988794715144
0.480329211181
-0.0274418066086
0.459159987359
-0.833332728795
0.0811891650167
-0.272347864334
0.936969249033
0.00161955702589
-0.446527506816
-0.374753515787
0.954820088541
0.246899931527
0.0404185812876
-0.629951662002
0.393657325468
-0.959340351495
-0.104271712353
0.145250932171
-1.24239674205
-0.196811798126
-0.615199753344
0.839200810418
-0.588906976457
0.36004666394
-0.547450296494
0.648681207503
0.107323226761
-0.937226772277
0.746959265214
0.268498324039
-0.730795488679
0.0284666998735
0.857381106424
-0.96696151283
-0.368153622929
0.527208176317
0.937917900707
0.399706784257
-0.721469932054
-0.00929741009032
0.488274111631
-0.518752095321
0.297410820044
0.0731516480172
-0.313270900372
0.144855446498
-1.36002057546
-0.473431949302
0.72463940209
-0.155650038059
-0.441477972617
-0.427789100996
-0.0729624821728
0.700882693596
-0.348166154628
0.546672726401
0.982642417422
-0.349393194018
-1.39482355976
-0.686941138145
-1.54415577477
0.968214344477
0.0284031736748
-0.616309453957
0.0735747168109
-0.792903647677
-0.742726370233
-0.605818011452
-0.614450927639
0.757061425988
-0.496611976491
0.68920557044
