4
0
3
2
1
136
0.374784107349
-2.13376207574
-1.01304481691
-4.31433527638
0.609441016146
-0.146971466072
-3.35864865705
-0.99056539565
-4.45848533903
-0.999872372756
0.754413048404
-0.809763423848
-0.684677728661
0.562391595517
-7.22257990335
-1.83317218197
-1.35990415412
-10.8095936071
-0.13944076929
-0.0745259989056
0.688250861069
0.585179919123
0.530351784321
-0.202286945309
-1.19839016671
-1.22440272893
0.0837672331397
-1.13230498217
-0.257087839496
0.644579269855
-0.189158269744
-0.949063906922
0.53394364702
-9.24865996616
0.213506590056
-5.1206401078
0.301400689657
-0.739974870194
-0.885074837323
-0.84583184048
-1.19368106106
-0.7733787248
-0.356565956345
0.0351420655541
-0.587392690386
-0.0211130156287
-0.850443385571
0.831243073857
-0.17205911677
0.318727219833
-0.989195569973
-0.522624269914
0.901421064186
-0.533691562302
0.805882634578
-0.0499623374573
-0.689011256193
-0.846228737968
-1.13937849085
-0.924092725043
0.103709344515
-0.431112178885
-0.245377415602
0.988794715144
0.480329211181
0.0386251942727
0.496531785391
-0.833332728795
0.0811891650167
-0.272347864334
0.936969249033
0.00161955702589
-0.446527506816
-0.374753515787
0.954820088541
0.507175776986
0.10406715016
-0.246574144184
0.393657325468
-0.959340351495
0.156047572662
0.208909817263
-0.858970613693
-0.196811798126
-0.615199753344
0.839200810418
-0.588906976457
0.36004666394
-0.270229417113
0.648681207503
0.107323226761
-0.400278584466
0.746959265214
0.268498324039
-0.730795488679
0.0284666998735
0.857381106424
-0.96696151283
-0.354561303239
0.539688192581
0.937917900707
0.399706784257
-0.721469932054
-0.00929741009032
0.488274111631
-0.518752095321
0.297410820044
0.264442885873
0.574620748835
0.176685054902
-0.264315310146
-0.473431949302
0.916201395282
0.733272880894
-0.409605513835
0.669010890554
-0.0729624821728
0.700882693596
-0.348166154628
0.546672726401
0.982642417422
0.632949578023
-0.739686824659
-0.0316091712304
-0.283888258182
0.968214344477
0.0284031736748
-0.616309453957
0.0735747168109
-0.792903647677
-0.742726370233
-0.53774229515
-0.614450927639
0.789115503621
-0.496611976491
0.68920557044
