4
0
3
2
1
136
-0.526782037274
-14.3523558788
-2.46029573328
-23.4370277146
0.609441016146
-1.04853761069
-15.5772424601
-2.43781631202
-23.5811777773
-0.999872372756
0.754413048404
-0.809763423848
-0.684677728661
0.562391595517
-32.513882806
-7.14766735005
-6.6743993222
-51.4986972423
-0.13944076929
-0.0745259989056
0.688250861069
0.585179919123
0.530351784321
-0.202286945309
-3.92681402537
-3.40714181588
-0.177212440302
-1.96269484925
-1.08747770658
-0.185810597239
-0.189158269744
-0.949063906922
0.53394364702
-49.1073737345
0.213506590056
-22.5825528056
0.301400689657
-0.739974870194
-1.71546470442
-1.67622170759
-2.02407092817
-0.7733787248
-0.721987449294
-0.0331737072675
-1.30036021885
-0.0211130156287
-0.850443385571
0.465785465353
-0.240376464679
-0.3942938227
-0.989195569973
-0.522624269914
0.901421064186
-0.533691562302
0.805882634578
-0.372629447733
-0.689011256193
-0.846228737968
-2.36513966676
-0.924092725043
0.103709344515
-0.431112178885
-0.245377415602
0.988794715144
0.480329211181
-0.0764067926623
0.430907105318
-0.833332728795
0.0811891650167
-0.272347864334
0.936969249033
0.00161955702589
-0.446527506816
-0.374753515787
0.954820088541
0.0522423616023
-0.00750095504063
-0.913366826557
0.393657325468
-0.959340351495
-0.298935827989
0.0973299972883
-1.52581912839
-0.196811798126
-0.615199753344
0.839200810418
-0.588906976457
0.36004666394
-0.752236360966
0.648681207503
0.107323226761
-1.33717982614
0.746959265214
0.268498324039
-0.730795488679
0.0284666998735
0.857381106424
-0.96696151283
-0.377970867622
0.517550123943
0.937917900707
0.399706784257
-0.721469932054
-0.00929741009032
0.488274111631
-0.518752095321
0.297410820044
-0.114160169633
-1.12136987787
0.115286219288
-2.3259233816
-0.473431949302
0.537326421677
-0.963755727665
-0.471047452286
-1.39369896713
-0.0729624821728
0.700882693596
-0.348166154628
0.546672726401
0.982642417422
-1.21673574319
-1.95694578611
-1.24906370676
-2.64382530492
0.968214344477
0.0284031736748
-0.616309453957
0.0735747168109
-0.792903647677
-0.742726370233
-0.664883778086
-0.614450927639
0.72747734463
-0.496611976491
0.68920557044
