4
0
3
2
1
136
0.207639822109
-4.39900699429
-1.28135538005
-7.85955353741
0.609441016146
-0.314115751311
-5.6238935756
-1.2588759588
-8.00370360005
-0.999872372756
0.754413048404
-0.809763423848
-0.684677728661
0.562391595517
-11.9114169583
-2.81844375807
-2.34517573022
-18.3530791095
-0.13944076929
-0.0745259989056
0.688250861069
0.585179919123
0.530351784321
-0.202286945309
-1.70422155624
-1.62906784056
0.0353833610971
-1.28625366298
-0.41103652031
0.490630589034
-0.189158269744
-0.949063906922
0.53394364702
-16.6381967881
0.213506590056
-8.35796100122
0.301400689657
-0.739974870194
-1.03902351815
-0.999780521314
-1.3476297419
-0.7733787248
-0.420394872667
0.0228531907096
-0.713589511626
-0.0211130156287
-0.850443385571
0.767398133596
-0.184348571234
0.192507334789
-0.989195569973
-0.522624269914
0.901421064186
-0.533691562302
0.805882634578
-0.107049590976
-0.689011256193
-0.846228737968
-1.3574296245
-0.924092725043
0.103709344515
-0.431112178885
-0.245377415602
0.988794715144
0.480329211181
0.018395421735
0.48513262772
-0.833332728795
0.0811891650167
-0.272347864334
0.936969249033
0.00161955702589
-0.446527506816
-0.374753515787
0.954820088541
0.427867890064
0.0847539824286
-0.364510664111
0.393657325468
-0.959340351495
0.0767180773742
0.189591358119
-0.976931330032
-0.196811798126
-0.615199753344
0.839200810418
-0.588906976457
0.36004666394
-0.355558433352
0.648681207503
0.107323226761
-0.565383417978
0.746959265214
0.268498324039
-0.730795488679
0.0284666998735
0.857381106424
-0.96696151283
-0.35882676112
0.535982682506
0.937917900707
0.399706784257
-0.721469932054
-0.00929741009032
0.488274111631
-0.518752095321
0.297410820044
0.233435504505
0.39551811151
0.170502321035
-0.502382350253
-0.473431949302
0.885075646549
0.553659142335
-0.415808658454
0.430391131558
-0.0729624821728
0.700882693596
-0.348166154628
0.546672726401
0.982642417422
0.421400783717
-0.885119605521
-0.177155923001
-0.568574952444
0.968214344477
0.0284031736748
-0.616309453957
0.0735747168109
-0.792903647677
-0.742726370233
-0.553632327387
-0.614450927639
0.783246119253
-0.496611976491
0.68920557044
