4
0
3
2
1
136
0.541928357078
0.131473433248
-0.744735150349
-0.769120037872
0.609441016146
0.0201727866437
-1.09341279445
-0.722255724217
-0.913269920171
-0.999872372756
0.754413048404
-0.809763423848
-0.684677728661
0.562391595517
-2.53375560331
-0.847901583911
-0.374633541568
-3.26639177513
-0.13944076929
-0.0745259989056
0.688250861069
0.585179919123
0.530351784321
-0.202286945309
-0.692559622402
-0.819747282943
0.132151104516
-0.978370393744
-0.103153218255
0.798513923834
-0.189158269744
-0.949063906922
0.53394364702
-1.85936205329
0.213506590056
-1.88332001397
0.301400689657
-0.739974870194
-0.731140150681
-0.691897121253
-1.03974630932
-0.7733787248
-0.297203542914
0.0471341251618
-0.467817577211
-0.0211130156287
-0.850443385571
0.890629314667
-0.160066250835
0.438336321539
-0.989195569973
-0.522624269914
0.901421064186
-0.533691562302
0.805882634578
0.0038968574829
-0.689011256193
-0.846228737968
-0.930004439504
-0.924092725043
0.103709344515
-0.431112178885
-0.245377415602
0.988794715144
0.480329211181
0.0575099568294
0.507300259293
-0.833332728795
0.0811891650167
-0.272347864334
0.936969249033
0.00161955702589
-0.446527506816
-0.374753515787
0.954820088541
0.580933837078
0.121889256898
-0.134951443682
0.393657325468
-0.959340351495
0.229837309133
0.226739866398
-0.747312337792
-0.196811798126
-0.615199753344
0.839200810418
-0.588906976457
0.36004666394
-0.189475991584
0.648681207503
0.107323226761
-0.243132248185
0.746959265214
0.268498324039
-0.730795488679
0.0284666998735
0.857381106424
-0.96696151283
-0.350373432151
0.543013578307
0.937917900707
0.399706784257
-0.721469932054
-0.00929741009032
0.488274111631
-0.518752095321
0.297410820044
0.277494837181
0.668094042273
0.179877938085
-0.123840248444
-0.473431949302
0.929290399363
0.826976306916
-0.406403850909
0.809753446625
-0.0729624821728
0.700882693596
-0.348166154628
0.546672726401
0.982642417422
0.754493726218
-0.657185632167
0.0509518760445
-0.101816333961
0.968214344477
0.0284031736748
-0.616309453957
0.0735747168109
-0.792903647677
-0.742726370233
-0.527164232093
-0.614450927639
0.79160519767
-0.496611976491
0.68920557044
