4
0
3
2
1
136
-0.782563443474
-17.818867042
-2.87089220112
-28.8622859626
0.609441016146
-1.30431901689
-19.0437536234
-2.84841277987
-29.0064360252
-0.999872372756
0.754413048404
-0.809763423848
-0.684677728661
0.562391595517
-39.6892243599
-8.65543142864
-8.18216340079
-63.0425159713
-0.13944076929
-0.0745259989056
0.688250861069
0.585179919123
0.530351784321
-0.202286945309
-4.70088933359
-4.02640206246
-0.251254426307
-2.19828298654
-1.32306584387
-0.421398734527
-0.189158269744
-0.949063906922
0.53394364702
-60.4156043262
0.213506590056
-27.5366347789
0.301400689657
-0.739974870194
-1.95105284171
-1.91180984488
-2.25965906546
-0.7733787248
-0.829322549699
-0.0530870780664
-1.50841608743
-0.0211130156287
-0.850443385571
0.358449491089
-0.260289930964
-0.602351195297
-0.989195569973
-0.522624269914
0.901421064186
-0.533691562302
0.805882634578
-0.466663413365
-0.689011256193
-0.846228737968
-2.72400223406
-0.924092725043
0.103709344515
-0.431112178885
-0.245377415602
0.988794715144
0.480329211181
-0.110000341335
0.411260591039
-0.833332728795
0.0811891650167
-0.272347864334
0.936969249033
0.00161955702589
-0.446527506816
-0.374753515787
0.954820088541
-0.08172776224
-0.0406017232951
-1.10798970869
0.393657325468
-0.959340351495
-0.432907408865
0.0642288994425
-1.72044354944
-0.196811798126
-0.615199753344
0.839200810418
-0.588906976457
0.36004666394
-0.89290680113
0.648681207503
0.107323226761
-1.61372251883
0.746959265214
0.268498324039
-0.730795488679
0.0284666998735
0.857381106424
-0.96696151283
-0.384690662399
0.510862209198
0.937917900707
0.399706784257
-0.721469932054
-0.00929741009032
0.488274111631
-0.518752095321
0.297410820044
-0.242050542123
-1.67331018435
0.0950930282086
-2.98555924584
-0.473431949302
0.409436045038
-1.51569609908
-0.491240644309
-2.05333491558
-0.0729624821728
0.700882693596
-0.348166154628
0.546672726401
0.982642417422
-1.80906225694
-2.3406176708
-1.63273559229
-3.39658469903
0.968214344477
0.0284031736748
-0.616309453957
0.0735747168109
-0.792903647677
-0.742726370233
-0.705267862398
-0.614450927639
0.707284083325
-0.496611976491
0.68920557044
