4
0
3
2
1
136
-0.0684014974521
-8.14009329916
-1.7244743404
-13.7145352109
0.609441016146
-0.590157070872
-9.36497988047
-1.70199491915
-13.8586852736
-0.999872372756
0.754413048404
-0.809763423848
-0.684677728661
0.562391595517
-19.6551023976
-4.44563469437
-3.97236666652
-30.811259718
-0.13944076929
-0.0745259989056
0.688250861069
0.585179919123
0.530351784321
-0.202286945309
-2.53960976015
-2.2973784037
-0.0445233366703
-1.54050224678
-0.665285104115
0.236382005229
-0.189158269744
-0.949063906922
0.53394364702
-28.8421288128
0.213506590056
-13.704445507
0.301400689657
-0.739974870194
-1.29327210196
-1.25402910512
-1.6018783257
-0.7733787248
-0.531450119929
0.00208829160157
-0.930517958377
-0.0211130156287
-0.850443385571
0.656329293636
-0.205114054235
-0.0244412655497
-0.989195569973
-0.522624269914
0.901421064186
-0.533691562302
0.805882634578
-0.205299412194
-0.689011256193
-0.846228737968
-1.72979104073
-0.924092725043
0.103709344515
-0.431112178885
-0.245377415602
0.988794715144
0.480329211181
-0.0166287888805
0.465326082978
-0.833332728795
0.0811891650167
-0.272347864334
0.936969249033
0.00161955702589
-0.446527506816
-0.374753515787
0.954820088541
0.289729007208
0.0509327731736
-0.567393806908
0.393657325468
-0.959340351495
-0.0614396047213
0.155765789187
-1.17983550441
-0.196811798126
-0.615199753344
0.839200810418
-0.588906976457
0.36004666394
-0.502243076555
0.648681207503
0.107323226761
-0.849403577163
0.746959265214
0.268498324039
-0.730795488679
0.0284666998735
0.857381106424
-0.96696151283
-0.365974278428
0.529311656043
0.937917900707
0.399706784257
-0.721469932054
-0.00929741009032
0.488274111631
-0.518752095321
0.297410820044
0.114681991719
-0.134288283258
0.151402135249
-1.14586727554
-0.473431949302
0.76617292878
0.02334668272
-0.434930674279
-0.213621212179
-0.0729624821728
0.700882693596
-0.348166154628
0.546672726401
0.982642417422
-0.157060531132
-1.26974882829
-0.56186533799
-1.3011386373
0.968214344477
0.0284031736748
-0.616309453957
0.0735747168109
-0.792903647677
-0.742726370233
-0.592786103019
-0.614450927639
0.763638650875
-0.496611976491
0.68920557044
