4
0
3
2
1
136
0.569778904616
0.508682160454
-0.700029608083
-0.178473336523
0.609441016146
0.0480239050882
-0.716188526449
-0.677549991151
-0.322608882822
-0.999872372756
0.754413048404
-0.809763423848
-0.684677728661
0.562391595517
-1.75267797242
-0.683734093997
-0.210465395422
-2.01257385193
-0.13944076929
-0.0745259989056
0.688250861069
0.585179919123
0.530351784321
-0.202286945309
-0.608282891781
-0.752424472721
0.140214793413
-0.952755858509
-0.0775385818863
0.824128661102
-0.189158269744
-0.949063906922
0.53394364702
-0.630792566914
0.213506590056
-1.3438512196
0.301400689657
-0.739974870194
-0.705525312747
-0.666282182885
-1.01413127075
-0.7733787248
-0.287870638718
0.0490985443534
-0.448718161031
-0.0211130156287
-0.850443385571
0.899966927436
-0.158101673429
0.457442465352
-0.989195569973
-0.522624269914
0.901421064186
-0.533691562302
0.805882634578
0.0124604505035
-0.689011256193
-0.846228737968
-0.89615746642
-0.924092725043
0.103709344515
-0.431112178885
-0.245377415602
0.988794715144
0.480329211181
0.0604841797886
0.509023600686
-0.833332728795
0.0811891650167
-0.272347864334
0.936969249033
0.00161955702589
-0.446527506816
-0.374753515787
0.954820088541
0.592537286824
0.124674956224
-0.117135496601
0.393657325468
-0.959340351495
0.241446979791
0.229527129285
-0.729489378749
-0.196811798126
-0.615199753344
0.839200810418
-0.588906976457
0.36004666394
-0.176595282475
0.648681207503
0.107323226761
-0.217895248417
0.746959265214
0.268498324039
-0.730795488679
0.0284666998735
0.857381106424
-0.96696151283
-0.349685227089
0.543524353029
0.937917900707
0.399706784257
-0.721469932054
-0.00929741009032
0.488274111631
-0.518752095321
0.297410820044
0.278939183903
0.679241553244
0.180259388609
-0.105867271373
-0.473431949302
0.930737880574
0.838146193591
-0.406021553168
0.827753966545
-0.0729624821728
0.700882693596
-0.348166154628
0.546672726401
0.982642417422
0.769785573027
-0.646953714981
0.0611899949315
-0.0772464637095
0.968214344477
0.0284031736748
-0.616309453957
0.0735747168109
-0.792903647677
-0.742726370233
-0.525727153022
-0.614450927639
0.791873332386
-0.496611976491
0.68920557044
