4
0
3
2
1
136
-0.541976972296
-14.558287235
-2.48468760265
-23.7593202838
0.609441016146
-1.06373254572
-15.7831738164
-2.4622081814
-23.9034703465
-0.999872372756
0.754413048404
-0.809763423848
-0.684677728661
0.562391595517
-32.9401407201
-7.23723749334
-6.76396946549
-52.1844686519
-0.13944076929
-0.0745259989056
0.688250861069
0.585179919123
0.530351784321
-0.202286945309
-3.97279869715
-3.4439295533
-0.181610974124
-1.97669018414
-1.10147304147
-0.199805932127
-0.189158269744
-0.949063906922
0.53394364702
-49.7791498093
0.213506590056
-22.876854705
0.301400689657
-0.739974870194
-1.72946003931
-1.69021704248
-2.03806626306
-0.7733787248
-0.728353793403
-0.034353179212
-1.3127028737
-0.0211130156287
-0.850443385571
0.459419042759
-0.241555943987
-0.40663661011
-0.989195569973
-0.522624269914
0.901421064186
-0.533691562302
0.805882634578
-0.378209357462
-0.689011256193
-0.846228737968
-2.38639877448
-0.924092725043
0.103709344515
-0.431112178885
-0.245377415602
0.988794715144
0.480329211181
-0.0784003480387
0.429746431208
-0.833332728795
0.0811891650167
-0.272347864334
0.936969249033
0.00161955702589
-0.446527506816
-0.374753515787
0.954820088541
0.0442991250375
-0.00946086179048
-0.924912687746
0.393657325468
-0.959340351495
-0.306879190471
0.0953700632547
-1.5373651251
-0.196811798126
-0.615199753344
0.839200810418
-0.588906976457
0.36004666394
-0.760580057095
0.648681207503
0.107323226761
-1.3535452952
0.746959265214
0.268498324039
-0.730795488679
0.0284666998735
0.857381106424
-0.96696151283
-0.378369778084
0.517154094307
0.937917900707
0.399706784257
-0.721469932054
-0.00929741009032
0.488274111631
-0.518752095321
0.297410820044
-0.121757570654
-1.15415750345
0.114086635271
-2.36510868002
-0.473431949302
0.529729019822
-0.996543364107
-0.472247036498
-1.43288427873
-0.0729624821728
0.700882693596
-0.348166154628
0.546672726401
0.982642417422
-1.25192254774
-1.97973814175
-1.27185606258
-2.68851691829
0.968214344477
0.0284031736748
-0.616309453957
0.0735747168109
-0.792903647677
-0.742726370233
-0.667282605638
-0.614450927639
0.726277746319
-0.496611976491
0.68920557044
