4
0
3
2
1
136
-1.07126720889
-21.7315628104
-3.33433771929
-34.9858447771
0.609441016146
-1.59302278231
-22.9564493918
-3.31185829803
-35.1299948397
-0.999872372756
0.754413048404
-0.809763423848
-0.684677728661
0.562391595517
-47.7881247276
-10.357264151
-9.88399612316
-76.0721727545
-0.13944076929
-0.0745259989056
0.688250861069
0.585179919123
0.530351784321
-0.202286945309
-5.57459809731
-4.72536907345
-0.334826568926
-2.46419434942
-1.58897720675
-0.687310097408
-0.189158269744
-0.949063906922
0.53394364702
-73.1793497465
0.213506590056
-33.1283708675
0.301400689657
-0.739974870194
-2.21696420459
-2.17772120776
-2.52557042834
-0.7733787248
-0.950715079809
-0.0756766019855
-1.74366858946
-0.0211130156287
-0.850443385571
0.237056596581
-0.282879514403
-0.83760434959
-0.989195569973
-0.522624269914
0.901421064186
-0.533691562302
0.805882634578
-0.572946611889
-0.689011256193
-0.846228737968
-3.13091459451
-0.924092725043
0.103709344515
-0.431112178885
-0.245377415602
0.988794715144
0.480329211181
-0.147964697356
0.388875527116
-0.833332728795
0.0811891650167
-0.272347864334
0.936969249033
0.00161955702589
-0.446527506816
-0.374753515787
0.954820088541
-0.23333663595
-0.0781669505035
-1.32805253057
0.393657325468
-0.959340351495
-0.584516965755
0.0266634856468
-1.9405070454
-0.196811798126
-0.615199753344
0.839200810418
-0.588906976457
0.36004666394
-1.05203483337
0.648681207503
0.107323226761
-1.92792061339
0.746959265214
0.268498324039
-0.730795488679
0.0284666998735
0.857381106424
-0.96696151283
-0.392282727081
0.503282879149
0.937917900707
0.399706784257
-0.721469932054
-0.00929741009032
0.488274111631
-0.518752095321
0.297410820044
-0.386402415775
-2.2963018553
0.0723006274171
-3.73010998963
-0.473431949302
0.265084171272
-2.13868777419
-0.514033045121
-2.79788566679
-0.0729624821728
0.700882693596
-0.348166154628
0.546672726401
0.982642417422
-2.47763867026
-2.77367331344
-2.06579123496
-4.24693081021
0.968214344477
0.0284031736748
-0.616309453957
0.0735747168109
-0.792903647677
-0.742726370233
-0.750852465692
-0.614450927639
0.684491680872
-0.496611976491
0.68920557044
