4
0
3
2
1
136
-0.233013293521
-10.371016325
-1.98871959199
-17.2060380437
0.609441016146
-0.754768866941
-11.5959029063
-1.96624017073
-17.3501881064
-0.999872372756
0.754413048404
-0.809763423848
-0.684677728661
0.562391595517
-24.2728964669
-5.41597791326
-4.94270988541
-38.2404499892
-0.13944076929
-0.0745259989056
0.688250861069
0.585179919123
0.530351784321
-0.202286945309
-3.03777703772
-2.69591222575
-0.0921741197425
-1.69211837474
-0.816901232073
0.084765877271
-0.189158269744
-0.949063906922
0.53394364702
-36.119702956
0.213506590056
-16.8927160839
0.301400689657
-0.739974870194
-1.44488822991
-1.40564523308
-1.75349445366
-0.7733787248
-0.599396528694
-0.010490229779
-1.06255675693
-0.0211130156287
-0.850443385571
0.588379243741
-0.217692777552
-0.156485715619
-0.989195569973
-0.522624269914
0.901421064186
-0.533691562302
0.805882634578
-0.265071079645
-0.689011256193
-0.846228737968
-1.95629649663
-0.924092725043
0.103709344515
-0.431112178885
-0.245377415602
0.988794715144
0.480329211181
-0.0379779169654
0.453125386119
-0.833332728795
0.0811891650167
-0.272347864334
0.936969249033
0.00161955702589
-0.446527506816
-0.374753515787
0.954820088541
0.205102426551
0.0301472010204
-0.690911021901
0.393657325468
-0.959340351495
-0.146071426771
0.134979075844
-1.30335855925
-0.196811798126
-0.615199753344
0.839200810418
-0.588906976457
0.36004666394
-0.591497523689
0.648681207503
0.107323226761
-1.02295999621
0.746959265214
0.268498324039
-0.730795488679
0.0284666998735
0.857381106424
-0.96696151283
-0.370271278005
0.52514534071
0.937917900707
0.399706784257
-0.721469932054
-0.00929741009032
0.488274111631
-0.518752095321
0.297410820044
0.0326982134569
-0.487700114529
0.138472265708
-1.56856777693
-0.473431949302
0.684185132005
-0.330083680754
-0.447861330533
-0.636340914702
-0.0729624821728
0.700882693596
-0.348166154628
0.546672726401
0.982642417422
-0.536664203159
-1.51631591815
-0.808433750679
-1.78115421004
0.968214344477
0.0284031736748
-0.616309453957
0.0735747168109
-0.792903647677
-0.742726370233
-0.618547441889
-0.614450927639
0.750668185787
-0.496611976491
0.68920557044
