4
0
3
2
1
136
-0.995292533778
-20.7019060293
-3.2123783724
-33.3743819312
0.609441016146
-1.5170481072
-21.9267926106
-3.18989895115
-33.5185319938
-0.999872372756
0.754413048404
-0.809763423848
-0.684677728661
0.562391595517
-45.6568351571
-9.90941343459
-9.43614540674
-72.6433157063
-0.13944076929
-0.0745259989056
0.688250861069
0.585179919123
0.530351784321
-0.202286945309
-5.34467473844
-4.54143038634
-0.312833899816
-2.39421767498
-1.51900053231
-0.617333422965
-0.189158269744
-0.949063906922
0.53394364702
-69.8204693728
0.213506590056
-31.6568613705
0.301400689657
-0.739974870194
-2.14698753015
-2.10774453331
-2.4555937539
-0.7733787248
-0.918756027525
-0.0697231543621
-1.68173649566
-0.0211130156287
-0.850443385571
0.269015711474
-0.276926054431
-0.775672142391
-0.989195569973
-0.522624269914
0.901421064186
-0.533691562302
0.805882634578
-0.544969609664
-0.689011256193
-0.846228737968
-3.02369036684
-0.924092725043
0.103709344515
-0.431112178885
-0.245377415602
0.988794715144
0.480329211181
-0.13797172882
0.394782943911
-0.833332728795
0.0811891650167
-0.272347864334
0.936969249033
0.00161955702589
-0.446527506816
-0.374753515787
0.954820088541
-0.193415452169
-0.0682654600371
-1.27011906596
0.393657325468
-0.959340351495
-0.544595656977
0.0365650145115
-1.88257346252
-0.196811798126
-0.615199753344
0.839200810418
-0.588906976457
0.36004666394
-1.01013584588
0.648681207503
0.107323226761
-1.84507101636
0.746959265214
0.268498324039
-0.730795488679
0.0284666998735
0.857381106424
-0.96696151283
-0.390284373845
0.505279123322
0.937917900707
0.399706784257
-0.721469932054
-0.00929741009032
0.488274111631
-0.518752095321
0.297410820044
-0.348415078537
-2.1323565487
0.0782986280332
-3.53417539055
-0.473431949302
0.303071508513
-1.97474246732
-0.508035044504
-2.60195106712
-0.0729624821728
0.700882693596
-0.348166154628
0.546672726401
0.982642417422
-2.30169736725
-2.65971130097
-1.95182922248
-4.02311223963
0.968214344477
0.0284031736748
-0.616309453957
0.0735747168109
-0.792903647677
-0.742726370233
-0.738856478332
-0.614450927639
0.690489681537
-0.496611976491
0.68920557044
