4
0
3
2
1
136
-0.245675739372
-10.5426257885
-2.0090461498
-17.4746151847
0.609441016146
-0.767431312793
-11.7675123698
-1.98656672855
-17.6187652474
-0.999872372756
0.754413048404
-0.809763423848
-0.684677728661
0.562391595517
-24.6281113953
-5.49061969933
-5.01735167148
-38.8119261639
-0.13944076929
-0.0745259989056
0.688250861069
0.585179919123
0.530351784321
-0.202286945309
-3.07609759753
-2.7265686736
-0.0958395645942
-1.70378115381
-0.828564011147
0.0731030981973
-0.189158269744
-0.949063906922
0.53394364702
-36.6795163516
0.213506590056
-17.1379676667
0.301400689657
-0.739974870194
-1.45655100899
-1.41730801215
-1.76515723273
-0.7733787248
-0.604653055558
-0.0114623929534
-1.07276154724
-0.0211130156287
-0.850443385571
0.583122518164
-0.218664953149
-0.16669082091
-0.989195569973
-0.522624269914
0.901421064186
-0.533691562302
0.805882634578
-0.269689014468
-0.689011256193
-0.846228737968
-1.97381372591
-0.924092725043
0.103709344515
-0.431112178885
-0.245377415602
0.988794715144
0.480329211181
-0.0396277281703
0.452178107304
-0.833332728795
0.0811891650167
-0.272347864334
0.936969249033
0.00161955702589
-0.446527506816
-0.374753515787
0.954820088541
0.198552284952
0.0285366513123
-0.700457325521
0.393657325468
-0.959340351495
-0.152621860581
0.133368463698
-1.31290518705
-0.196811798126
-0.615199753344
0.839200810418
-0.588906976457
0.36004666394
-0.598395124905
0.648681207503
0.107323226761
-1.03640029131
0.746959265214
0.268498324039
-0.730795488679
0.0284666998735
0.857381106424
-0.96696151283
-0.370602484353
0.524821337994
0.937917900707
0.399706784257
-0.721469932054
-0.00929741009032
0.488274111631
-0.518752095321
0.297410820044
0.0263716377324
-0.514987535586
0.137473680242
-1.60118637982
-0.473431949302
0.677858497719
-0.357371453661
-0.448859929077
-0.668959887038
-0.0729624821728
0.700882693596
-0.348166154628
0.546672726401
0.982642417422
-0.565954309422
-1.53530517199
-0.827423021253
-1.81825028318
0.968214344477
0.0284031736748
-0.616309453957
0.0735747168109
-0.792903647677
-0.742726370233
-0.620540605993
-0.614450927639
0.749668808601
-0.496611976491
0.68920557044
