4
0
3
2
1
136
0.131665147001
-5.42866377544
-1.40331472694
-9.47101638333
0.609441016146
-0.390090426419
-6.65355035676
-1.38083530568
-9.61516644597
-0.999872372756
0.754413048404
-0.809763423848
-0.684677728661
0.562391595517
-14.0427065288
-3.26629447449
-2.79302644663
-21.7819361577
-0.13944076929
-0.0745259989056
0.688250861069
0.585179919123
0.530351784321
-0.202286945309
-1.93414491511
-1.81300652766
0.0133906919868
-1.35623033742
-0.481013194752
0.420653914593
-0.189158269744
-0.949063906922
0.53394364702
-19.9970771619
0.213506590056
-9.82947049823
0.301400689657
-0.739974870194
-1.10900019259
-1.06975719576
-1.41760641634
-0.7733787248
-0.450429541372
0.0171885256594
-0.77248272253
-0.0211130156287
-0.850443385571
0.737358409414
-0.190013436611
0.133606732704
-0.989195569973
-0.522624269914
0.901421064186
-0.533691562302
0.805882634578
-0.133721622214
-0.689011256193
-0.846228737968
-1.45867658643
-0.924092725043
0.103709344515
-0.431112178885
-0.245377415602
0.988794715144
0.480329211181
0.0089034631706
0.479784612228
-0.833332728795
0.0811891650167
-0.272347864334
0.936969249033
0.00161955702589
-0.446527506816
-0.374753515787
0.954820088541
0.390530522139
0.0756293613753
-0.41957882934
0.393657325468
-0.959340351495
0.0393737967779
0.18046509616
-1.03200723202
-0.196811798126
-0.615199753344
0.839200810418
-0.588906976457
0.36004666394
-0.395386543223
0.648681207503
0.107323226761
-0.642401593092
0.746959265214
0.268498324039
-0.730795488679
0.0284666998735
0.857381106424
-0.96696151283
-0.360783862441
0.53420171006
0.937917900707
0.399706784257
-0.721469932054
-0.00929741009032
0.488274111631
-0.518752095321
0.297410820044
0.207425771401
0.270908879227
0.166097001091
-0.657260706508
-0.473431949302
0.858989819501
0.428792673571
-0.420224823605
0.275243194306
-0.0729624821728
0.700882693596
-0.348166154628
0.546672726401
0.982642417422
0.282222646982
-0.979710561937
-0.271793687874
-0.746695056842
0.968214344477
0.0284031736748
-0.616309453957
0.0735747168109
-0.792903647677
-0.742726370233
-0.563212289886
-0.614450927639
0.778680120674
-0.496611976491
0.68920557044
