4
0
3
2
1
136
-0.724316192557
-17.0294635098
-2.77739003518
-27.626831114
0.609441016146
-1.24607176598
-18.2543500911
-2.75491061392
-27.7709811767
-0.999872372756
0.754413048404
-0.809763423848
-0.684677728661
0.562391595517
-38.0552356892
-8.31207921273
-7.83881118487
-60.4137255677
-0.13944076929
-0.0745259989056
0.688250861069
0.585179919123
0.530351784321
-0.202286945309
-4.52461475845
-3.88538240234
-0.234393379989
-2.1446342028
-1.26941706013
-0.367749950788
-0.189158269744
-0.949063906922
0.53394364702
-57.8404627063
0.213506590056
-26.4084774979
0.301400689657
-0.739974870194
-1.89740405797
-1.85816106114
-2.20601028172
-0.7733787248
-0.804854677381
-0.0485424237106
-1.46099366767
-0.0211130156287
-0.850443385571
0.382917496192
-0.255745259428
-0.554928542275
-0.989195569973
-0.522624269914
0.901421064186
-0.533691562302
0.805882634578
-0.445234159951
-0.689011256193
-0.846228737968
-2.64211497996
-0.924092725043
0.103709344515
-0.431112178885
-0.245377415602
0.988794715144
0.480329211181
-0.102345194905
0.415752856924
-0.833332728795
0.0811891650167
-0.272347864334
0.936969249033
0.00161955702589
-0.446527506816
-0.374753515787
0.954820088541
-0.0511799789169
-0.0330458570826
-1.0636293016
0.393657325468
-0.959340351495
-0.402359393455
0.0717848214251
-1.67608290314
-0.196811798126
-0.615199753344
0.839200810418
-0.588906976457
0.36004666394
-0.860838805743
0.648681207503
0.107323226761
-1.55056890066
0.746959265214
0.268498324039
-0.730795488679
0.0284666998735
0.857381106424
-0.96696151283
-0.383159671591
0.512388410734
0.937917900707
0.399706784257
-0.721469932054
-0.00929741009032
0.488274111631
-0.518752095321
0.297410820044
-0.212926928222
-1.54761931124
0.0996914929491
-2.83534343783
-0.473431949302
0.438559659084
-1.39000522227
-0.486642179539
-1.90311910193
-0.0729624821728
0.700882693596
-0.348166154628
0.546672726401
0.982642417422
-1.67417449244
-2.25324680162
-1.54536472309
-3.22509484311
0.968214344477
0.0284031736748
-0.616309453957
0.0735747168109
-0.792903647677
-0.742726370233
-0.696071093689
-0.614450927639
0.711882550355
-0.496611976491
0.68920557044
