4
0
3
2
1
136
0.559654821362
0.371647220045
-0.71628199024
-0.393154422945
0.609441016146
0.0378993313819
-0.853235611158
-0.693802525048
-0.537301646763
-0.999872372756
0.754413048404
-0.809763423848
-0.684677728661
0.562391595517
-2.03655444422
-0.743412926097
-0.270144738067
-2.46747196583
-0.13944076929
-0.0745259989056
0.688250861069
0.585179919123
0.530351784321
-0.202286945309
-0.63891793215
-0.776869147239
0.137282696061
-0.96206297875
-0.0868457556829
0.814821433874
-0.189158269744
-0.949063906922
0.53394364702
-1.07662629349
0.213506590056
-1.53998220622
0.301400689657
-0.739974870194
-0.714832593283
-0.675589516607
-1.02343865753
-0.7733787248
-0.291243823097
0.0483854359343
-0.455632861294
-0.0211130156287
-0.850443385571
0.896592008907
-0.158814840172
0.450525286036
-0.989195569973
-0.522624269914
0.901421064186
-0.533691562302
0.805882634578
0.00936174326508
-0.689011256193
-0.846228737968
-0.908427379437
-0.924092725043
0.103709344515
-0.431112178885
-0.245377415602
0.988794715144
0.480329211181
0.0594090794422
0.508399432558
-0.833332728795
0.0811891650167
-0.272347864334
0.936969249033
0.00161955702589
-0.446527506816
-0.374753515787
0.954820088541
0.588343054502
0.123668692828
-0.123585136174
0.393657325468
-0.959340351495
0.237250457449
0.22852029053
-0.735941600743
-0.196811798126
-0.615199753344
0.839200810418
-0.588906976457
0.36004666394
-0.18125784961
0.648681207503
0.107323226761
-0.227037889521
0.746959265214
0.268498324039
-0.730795488679
0.0284666998735
0.857381106424
-0.96696151283
-0.349935119502
0.543340135092
0.937917900707
0.399706784257
-0.721469932054
-0.00929741009032
0.488274111631
-0.518752095321
0.297410820044
0.278430062069
0.67529330632
0.180124257886
-0.112267850974
-0.473431949302
0.930227676691
0.834190159911
-0.406156978707
0.821343755091
-0.0729624821728
0.700882693596
-0.348166154628
0.546672726401
0.982642417422
0.764347298182
-0.650587897909
0.0575536441309
-0.0860367303828
0.968214344477
0.0284031736748
-0.616309453957
0.0735747168109
-0.792903647677
-0.742726370233
-0.526241247167
-0.614450927639
0.791779053456
-0.496611976491
0.68920557044
