4
0
3
2
1
136
-0.367235219546
-12.1900766384
-2.20418110482
-20.0529557382
0.609441016146
-0.888990792966
-13.4149632197
-2.18170168356
-20.1971058009
-0.999872372756
0.754413048404
-0.809763423848
-0.684677728661
0.562391595517
-28.0381747081
-6.20718084559
-5.73391281774
-44.298097441
-0.13944076929
-0.0745259989056
0.688250861069
0.585179919123
0.530351784321
-0.202286945309
-3.44397497173
-3.02087057296
-0.131027835171
-1.81574383292
-0.940526690255
-0.0388595809101
-0.189158269744
-0.949063906922
0.53394364702
-42.0537249496
0.213506590056
-19.4923828619
0.301400689657
-0.739974870194
-1.56851368809
-1.52927069126
-1.87711991184
-0.7733787248
-0.65526580792
-0.0208230542578
-1.17097287091
-0.0211130156287
-0.850443385571
0.532508269911
-0.228025716138
-0.264904548767
-0.989195569973
-0.522624269914
0.901421064186
-0.533691562302
0.805882634578
-0.314120900941
-0.689011256193
-0.846228737968
-2.14251797173
-0.924092725043
0.103709344515
-0.431112178885
-0.245377415602
0.988794715144
0.480329211181
-0.0555024885412
0.443031865861
-0.833332728795
0.0811891650167
-0.272347864334
0.936969249033
0.00161955702589
-0.446527506816
-0.374753515787
0.954820088541
0.135462872723
0.0130117960479
-0.792330961587
0.393657325468
-0.959340351495
-0.215713508075
0.117843133756
-1.40478129217
-0.196811798126
-0.615199753344
0.839200810418
-0.588906976457
0.36004666394
-0.664777063128
0.648681207503
0.107323226761
-1.16595237502
0.746959265214
0.268498324039
-0.730795488679
0.0284666998735
0.857381106424
-0.96696151283
-0.373785637677
0.521692687811
0.937917900707
0.399706784257
-0.721469932054
-0.00929741009032
0.488274111631
-0.518752095321
0.297410820044
-0.03438989577
-0.777130177386
0.127881244448
-1.91450894867
-0.473431949302
0.617096734926
-0.61951565306
-0.458452417718
-0.982284113225
-0.0729624821728
0.700882693596
-0.348166154628
0.546672726401
0.982642417422
-0.847303231168
-1.71762801722
-1.00974592855
-2.17489133661
0.968214344477
0.0284031736748
-0.616309453957
0.0735747168109
-0.792903647677
-0.742726370233
-0.639702585472
-0.614450927639
0.74007302202
-0.496611976491
0.68920557044
