4
0
3
2
1
136
0.331731791454
-2.71723425173
-1.08215511347
-5.22749755573
0.609441016146
-0.190023781967
-3.94212083304
-1.05967569222
-5.37164761838
-0.999872372756
0.754413048404
-0.809763423848
-0.684677728661
0.562391595517
-8.43031065991
-2.0869542546
-1.61368622675
-12.752612598
-0.13944076929
-0.0745259989056
0.688250861069
0.585179919123
0.530351784321
-0.202286945309
-1.32868007007
-1.32863465162
0.0713047206438
-1.17195842839
-0.296741285722
0.604925823623
-0.189158269744
-0.949063906922
0.53394364702
-11.1520255111
0.213506590056
-5.95449548944
0.301400689657
-0.739974870194
-0.92472828356
-0.885485286724
-1.23333450731
-0.7733787248
-0.372651028383
0.0320021397641
-0.619368327787
-0.0211130156287
-0.850443385571
0.815153158056
-0.175199212019
0.286744647769
-0.989195569973
-0.522624269914
0.901421064186
-0.533691562302
0.805882634578
-0.0644126183374
-0.689011256193
-0.846228737968
-1.19482838926
-0.924092725043
0.103709344515
-0.431112178885
-0.245377415602
0.988794715144
0.480329211181
0.033519563041
0.493649749261
-0.833332728795
0.0811891650167
-0.272347864334
0.936969249033
0.00161955702589
-0.446527506816
-0.374753515787
0.954820088541
0.487193419685
0.0992122299809
-0.2764460846
0.393657325468
-0.959340351495
0.13605871944
0.204053287781
-0.888849831273
-0.196811798126
-0.615199753344
0.839200810418
-0.588906976457
0.36004666394
-0.291844913441
0.648681207503
0.107323226761
-0.442147117133
0.746959265214
0.268498324039
-0.730795488679
0.0284666998735
0.857381106424
-0.96696151283
-0.35565374745
0.538765908361
0.937917900707
0.399706784257
-0.721469932054
-0.00929741009032
0.488274111631
-0.518752095321
0.297410820044
0.259020334508
0.539425457356
0.17548115047
-0.313518324217
-0.473431949302
0.910759546283
0.697976628888
-0.410813339065
0.619695799984
-0.0729624821728
0.700882693596
-0.348166154628
0.546672726401
0.982642417422
0.589667930093
-0.769405163508
-0.0613519722558
-0.344524757446
0.968214344477
0.0284031736748
-0.616309453957
0.0735747168109
-0.792903647677
-0.742726370233
-0.541203008251
-0.614450927639
0.788066402837
-0.496611976491
0.68920557044
