4
0
3
2
1
136
-0.828148248539
-18.4366611107
-2.94406780926
-29.8291636701
0.609441016146
-1.34990382196
-19.6615476921
-2.921588388
-29.9733137328
-0.999872372756
0.754413048404
-0.809763423848
-0.684677728661
0.562391595517
-40.9679981021
-8.92414185849
-8.45087383064
-65.0998302002
-0.13944076929
-0.0745259989056
0.688250861069
0.585179919123
0.530351784321
-0.202286945309
-4.83884334891
-4.13676527472
-0.264450027773
-2.2402689912
-1.36505184854
-0.463384739193
-0.189158269744
-0.949063906922
0.53394364702
-62.4309325505
0.213506590056
-28.4195404771
0.301400689657
-0.739974870194
-1.99303884638
-1.95379584954
-2.30164507012
-0.7733787248
-0.848478439941
-0.056647194904
-1.54554159938
-0.0211130156287
-0.850443385571
0.33929351514
-0.263850059795
-0.639476858981
-0.989195569973
-0.522624269914
0.901421064186
-0.533691562302
0.805882634578
-0.483438400779
-0.689011256193
-0.846228737968
-2.78814411001
-0.924092725043
0.103709344515
-0.431112178885
-0.245377415602
0.988794715144
0.480329211181
-0.115992685058
0.407738544626
-0.833332728795
0.0811891650167
-0.272347864334
0.936969249033
0.00161955702589
-0.446527506816
-0.374753515787
0.954820088541
-0.105646445767
-0.0465211538079
-1.14271804451
0.393657325468
-0.959340351495
-0.45682624569
0.0583094306992
-1.75517204116
-0.196811798126
-0.615199753344
0.839200810418
-0.588906976457
0.36004666394
-0.918013965064
0.648681207503
0.107323226761
-1.66320942849
0.746959265214
0.268498324039
-0.730795488679
0.0284666998735
0.857381106424
-0.96696151283
-0.385889048047
0.509666888745
0.937917900707
0.399706784257
-0.721469932054
-0.00929741009032
0.488274111631
-0.518752095321
0.297410820044
-0.264842940329
-1.77167713695
0.0914942286785
-3.10311967509
-0.473431949302
0.386643646777
-1.61406305333
-0.494839443849
-2.17089534753
-0.0729624821728
0.700882693596
-0.348166154628
0.546672726401
0.982642417422
-1.91462678803
-2.40899487575
-1.70111279726
-3.53081489113
0.968214344477
0.0284031736748
-0.616309453957
0.0735747168109
-0.792903647677
-0.742726370233
-0.712465385836
-0.614450927639
0.70368528297
-0.496611976491
0.68920557044
