4
0
3
2
1
136
0.291211964729
-3.26638453501
-1.14720009848
-6.08694440689
0.609441016146
-0.230543608691
-4.49127111632
-1.12472067722
-6.23109446954
-0.999872372756
0.754413048404
-0.809763423848
-0.684677728661
0.562391595517
-9.56699843082
-2.32580797002
-1.85253994217
-14.5813363566
-0.13944076929
-0.0745259989056
0.688250861069
0.585179919123
0.530351784321
-0.202286945309
-1.45130586147
-1.42673528474
0.0595752971184
-1.20927932113
-0.334062178466
0.567604930878
-0.189158269744
-0.949063906922
0.53394364702
-12.9434283771
0.213506590056
-6.73930055451
0.301400689657
-0.739974870194
-0.962049176306
-0.92280617947
-1.27065540005
-0.7733787248
-0.388032398289
0.0290301044159
-0.649823244221
-0.0211130156287
-0.850443385571
0.79976769955
-0.178171393601
0.256283857632
-0.989195569973
-0.522624269914
0.901421064186
-0.533691562302
0.805882634578
-0.0781866585221
-0.689011256193
-0.846228737968
-1.24749704011
-0.924092725043
0.103709344515
-0.431112178885
-0.245377415602
0.988794715144
0.480329211181
0.0286421599237
0.490901344979
-0.833332728795
0.0811891650167
-0.272347864334
0.936969249033
0.00161955702589
-0.446527506816
-0.374753515787
0.954820088541
0.468083684714
0.0945614988948
-0.304904782954
0.393657325468
-0.959340351495
0.116943479759
0.199401203672
-0.917314693731
-0.196811798126
-0.615199753344
0.839200810418
-0.588906976457
0.36004666394
-0.312436646071
0.648681207503
0.107323226761
-0.481994907952
0.746959265214
0.268498324039
-0.730795488679
0.0284666998735
0.857381106424
-0.96696151283
-0.356686153177
0.537876366965
0.937917900707
0.399706784257
-0.721469932054
-0.00929741009032
0.488274111631
-0.518752095321
0.297410820044
0.252581887425
0.500101724868
0.174131137523
-0.366791793874
-0.473431949302
0.904296367232
0.658536575023
-0.412167935676
0.566295427657
-0.0729624821728
0.700882693596
-0.348166154628
0.546672726401
0.982642417422
0.542491889079
-0.801879947837
-0.0938537570871
-0.408904175708
0.968214344477
0.0284031736748
-0.616309453957
0.0735747168109
-0.792903647677
-0.742726370233
-0.544831420819
-0.614450927639
0.78682641138
-0.496611976491
0.68920557044
