4
0
3
2
1
136
0.344394237305
-2.5456247882
-1.06182855566
-4.95892041475
0.609441016146
-0.177361336115
-3.77051136951
-1.0393491344
-5.1030704774
-0.999872372756
0.754413048404
-0.809763423848
-0.684677728661
0.562391595517
-8.0750957315
-2.01231246853
-1.53904444068
-12.1811364236
-0.13944076929
-0.0745259989056
0.688250861069
0.585179919123
0.530351784321
-0.202286945309
-1.29035951026
-1.29797820377
0.0749701654956
-1.16029564962
-0.285078506949
0.616588602397
-0.189158269744
-0.949063906922
0.53394364702
-10.5922121155
0.213506590056
-5.7092439066
0.301400689657
-0.739974870194
-0.913065504786
-0.873822507949
-1.22167172853
-0.7733787248
-0.367891285169
0.0329276112581
-0.609920942026
-0.0211130156287
-0.850443385571
0.819914271565
-0.174273692222
0.296193997574
-0.989195569973
-0.522624269914
0.901421064186
-0.533691562302
0.805882634578
-0.0601418148531
-0.689011256193
-0.846228737968
-1.17846292695
-0.924092725043
0.103709344515
-0.431112178885
-0.245377415602
0.988794715144
0.480329211181
0.0350298329767
0.494501602603
-0.833332728795
0.0811891650167
-0.272347864334
0.936969249033
0.00161955702589
-0.446527506816
-0.374753515787
0.954820088541
0.493106534844
0.100649813344
-0.267619370041
0.393657325468
-0.959340351495
0.141973674885
0.20549132582
-0.880021055493
-0.196811798126
-0.615199753344
0.839200810418
-0.588906976457
0.36004666394
-0.285457931729
0.648681207503
0.107323226761
-0.429780748026
0.746959265214
0.268498324039
-0.730795488679
0.0284666998735
0.857381106424
-0.96696151283
-0.355331939692
0.539039692644
0.937917900707
0.399706784257
-0.721469932054
-0.00929741009032
0.488274111631
-0.518752095321
0.297410820044
0.260748245565
0.550423885997
0.175857715487
-0.298313167322
-0.473431949302
0.912493796417
0.709007100956
-0.410435524039
0.634936302477
-0.0729624821728
0.700882693596
-0.348166154628
0.546672726401
0.982642417422
0.603075674887
-0.760188091008
-0.0521272412187
-0.325919486424
0.968214344477
0.0284031736748
-0.616309453957
0.0735747168109
-0.792903647677
-0.742726370233
-0.540145478694
-0.614450927639
0.788400617865
-0.496611976491
0.68920557044
