4
0
3
2
1
136
0.253224627175
-3.78121292559
-1.20817977192
-6.89267582985
0.609441016146
-0.268530946246
-5.0060995069
-1.18570035067
-7.0368258925
-0.999872372756
0.754413048404
-0.809763423848
-0.684677728661
0.562391595517
-10.632643216
-2.54973332823
-2.07646530038
-16.2957648806
-0.13944076929
-0.0745259989056
0.688250861069
0.585179919123
0.530351784321
-0.202286945309
-1.56626754091
-1.5187046283
0.0485789625632
-1.24426765832
-0.369050515651
0.532616593694
-0.189158269744
-0.949063906922
0.53394364702
-14.6228685639
0.213506590056
-7.47505530302
0.301400689657
-0.739974870194
-0.997037513491
-0.957794516655
-1.30564373724
-0.7733787248
-0.402643830525
0.0262299453721
-0.67866002986
-0.0211130156287
-0.850443385571
0.785152829017
-0.180971678661
0.227442112614
-0.989195569973
-0.522624269914
0.901421064186
-0.533691562302
0.805882634578
-0.0912361894829
-0.689011256193
-0.846228737968
-1.29726140902
-0.924092725043
0.103709344515
-0.431112178885
-0.245377415602
0.988794715144
0.480329211181
0.0240132863295
0.488295157803
-0.833332728795
0.0811891650167
-0.272347864334
0.936969249033
0.00161955702589
-0.446527506816
-0.374753515787
0.954820088541
0.449928251484
0.0901369523522
-0.331857227761
0.393657325468
-0.959340351495
0.0987833990545
0.194975524584
-0.944272341436
-0.196811798126
-0.615199753344
0.839200810418
-0.588906976457
0.36004666394
-0.331936715467
0.648681207503
0.107323226761
-0.519709449013
0.746959265214
0.268498324039
-0.730795488679
0.0284666998735
0.857381106424
-0.96696151283
-0.357657398279
0.53702491284
0.937917900707
0.399706784257
-0.721469932054
-0.00929741009032
0.488274111631
-0.518752095321
0.297410820044
0.245002201042
0.45677488116
0.172635259021
-0.423858396471
-0.473431949302
0.89668657404
0.615082736826
-0.413668902334
0.509092241824
-0.0729624821728
0.700882693596
-0.348166154628
0.546672726401
0.982642417422
0.491671420401
-0.836871629159
-0.128873485717
-0.476715279221
0.968214344477
0.0284031736748
-0.616309453957
0.0735747168109
-0.792903647677
-0.742726370233
-0.548601590442
-0.614450927639
0.785386435961
-0.496611976491
0.68920557044
