4
0
3
2
1
136
0.0303655801892
-6.80153948365
-1.56592718945
-11.6196335112
0.609441016146
-0.491389993231
-8.02642606497
-1.5434477682
-11.7637835739
-0.999872372756
0.754413048404
-0.809763423848
-0.684677728661
0.562391595517
-16.884425956
-3.86342876303
-3.39016073518
-26.3537455553
-0.13944076929
-0.0745259989056
0.688250861069
0.585179919123
0.530351784321
-0.202286945309
-2.24070939361
-2.05825811046
-0.0159328668269
-1.44953257001
-0.574315427341
0.327351682004
-0.189158269744
-0.949063906922
0.53394364702
-24.4755843269
0.213506590056
-11.7914831609
0.301400689657
-0.739974870194
-1.20230242518
-1.16305942834
-1.51090864893
-0.7733787248
-0.491168432754
0.00957269947743
-0.852061506555
-0.0211130156287
-0.850443385571
0.696614465546
-0.197629479955
0.0540204540932
-0.989195569973
-0.522624269914
0.901421064186
-0.533691562302
0.805882634578
-0.169767427705
-0.689011256193
-0.846228737968
-1.59524806767
-0.924092725043
0.103709344515
-0.431112178885
-0.245377415602
0.988794715144
0.480329211181
-0.00394677737318
0.472524010593
-0.833332728795
0.0811891650167
-0.272347864334
0.936969249033
0.00161955702589
-0.446527506816
-0.374753515787
0.954820088541
0.339860604307
0.0632247579806
-0.49400590462
0.393657325468
-0.959340351495
-0.0113031107787
0.168058874893
-1.10644212818
-0.196811798126
-0.615199753344
0.839200810418
-0.588906976457
0.36004666394
-0.449198739469
0.648681207503
0.107323226761
-0.746556652524
0.746959265214
0.268498324039
-0.730795488679
0.0284666998735
0.857381106424
-0.96696151283
-0.363406327813
0.531756281017
0.937917900707
0.399706784257
-0.721469932054
-0.00929741009032
0.488274111631
-0.518752095321
0.297410820044
0.162736269921
0.0732489280624
0.1589704943
-0.896869332634
-0.473431949302
0.81424288053
0.230942203739
-0.427359705709
0.0354369576279
-0.0729624821728
0.700882693596
-0.348166154628
0.546672726401
0.982642417422
0.066688208854
-1.12323996601
-0.41535043738
-1.01893292116
0.968214344477
0.0284031736748
-0.616309453957
0.0735747168109
-0.792903647677
-0.742726370233
-0.577710667419
-0.614450927639
0.771313444703
-0.496611976491
0.68920557044
