4
0
3
2
1
136
-0.263403163564
-10.7828790375
-2.03750333074
-17.8506231821
0.609441016146
-0.785158736985
-12.0077656188
-2.01502390949
-17.9947732448
-0.999872372756
0.754413048404
-0.809763423848
-0.684677728661
0.562391595517
-25.1254122951
-5.59511819983
-5.12185017198
-39.6119928084
-0.13944076929
-0.0745259989056
0.688250861069
0.585179919123
0.530351784321
-0.202286945309
-3.12974638127
-2.76948770059
-0.100971187387
-1.72010904452
-0.84489190185
0.0567752074942
-0.189158269744
-0.949063906922
0.53394364702
-37.4632551055
0.213506590056
-17.4813198827
0.301400689657
-0.739974870194
-1.47287889969
-1.43363590285
-1.78148512344
-0.7733787248
-0.612017788848
-0.0128243992518
-1.08705735028
-0.0211130156287
-0.850443385571
0.575757522017
-0.220026976207
-0.180987042002
-0.989195569973
-0.522624269914
0.901421064186
-0.533691562302
0.805882634578
-0.276157856584
-0.689011256193
-0.846228737968
-1.99835706369
-0.924092725043
0.103709344515
-0.431112178885
-0.245377415602
0.988794715144
0.480329211181
-0.0419388442993
0.45085007216
-0.833332728795
0.0811891650167
-0.272347864334
0.936969249033
0.00161955702589
-0.446527506816
-0.374753515787
0.954820088541
0.189374393751
0.0262795801192
-0.713830655874
0.393657325468
-0.959340351495
-0.161800139746
0.131111309775
-1.32627894743
-0.196811798126
-0.615199753344
0.839200810418
-0.588906976457
0.36004666394
-0.608057851282
0.648681207503
0.107323226761
-1.0552353205
0.746959265214
0.268498324039
-0.730795488679
0.0284666998735
0.857381106424
-0.96696151283
-0.371066303875
0.524367060429
0.937917900707
0.399706784257
-0.721469932054
-0.00929741009032
0.488274111631
-0.518752095321
0.297410820044
0.0175130681432
-0.553198754984
0.136075356508
-1.64686128882
-0.473431949302
0.668999863332
-0.395583076504
-0.450258267448
-0.714635220969
-0.0729624821728
0.700882693596
-0.348166154628
0.546672726401
0.982642417422
-0.606968303053
-1.56189150471
-0.854009372173
-1.87020614431
0.968214344477
0.0284031736748
-0.616309453957
0.0735747168109
-0.792903647677
-0.742726370233
-0.623332288682
-0.614450927639
0.74826958518
-0.496611976491
0.68920557044
