4
0
3
2
1
136
-0.975032620416
-20.4273308876
-3.1798558799
-32.9446585056
0.609441016146
-1.49678819384
-21.652217469
-3.15737645864
-33.0888085682
-0.999872372756
0.754413048404
-0.809763423848
-0.684677728661
0.562391595517
-45.0884912717
-9.78998657688
-9.31671854903
-71.7289538268
-0.13944076929
-0.0745259989056
0.688250861069
0.585179919123
0.530351784321
-0.202286945309
-5.28336184274
-4.49238006978
-0.306969188053
-2.37555722846
-1.50034008579
-0.598672976448
-0.189158269744
-0.949063906922
0.53394364702
-68.9247679398
0.213506590056
-31.264458838
0.301400689657
-0.739974870194
-2.12832708363
-2.0890840868
-2.43693330738
-0.7733787248
-0.910234908369
-0.0681365220304
-1.6652234936
-0.0211130156287
-0.850443385571
0.277536850405
-0.275339418466
-0.759159104615
-0.989195569973
-0.522624269914
0.901421064186
-0.533691562302
0.805882634578
-0.537509788066
-0.689011256193
-0.846228737968
-2.99511248786
-0.924092725043
0.103709344515
-0.431112178885
-0.245377415602
0.988794715144
0.480329211181
-0.135307148137
0.396356450137
-0.833332728795
0.0811891650167
-0.272347864334
0.936969249033
0.00161955702589
-0.446527506816
-0.374753515787
0.954820088541
-0.182772169735
-0.0656267914433
-1.2546722508
0.393657325468
-0.959340351495
-0.533952335992
0.0392036943864
-1.86712661027
-0.196811798126
-0.615199753344
0.839200810418
-0.588906976457
0.36004666394
-0.99896514372
0.648681207503
0.107323226761
-1.82299599433
0.746959265214
0.268498324039
-0.730795488679
0.0284666998735
0.857381106424
-0.96696151283
-0.389751522344
0.505811298202
0.937917900707
0.399706784257
-0.721469932054
-0.00929741009032
0.488274111631
-0.518752095321
0.297410820044
-0.338285122013
-2.08863780715
0.0798980948515
-3.48192617564
-0.473431949302
0.31320146504
-1.93102372566
-0.506435577686
-2.54970185197
-0.0729624821728
0.700882693596
-0.348166154628
0.546672726401
0.982642417422
-2.25477969404
-2.62932143101
-1.92143935253
-3.96343154729
0.968214344477
0.0284031736748
-0.616309453957
0.0735747168109
-0.792903647677
-0.742726370233
-0.735657550488
-0.614450927639
0.692089148381
-0.496611976491
0.68920557044
