4
0
3
2
1
136
-0.944642750372
-20.0154681752
-3.13107214115
-32.3000733672
0.609441016146
-1.46639832379
-21.2403547565
-3.10859271989
-32.4442234299
-0.999872372756
0.754413048404
-0.809763423848
-0.684677728661
0.562391595517
-44.2359754435
-9.61084629032
-9.13757826247
-70.3574110075
-0.13944076929
-0.0745259989056
0.688250861069
0.585179919123
0.530351784321
-0.202286945309
-5.19139249919
-4.41880459494
-0.298172120409
-2.34756655868
-1.47234941602
-0.570682306671
-0.189158269744
-0.949063906922
0.53394364702
-67.5812157903
0.213506590056
-30.6758550392
0.301400689657
-0.739974870194
-2.10033641385
-2.06109341702
-2.4089426376
-0.7733787248
-0.897454407555
-0.0657573806344
-1.64045601975
-0.0211130156287
-0.850443385571
0.29031738372
-0.272960271324
-0.734391572194
-0.989195569973
-0.522624269914
0.901421064186
-0.533691562302
0.805882634578
-0.526320714939
-0.689011256193
-0.846228737968
-2.9522586049
-0.924092725043
0.103709344515
-0.431112178885
-0.245377415602
0.988794715144
0.480329211181
-0.131310474875
0.398715188475
-0.833332728795
0.0811891650167
-0.272347864334
0.936969249033
0.00161955702589
-0.446527506816
-0.374753515787
0.954820088541
-0.166809358695
-0.0616702435518
-1.23150394598
0.393657325468
-0.959340351495
-0.517989462389
0.0431602601309
-1.84395824473
-0.196811798126
-0.615199753344
0.839200810418
-0.588906976457
0.36004666394
-0.982211153455
0.648681207503
0.107323226761
-1.78989870197
0.746959265214
0.268498324039
-0.730795488679
0.0284666998735
0.857381106424
-0.96696151283
-0.388952283581
0.506609416203
0.937917900707
0.399706784257
-0.721469932054
-0.00929741009032
0.488274111631
-0.518752095321
0.297410820044
-0.323090187327
-2.02305970299
0.0822972950605
-3.40355236624
-0.473431949302
0.32839639973
-1.86544562128
-0.504036377476
-2.47132804211
-0.0729624821728
0.700882693596
-0.348166154628
0.546672726401
0.982642417422
-2.18440319319
-2.58373662615
-1.87585454766
-3.87391431046
0.968214344477
0.0284031736748
-0.616309453957
0.0735747168109
-0.792903647677
-0.742726370233
-0.730859161217
-0.614450927639
0.694488348646
-0.496611976491
0.68920557044
