4
0
3
2
1
136
-0.919317858669
-19.6722492481
-3.09041902552
-31.7629190852
0.609441016146
-1.44107343209
-20.8971358294
-3.06793960426
-31.9070691479
-0.999872372756
0.754413048404
-0.809763423848
-0.684677728661
0.562391595517
-43.5255455867
-9.46156271818
-8.98829469033
-69.2144586581
-0.13944076929
-0.0745259989056
0.688250861069
0.585179919123
0.530351784321
-0.202286945309
-5.11475137956
-4.35749169924
-0.290841230705
-2.32424100054
-1.44902385787
-0.547356748523
-0.189158269744
-0.949063906922
0.53394364702
-66.461588999
0.213506590056
-30.1853518735
0.301400689657
-0.739974870194
-2.07701085571
-2.03776785887
-2.38561707946
-0.7733787248
-0.886805168084
-0.0637755344589
-1.61981849062
-0.0211130156287
-0.850443385571
0.300966653141
-0.270978420071
-0.713753989235
-0.989195569973
-0.522624269914
0.901421064186
-0.533691562302
0.805882634578
-0.516997153257
-0.689011256193
-0.846228737968
-2.91655942607
-0.924092725043
0.103709344515
-0.431112178885
-0.245377415602
0.988794715144
0.480329211181
-0.127980115185
0.400679353156
-0.833332728795
0.0811891650167
-0.272347864334
0.936969249033
0.00161955702589
-0.446527506816
-0.374753515787
0.954820088541
-0.153509104435
-0.058374507591
-1.21219894223
0.393657325468
-0.959340351495
-0.504689151264
0.0464560118922
-1.82465318528
-0.196811798126
-0.615199753344
0.839200810418
-0.588906976457
0.36004666394
-0.968251508246
0.648681207503
0.107323226761
-1.7623321072
0.746959265214
0.268498324039
-0.730795488679
0.0284666998735
0.857381106424
-0.96696151283
-0.38828628952
0.50727436935
0.937917900707
0.399706784257
-0.721469932054
-0.00929741009032
0.488274111631
-0.518752095321
0.297410820044
-0.310427741885
-1.9684112925
0.0842966285437
-3.33824087326
-0.473431949302
0.341058845178
-1.81079721055
-0.502037043992
-2.40601654866
-0.0729624821728
0.700882693596
-0.348166154628
0.546672726401
0.982642417422
-2.12575611971
-2.54574928884
-1.83786721035
-3.79932036765
0.968214344477
0.0284031736748
-0.616309453957
0.0735747168109
-0.792903647677
-0.742726370233
-0.726860506427
-0.614450927639
0.696487682199
-0.496611976491
0.68920557044
