4
0
3
2
1
136
0.182314930407
-4.74222592134
-1.32200849568
-8.39670781938
0.609441016146
-0.339440643014
-5.96711250265
-1.29952907443
-8.54085788203
-0.999872372756
0.754413048404
-0.809763423848
-0.684677728661
0.562391595517
-12.6218468151
-2.96772733021
-2.49445930236
-19.4960314589
-0.13944076929
-0.0745259989056
0.688250861069
0.585179919123
0.530351784321
-0.202286945309
-1.78086267586
-1.69038073626
0.0280524713936
-1.30957922112
-0.434362078457
0.467305030887
-0.189158269744
-0.949063906922
0.53394364702
-17.7578235794
0.213506590056
-8.84846416689
0.301400689657
-0.739974870194
-1.0623490763
-1.02310607946
-1.37095530004
-0.7733787248
-0.430348488797
0.020969868347
-0.733132995129
-0.0211130156287
-0.850443385571
0.757442696029
-0.186231964302
0.17296119793
-0.989195569973
-0.522624269914
0.901421064186
-0.533691562302
0.805882634578
-0.11589962642
-0.689011256193
-0.846228737968
-1.39105180587
-0.924092725043
0.103709344515
-0.431112178885
-0.245377415602
0.988794715144
0.480329211181
0.0152479208201
0.483360189555
-0.833332728795
0.0811891650167
-0.272347864334
0.936969249033
0.00161955702589
-0.446527506816
-0.374753515787
0.954820088541
0.415495798737
0.0817322236365
-0.38278327993
0.393657325468
-0.959340351495
0.0643435028108
0.186569005919
-0.995206725238
-0.196811798126
-0.615199753344
0.839200810418
-0.588906976457
0.36004666394
-0.368775352143
0.648681207503
0.107323226761
-0.590938608591
0.746959265214
0.268498324039
-0.730795488679
0.0284666998735
0.857381106424
-0.96696151283
-0.359478065354
0.535394778098
0.937917900707
0.399706784257
-0.721469932054
-0.00929741009032
0.488274111631
-0.518752095321
0.297410820044
0.2256972428
0.356973689619
0.169148893339
-0.550839353402
-0.473431949302
0.877310845442
0.515022114343
-0.417165939709
0.381836646975
-0.0729624821728
0.700882693596
-0.348166154628
0.546672726401
0.982642417422
0.377908382248
-0.914838530292
-0.206892686332
-0.624645031942
0.968214344477
0.0284031736748
-0.616309453957
0.0735747168109
-0.792903647677
-0.742726370233
-0.556667515228
-0.614450927639
0.781854694171
-0.496611976491
0.68920557044
