4
0
3
2
1
136
-0.564769374829
-14.8671842694
-2.52127540672
-24.2427591376
0.609441016146
-1.08652494825
-16.0920708507
-2.49879598546
-24.3869092003
-0.999872372756
0.754413048404
-0.809763423848
-0.684677728661
0.562391595517
-33.5795275912
-7.37159270826
-6.89832468041
-53.2131257664
-0.13944076929
-0.0745259989056
0.688250861069
0.585179919123
0.530351784321
-0.202286945309
-4.04177570481
-3.49911115943
-0.188208774857
-1.99768318647
-1.1224660438
-0.22079893446
-0.189158269744
-0.949063906922
0.53394364702
-50.7868139214
0.213506590056
-23.3183075541
0.301400689657
-0.739974870194
-1.75045304164
-1.71121004481
-2.05905926539
-0.7733787248
-0.737906327135
-0.0361233215762
-1.33122198622
-0.0211130156287
-0.850443385571
0.44986639941
-0.243326096919
-0.425155908466
-0.989195569973
-0.522624269914
0.901421064186
-0.533691562302
0.805882634578
-0.3865811395
-0.689011256193
-0.846228737968
-2.41830360066
-0.924092725043
0.103709344515
-0.431112178885
-0.245377415602
0.988794715144
0.480329211181
-0.0813913352581
0.42800370092
-0.833332728795
0.0811891650167
-0.272347864334
0.936969249033
0.00161955702589
-0.446527506816
-0.374753515787
0.954820088541
0.0323797321423
-0.0124024889204
-0.942236245283
0.393657325468
-0.959340351495
-0.318798760414
0.0924283975477
-1.55468887261
-0.196811798126
-0.615199753344
0.839200810418
-0.588906976457
0.36004666394
-0.773099356927
0.648681207503
0.107323226761
-1.37811025739
0.746959265214
0.268498324039
-0.730795488679
0.0284666998735
0.857381106424
-0.96696151283
-0.378968227315
0.516559666705
0.937917900707
0.399706784257
-0.721469932054
-0.00929741009032
0.488274111631
-0.518752095321
0.297410820044
-0.13315369596
-1.20333934159
0.112287253339
-2.42388705216
-0.473431949302
0.518332893563
-1.04572521536
-0.474046418651
-1.49166266703
-0.0729624821728
0.700882693596
-0.348166154628
0.546672726401
0.982642417422
-1.30470314866
-2.01392669274
-1.30604461377
-2.75556223312
0.968214344477
0.0284031736748
-0.616309453957
0.0735747168109
-0.792903647677
-0.742726370233
-0.670880942688
-0.614450927639
0.724478348076
-0.496611976491
0.68920557044
