4
0
3
2
1
136
0.0278330910189
-6.83586137636
-1.56999250102
-11.6733489394
0.609441016146
-0.493922482401
-8.06074795767
-1.54751307976
-11.8174990021
-0.999872372756
0.754413048404
-0.809763423848
-0.684677728661
0.562391595517
-16.9554689417
-3.87835712025
-3.4050890924
-26.4680407903
-0.13944076929
-0.0745259989056
0.688250861069
0.585179919123
0.530351784321
-0.202286945309
-2.24837350558
-2.06438940003
-0.0166659557973
-1.45186512582
-0.576647983155
0.325019126189
-0.189158269744
-0.949063906922
0.53394364702
-24.5875470061
0.213506590056
-11.8405334775
0.301400689657
-0.739974870194
-1.204634981
-1.16539198416
-1.51324120474
-0.7733787248
-0.49219519072
0.00938147464745
-0.854063714936
-0.0211130156287
-0.850443385571
0.69558760227
-0.197820709568
0.0520180879311
-0.989195569973
-0.522624269914
0.901421064186
-0.533691562302
0.805882634578
-0.170674309293
-0.689011256193
-0.846228737968
-1.59868224355
-0.924092725043
0.103709344515
-0.431112178885
-0.245377415602
0.988794715144
0.480329211181
-0.00427031312281
0.472340811074
-0.833332728795
0.0811891650167
-0.272347864334
0.936969249033
0.00161955702589
-0.446527506816
-0.374753515787
0.954820088541
0.33858315267
0.0629117524859
-0.495878665842
0.393657325468
-0.959340351495
-0.0125807092921
0.167745835946
-1.10831505369
-0.196811798126
-0.615199753344
0.839200810418
-0.588906976457
0.36004666394
-0.450552545054
0.648681207503
0.107323226761
-0.749179082394
0.746959265214
0.268498324039
-0.730795488679
0.0284666998735
0.857381106424
-0.96696151283
-0.363472049925
0.531694267646
0.937917900707
0.399706784257
-0.721469932054
-0.00929741009032
0.488274111631
-0.518752095321
0.297410820044
0.161535542151
0.0680386720746
0.158781167212
-0.903139127804
-0.473431949302
0.813041411105
0.225729345483
-0.427549149415
0.0291644730043
-0.0729624821728
0.700882693596
-0.348166154628
0.546672726401
0.982642417422
0.061051344141
-1.12695419825
-0.419064974189
-1.02603883393
0.968214344477
0.0284031736748
-0.616309453957
0.0735747168109
-0.792903647677
-0.742726370233
-0.578089314824
-0.614450927639
0.771119851567
-0.496611976491
0.68920557044
