4
0
3
2
1
136
0.111405233638
-5.70323891709
-1.43583721944
-9.90073980891
0.609441016146
-0.410350339782
-6.9281254984
-1.41335779819
-10.0448898716
-0.999872372756
0.754413048404
-0.809763423848
-0.684677728661
0.562391595517
-14.6110504142
-3.3857213322
-2.91245330434
-22.6962980372
-0.13944076929
-0.0745259989056
0.688250861069
0.585179919123
0.530351784321
-0.202286945309
-1.99545781081
-1.86205684422
0.00752598022405
-1.37489078394
-0.499673641269
0.401993468075
-0.189158269744
-0.949063906922
0.53394364702
-20.8927785949
0.213506590056
-10.2218730308
0.301400689657
-0.739974870194
-1.12766063911
-1.08841764227
-1.43626686286
-0.7733787248
-0.458520546563
0.0156707960964
-0.788311585931
-0.0211130156287
-0.850443385571
0.729266252025
-0.191531213882
0.117776171516
-0.989195569973
-0.522624269914
0.901421064186
-0.533691562302
0.805882634578
-0.140891351842
-0.689011256193
-0.846228737968
-1.48585796698
-0.924092725043
0.103709344515
-0.431112178885
-0.245377415602
0.988794715144
0.480329211181
0.00634917097024
0.478343616665
-0.833332728795
0.0811891650167
-0.272347864334
0.936969249033
0.00161955702589
-0.446527506816
-0.374753515787
0.954820088541
0.380469576003
0.0731681143914
-0.434381716941
0.393657325468
-0.959340351495
0.0293112651653
0.178003478095
-1.04681189393
-0.196811798126
-0.615199753344
0.839200810418
-0.588906976457
0.36004666394
-0.406090851656
0.648681207503
0.107323226761
-0.663108842937
0.746959265214
0.268498324039
-0.730795488679
0.0284666998735
0.857381106424
-0.96696151283
-0.361307271895
0.533718547336
0.937917900707
0.399706784257
-0.721469932054
-0.00929741009032
0.488274111631
-0.518752095321
0.297410820044
0.199194439955
0.23359965448
0.164762573234
-0.702862328743
-0.473431949302
0.850742082667
0.391429928828
-0.421561570327
0.229585907751
-0.0729624821728
0.700882693596
-0.348166154628
0.546672726401
0.982642417422
0.241193803466
-1.00729591946
-0.299387542108
-0.798685538674
0.968214344477
0.0284031736748
-0.616309453957
0.0735747168109
-0.792903647677
-0.742726370233
-0.565984891744
-0.614450927639
0.777290213309
-0.496611976491
0.68920557044
