4
0
3
2
1
136
-0.812953313517
-18.2307297545
-2.91967593988
-29.5068711009
0.609441016146
-1.33470888694
-19.4556163358
-2.89719651862
-29.6510211636
-0.999872372756
0.754413048404
-0.809763423848
-0.684677728661
0.562391595517
-40.541740188
-8.83457171521
-8.36130368736
-64.4140587906
-0.13944076929
-0.0745259989056
0.688250861069
0.585179919123
0.530351784321
-0.202286945309
-4.79285867714
-4.0999775373
-0.260051493951
-2.22627365632
-1.35105651365
-0.449389404304
-0.189158269744
-0.949063906922
0.53394364702
-61.7591564757
0.213506590056
-28.1252385777
0.301400689657
-0.739974870194
-1.97904351149
-1.93980051465
-2.28764973524
-0.7733787248
-0.842092518918
-0.0554601709944
-1.5331653484
-0.0211130156287
-0.850443385571
0.345679463149
-0.262663032019
-0.627100560123
-0.989195569973
-0.522624269914
0.901421064186
-0.533691562302
0.805882634578
-0.47784636771
-0.689011256193
-0.846228737968
-2.76675829537
-0.924092725043
0.103709344515
-0.431112178885
-0.245377415602
0.988794715144
0.480329211181
-0.113995120186
0.408913151382
-0.833332728795
0.0811891650167
-0.272347864334
0.936969249033
0.00161955702589
-0.446527506816
-0.374753515787
0.954820088541
-0.0976725100486
-0.0445474412171
-1.13114092263
0.393657325468
-0.959340351495
-0.448852261361
0.0602831555579
-1.74359487005
-0.196811798126
-0.615199753344
0.839200810418
-0.588906976457
0.36004666394
-0.90964396858
0.648681207503
0.107323226761
-1.64670798235
0.746959265214
0.268498324039
-0.730795488679
0.0284666998735
0.857381106424
-0.96696151283
-0.385489566748
0.510065407713
0.937917900707
0.399706784257
-0.721469932054
-0.00929741009032
0.488274111631
-0.518752095321
0.297410820044
-0.257245473968
-1.73888813989
0.0926938285845
-3.06393284844
-0.473431949302
0.394241113153
-1.58127405581
-0.493639843941
-2.13170852011
-0.0729624821728
0.700882693596
-0.348166154628
0.546672726401
0.982642417422
-1.87943859724
-2.38620247392
-1.67832039542
-3.48606964429
0.968214344477
0.0284031736748
-0.616309453957
0.0735747168109
-0.792903647677
-0.742726370233
-0.710066207613
-0.614450927639
0.704884883092
-0.496611976491
0.68920557044
