4
0
3
2
1
136
0.281082008048
-3.40367210583
-1.16346134473
-6.30180611968
0.609441016146
-0.240673565372
-4.62855868715
-1.14098192348
-6.44595618233
-0.999872372756
0.754413048404
-0.809763423848
-0.684677728661
0.562391595517
-9.85117037355
-2.38552139888
-1.91225337102
-15.0385172963
-0.13944076929
-0.0745259989056
0.688250861069
0.585179919123
0.530351784321
-0.202286945309
-1.48196230932
-1.45126044303
0.056642941237
-1.21860954438
-0.343392401708
0.558274707636
-0.189158269744
-0.949063906922
0.53394364702
-13.3912790935
0.213506590056
-6.93550182078
0.301400689657
-0.739974870194
-0.971379399548
-0.932136402712
-1.2799856233
-0.7733787248
-0.391911515585
0.0282846725082
-0.657487275544
-0.0211130156287
-0.850443385571
0.795887628905
-0.178916860136
0.248618453271
-0.989195569973
-0.522624269914
0.901421064186
-0.533691562302
0.805882634578
-0.0816542626741
-0.689011256193
-0.846228737968
-1.26073223775
-0.924092725043
0.103709344515
-0.431112178885
-0.245377415602
0.988794715144
0.480329211181
0.0274128489243
0.490209077737
-0.833332728795
0.0811891650167
-0.272347864334
0.936969249033
0.00161955702589
-0.446527506816
-0.374753515787
0.954820088541
0.463263931103
0.0933874460522
-0.312067490568
0.393657325468
-0.959340351495
0.112122439341
0.198226836262
-0.924478842036
-0.196811798126
-0.615199753344
0.839200810418
-0.588906976457
0.36004666394
-0.317619052771
0.648681207503
0.107323226761
-0.492019549964
0.746959265214
0.268498324039
-0.730795488679
0.0284666998735
0.857381106424
-0.96696151283
-0.35694484691
0.537650912333
0.937917900707
0.399706784257
-0.721469932054
-0.00929741009032
0.488274111631
-0.518752095321
0.297410820044
0.250722386276
0.489196359023
0.173755538564
-0.381299733135
-0.473431949302
0.9024295139
0.647598904797
-0.41254482061
0.551752574693
-0.0729624821728
0.700882693596
-0.348166154628
0.546672726401
0.982642417422
0.529596780843
-0.81076131125
-0.102742397674
-0.426244956642
0.968214344477
0.0284031736748
-0.616309453957
0.0735747168109
-0.792903647677
-0.742726370233
-0.545800490328
-0.614450927639
0.786470781313
-0.496611976491
0.68920557044
