4
0
3
2
1
136
-0.164636085923
-9.44432522196
-1.87895617979
-15.7557214824
0.609441016146
-0.686391659343
-10.6692118033
-1.85647675854
-15.8998715451
-0.999872372756
0.754413048404
-0.809763423848
-0.684677728661
0.562391595517
-22.3547358535
-5.01291226849
-4.53964424064
-35.1544786458
-0.13944076929
-0.0745259989056
0.688250861069
0.585179919123
0.530351784321
-0.202286945309
-2.83084601473
-2.53036740736
-0.0723807175433
-1.62913936774
-0.753922225076
0.147744884269
-0.189158269744
-0.949063906922
0.53394364702
-33.0967106196
0.213506590056
-15.5683575366
0.301400689657
-0.739974870194
-1.38190922292
-1.34266622608
-1.69051544666
-0.7733787248
-0.571076335214
-0.00525121618141
-1.00755600265
-0.0211130156287
-0.850443385571
0.616700688222
-0.212453689808
-0.101482996516
-0.989195569973
-0.522624269914
0.901421064186
-0.533691562302
0.805882634578
-0.240177823224
-0.689011256193
-0.846228737968
-1.86191707387
-0.924092725043
0.103709344515
-0.431112178885
-0.245377415602
0.988794715144
0.480329211181
-0.0290851936898
0.458220445325
-0.833332728795
0.0811891650167
-0.272347864334
0.936969249033
0.00161955702589
-0.446527506816
-0.374753515787
0.954820088541
0.240384491179
0.0388181329244
-0.639459401111
0.393657325468
-0.959340351495
-0.110787540322
0.143650399764
-1.25190491289
-0.196811798126
-0.615199753344
0.839200810418
-0.588906976457
0.36004666394
-0.554320513916
0.648681207503
0.107323226761
-0.950588156131
0.746959265214
0.268498324039
-0.730795488679
0.0284666998735
0.857381106424
-0.96696151283
-0.368484251053
0.526887202307
0.937917900707
0.399706784257
-0.721469932054
-0.00929741009032
0.488274111631
-0.518752095321
0.297410820044
0.0668371184336
-0.34049155189
0.143859372199
-1.39257182468
-0.473431949302
0.718324662709
-0.182871737086
-0.44247409016
-0.460341437671
-0.0729624821728
0.700882693596
-0.348166154628
0.546672726401
0.982642417422
-0.378624417421
-1.41379985978
-0.705917503889
-1.58112652503
0.968214344477
0.0284031736748
-0.616309453957
0.0735747168109
-0.792903647677
-0.742726370233
-0.607802936062
-0.614450927639
0.756062980216
-0.496611976491
0.68920557044
