4
0
3
2
1
136
-0.610354179894
-15.4849783381
-2.59445101485
-25.2096368452
0.609441016146
-1.13210975331
-16.7098649194
-2.5719715936
-25.3537869078
-0.999872372756
0.754413048404
-0.809763423848
-0.684677728661
0.562391595517
-34.8583013335
-7.64030313811
-7.16703511026
-55.2704399953
-0.13944076929
-0.0745259989056
0.688250861069
0.585179919123
0.530351784321
-0.202286945309
-4.17972972013
-3.60947437169
-0.201404376324
-2.03966919114
-1.16445204847
-0.262784939125
-0.189158269744
-0.949063906922
0.53394364702
-52.8021421457
0.213506590056
-24.2012132524
0.301400689657
-0.739974870194
-1.79243904631
-1.75319604947
-2.10104527006
-0.7733787248
-0.757021217526
-0.0396668134372
-1.36827696173
-0.0211130156287
-0.850443385571
0.430751316067
-0.24686960832
-0.462211213253
-0.989195569973
-0.522624269914
0.901421064186
-0.533691562302
0.805882634578
-0.403330909293
-0.689011256193
-0.846228737968
-2.48216827098
-0.924092725043
0.103709344515
-0.431112178885
-0.245377415602
0.988794715144
0.480329211181
-0.0873754103363
0.424512340562
-0.833332728795
0.0811891650167
-0.272347864334
0.936969249033
0.00161955702589
-0.446527506816
-0.374753515787
0.954820088541
0.00852602812738
-0.0182917409106
-0.976898921918
0.393657325468
-0.959340351495
-0.342652779946
0.0865390760074
-1.58935188588
-0.196811798126
-0.615199753344
0.839200810418
-0.588906976457
0.36004666394
-0.798150391297
0.648681207503
0.107323226761
-1.42729765321
0.746959265214
0.268498324039
-0.730795488679
0.0284666998735
0.857381106424
-0.96696151283
-0.380165401523
0.515369562136
0.937917900707
0.399706784257
-0.721469932054
-0.00929741009032
0.488274111631
-0.518752095321
0.297410820044
-0.155946004376
-1.30170408351
0.108688475218
-2.54144494473
-0.473431949302
0.495540583966
-1.14408997516
-0.477645197043
-1.60922058232
-0.0729624821728
0.700882693596
-0.348166154628
0.546672726401
0.982642417422
-1.41026541173
-2.08230383641
-1.37442175767
-2.88967876068
0.968214344477
0.0284031736748
-0.616309453957
0.0735747168109
-0.792903647677
-0.742726370233
-0.678077879353
-0.614450927639
0.720879549848
-0.496611976491
0.68920557044
