4
0
3
2
1
136
0.362121661497
-2.30537153926
-1.03337137472
-4.58291241737
0.609441016146
-0.159633911923
-3.53025812058
-1.01089195346
-4.72706248001
-0.999872372756
0.754413048404
-0.809763423848
-0.684677728661
0.562391595517
-7.57779483174
-1.90781396804
-1.43454594019
-11.3810697801
-0.13944076929
-0.0745259989056
0.688250861069
0.585179919123
0.530351784321
-0.202286945309
-1.23671072652
-1.25505917678
0.080101788288
-1.14396775984
-0.268750617169
0.632916492179
-0.189158269744
-0.949063906922
0.53394364702
-9.8084733617
0.213506590056
-5.36589169064
0.301400689657
-0.739974870194
-0.896737615002
-0.857494618163
-1.20534383874
-0.7733787248
-0.361267584096
0.0342205399934
-0.596753872729
-0.0211130156287
-0.850443385571
0.826539966883
-0.17298069372
0.309363921935
-0.989195569973
-0.522624269914
0.901421064186
-0.533691562302
0.805882634578
-0.0541913671035
-0.689011256193
-0.846228737968
-1.15562991585
-0.924092725043
0.103709344515
-0.431112178885
-0.245377415602
0.988794715144
0.480329211181
0.03713229503
0.495688361893
-0.833332728795
0.0811891650167
-0.272347864334
0.936969249033
0.00161955702589
-0.446527506816
-0.374753515787
0.954820088541
0.501335086102
0.102649038913
-0.255318560263
0.393657325468
-0.959340351495
0.150204900655
0.207491213974
-0.867717249586
-0.196811798126
-0.615199753344
0.839200810418
-0.588906976457
0.36004666394
-0.276556980349
0.648681207503
0.107323226761
-0.412540136964
0.746959265214
0.268498324039
-0.730795488679
0.0284666998735
0.857381106424
-0.96696151283
-0.354882102613
0.539419483005
0.937917900707
0.399706784257
-0.721469932054
-0.00929741009032
0.488274111631
-0.518752095321
0.297410820044
0.262975518193
0.564897451776
0.176352751804
-0.278071990123
-0.473431949302
0.914728986906
0.723522196389
-0.409938875486
0.655223591559
-0.0729624821728
0.700882693596
-0.348166154628
0.546672726401
0.982642417422
0.620879841952
-0.747963015707
-0.0398920951337
-0.300971057315
0.968214344477
0.0284031736748
-0.616309453957
0.0735747168109
-0.792903647677
-0.742726370233
-0.538721321814
-0.614450927639
0.788831646002
-0.496611976491
0.68920557044
