4
0
3
2
1
136
-0.177298531775
-9.61593468549
-1.89928273761
-16.0242986234
0.609441016146
-0.699054105195
-10.8408212668
-1.87680331635
-16.1684486861
-0.999872372756
0.754413048404
-0.809763423848
-0.684677728661
0.562391595517
-22.7099507819
-5.08755405456
-4.61428602671
-35.7259548205
-0.13944076929
-0.0745259989056
0.688250861069
0.585179919123
0.530351784321
-0.202286945309
-2.86916657454
-2.56102385521
-0.076046162395
-1.64080214682
-0.765585004149
0.136082105195
-0.189158269744
-0.949063906922
0.53394364702
-33.6565240152
0.213506590056
-15.8136091194
0.301400689657
-0.739974870194
-1.39357200199
-1.35432900515
-1.70217822574
-0.7733787248
-0.576311820433
-0.0062199898625
-1.01772685139
-0.0211130156287
-0.850443385571
0.611464946779
-0.213422478172
-0.111654245353
-0.989195569973
-0.522624269914
0.901421064186
-0.533691562302
0.805882634578
-0.244781640858
-0.689011256193
-0.846228737968
-1.87936605821
-0.924092725043
0.103709344515
-0.431112178885
-0.245377415602
0.988794715144
0.480329211181
-0.0307297273622
0.457279611221
-0.833332728795
0.0811891650167
-0.272347864334
0.936969249033
0.00161955702589
-0.446527506816
-0.374753515787
0.954820088541
0.233862976013
0.0372159442901
-0.648973911771
0.393657325468
-0.959340351495
-0.117309426413
0.142048130918
-1.26141983647
-0.196811798126
-0.615199753344
0.839200810418
-0.588906976457
0.36004666394
-0.561195520362
0.648681207503
0.107323226761
-0.963962819295
0.746959265214
0.268498324039
-0.730795488679
0.0284666998735
0.857381106424
-0.96696151283
-0.368814979137
0.526565699797
0.937917900707
0.399706784257
-0.721469932054
-0.00929741009032
0.488274111631
-0.518752095321
0.297410820044
0.0605195432078
-0.367727920901
0.14286268468
-1.42513897329
-0.473431949302
0.712006915804
-0.210108987686
-0.443470813581
-0.492909502646
-0.0729624821728
0.700882693596
-0.348166154628
0.546672726401
0.982642417422
-0.407869471652
-1.43277952755
-0.724897224662
-1.61812354888
0.968214344477
0.0284031736748
-0.616309453957
0.0735747168109
-0.792903647677
-0.742726370233
-0.609789661586
-0.614450927639
0.755064288902
-0.496611976491
0.68920557044
