4
0
3
2
1
136
-0.635679071597
-15.8281972651
-2.63510413048
-25.7467911271
0.609441016146
-1.15743464502
-17.0530838465
-2.61262470922
-25.8909411898
-0.999872372756
0.754413048404
-0.809763423848
-0.684677728661
0.562391595517
-35.5687311903
-7.78958671024
-7.31631868239
-56.4133923447
-0.13944076929
-0.0745259989056
0.688250861069
0.585179919123
0.530351784321
-0.202286945309
-4.25637083976
-3.67078726739
-0.208735266027
-2.06299474928
-1.18777760662
-0.286110497272
-0.189158269744
-0.949063906922
0.53394364702
-53.9217689369
0.213506590056
-24.691716418
0.301400689657
-0.739974870194
-1.81576460446
-1.77652160762
-2.1243708282
-0.7733787248
-0.767645653125
-0.0416371713068
-1.38887170139
-0.0211130156287
-0.850443385571
0.420126786714
-0.248839976195
-0.482806113997
-0.989195569973
-0.522624269914
0.901421064186
-0.533691562302
0.805882634578
-0.412639506655
-0.689011256193
-0.846228737968
-2.51767842246
-0.924092725043
0.103709344515
-0.431112178885
-0.245377415602
0.988794715144
0.480329211181
-0.090700959818
0.422569473473
-0.833332728795
0.0811891650167
-0.272347864334
0.936969249033
0.00161955702589
-0.446527506816
-0.374753515787
0.954820088541
-0.00473379068376
-0.0215667869108
-0.996163995097
0.393657325468
-0.959340351495
-0.355912754156
0.0832639952575
-1.60861712379
-0.196811798126
-0.615199753344
0.839200810418
-0.588906976457
0.36004666394
-0.812074158173
0.648681207503
0.107323226761
-1.45465536297
0.746959265214
0.268498324039
-0.730795488679
0.0284666998735
0.857381106424
-0.96696151283
-0.380830642326
0.514707749507
0.937917900707
0.399706784257
-0.721469932054
-0.00929741009032
0.488274111631
-0.518752095321
0.297410820044
-0.168608419141
-1.35635159859
0.106689148867
-2.60675536426
-0.473431949302
0.482878168811
-1.19873749686
-0.479644523481
-1.67453101057
-0.0729624821728
0.700882693596
-0.348166154628
0.546672726401
0.982642417422
-1.46891155295
-2.12029115335
-1.41240907469
-2.96420141316
0.968214344477
0.0284031736748
-0.616309453957
0.0735747168109
-0.792903647677
-0.742726370233
-0.68207628835
-0.614450927639
0.718880216922
-0.496611976491
0.68920557044
