4
0
3
2
1
136
0.0734178960841
-6.21806730766
-1.49681689288
-10.7064712319
0.609441016146
-0.448337677336
-7.44295388898
-1.47433747163
-10.8506212945
-0.999872372756
0.754413048404
-0.809763423848
-0.684677728661
0.562391595517
-15.6766951994
-3.6096466904
-3.13637866255
-24.4107265613
-0.13944076929
-0.0745259989056
0.688250861069
0.585179919123
0.530351784321
-0.202286945309
-2.11041949025
-1.95402618777
-0.00347035433109
-1.40987912116
-0.53466197849
0.367005130854
-0.189158269744
-0.949063906922
0.53394364702
-22.5722187818
0.213506590056
-10.9576277793
0.301400689657
-0.739974870194
-1.16264897633
-1.12340597949
-1.47125520008
-0.7733787248
-0.473771301767
0.0128175451455
-0.818113068625
-0.0211130156287
-0.850443385571
0.714013534853
-0.194384548352
0.0879717834393
-0.989195569973
-0.522624269914
0.901421064186
-0.533691562302
0.805882634578
-0.154390328464
-0.689011256193
-0.846228737968
-1.53700840312
-0.924092725043
0.103709344515
-0.431112178885
-0.245377415602
0.988794715144
0.480329211181
0.00153754568591
0.475626327681
-0.833332728795
0.0811891650167
-0.272347864334
0.936969249033
0.00161955702589
-0.446527506816
-0.374753515787
0.954820088541
0.361502431858
0.0685255961838
-0.462253412421
0.393657325468
-0.959340351495
0.0103414104939
0.173360330835
-1.07468662245
-0.196811798126
-0.615199753344
0.839200810418
-0.588906976457
0.36004666394
-0.426243394629
0.648681207503
0.107323226761
-0.70210736908
0.746959265214
0.268498324039
-0.730795488679
0.0284666998735
0.857381106424
-0.96696151283
-0.362290183203
0.532804320842
0.937917900707
0.399706784257
-0.721469932054
-0.00929741009032
0.488274111631
-0.518752095321
0.297410820044
0.182671888592
0.160247443352
0.16212267854
-0.791916997318
-0.473431949302
0.834195658091
0.317999147856
-0.424204916998
0.140449742375
-0.0729624821728
0.700882693596
-0.348166154628
0.546672726401
0.982642417422
0.161072902222
-1.06078357172
-0.352886607226
-0.899910736835
0.968214344477
0.0284031736748
-0.616309453957
0.0735747168109
-0.792903647677
-0.742726370233
-0.571373658969
-0.614450927639
0.774553009458
-0.496611976491
0.68920557044
