4
0
3
2
1
136
0.534330916428
0.0285134674053
-0.756930627837
-0.930264279875
0.609441016146
0.0125753437365
-1.19637297913
-0.734451204437
-1.07441428509
-0.999872372756
0.754413048404
-0.809763423848
-0.684677728661
0.562391595517
-2.74687690886
-0.892686034917
-0.41941800177
-3.60913801785
-0.13944076929
-0.0745259989056
0.688250861069
0.585179919123
0.530351784321
-0.202286945309
-0.71555144088
-0.838136259471
0.129951838144
-0.985363559065
-0.110146394051
0.791520737587
-0.189158269744
-0.949063906922
0.53394364702
-2.19513020168
0.213506590056
-2.03047039646
0.301400689657
-0.739974870194
-0.738133347355
-0.69889032833
-1.04673952677
-0.7733787248
-0.299779379889
0.0465965548403
-0.4730717059
-0.0211130156287
-0.850443385571
0.888052227159
-0.160603863117
0.433080407778
-0.989195569973
-0.522624269914
0.901421064186
-0.533691562302
0.805882634578
0.00153867478172
-0.689011256193
-0.846228737968
-0.939291873829
-0.924092725043
0.103709344515
-0.431112178885
-0.245377415602
0.988794715144
0.480329211181
0.0566892911477
0.506826529804
-0.833332728795
0.0811891650167
-0.272347864334
0.936969249033
0.00161955702589
-0.446527506816
-0.374753515787
0.954820088541
0.577731917337
0.121119557967
-0.139853114446
0.393657325468
-0.959340351495
0.226633735516
0.225969751544
-0.752215871049
-0.196811798126
-0.615199753344
0.839200810418
-0.588906976457
0.36004666394
-0.193020468589
0.648681207503
0.107323226761
-0.250066176847
0.746959265214
0.268498324039
-0.730795488679
0.0284666998735
0.857381106424
-0.96696151283
-0.350561661801
0.542872011915
0.937917900707
0.399706784257
-0.721469932054
-0.00929741009032
0.488274111631
-0.518752095321
0.297410820044
0.277075608348
0.664889217301
0.17976831849
-0.128951788023
-0.473431949302
0.928870223238
0.823764826571
-0.406513722547
0.804633791022
-0.0729624821728
0.700882693596
-0.348166154628
0.546672726401
0.982642417422
0.750132890883
-0.660110757245
0.0480249223805
-0.108741124477
0.968214344477
0.0284031736748
-0.616309453957
0.0735747168109
-0.792903647677
-0.742726370233
-0.527569267429
-0.614450927639
0.791526992364
-0.496611976491
0.68920557044
