4
0
3
2
1
136
0.412771444903
-1.61893368517
-0.952065143469
-3.50860385342
0.609441016146
-0.108984128517
-2.84382026648
-0.929585722213
-3.65275391607
-0.999872372756
0.754413048404
-0.809763423848
-0.684677728661
0.562391595517
-6.15693511818
-1.60924682376
-1.13597879591
-9.09516510488
-0.13944076929
-0.0745259989056
0.688250861069
0.585179919123
0.530351784321
-0.202286945309
-1.08342848727
-1.13243338545
0.0947635676948
-1.0973166623
-0.222099519587
0.679567589804
-0.189158269744
-0.949063906922
0.53394364702
-7.56921978146
0.213506590056
-4.3848853593
0.301400689657
-0.739974870194
-0.850086517333
-0.81084352045
-1.15869274099
-0.7733787248
-0.342617549127
0.0378963128816
-0.559540853975
-0.0211130156287
-0.850443385571
0.845196195847
-0.169304707323
0.346585789747
-0.989195569973
-0.522624269914
0.901421064186
-0.533691562302
0.805882634578
-0.0373882445274
-0.689011256193
-0.846228737968
-1.09092726392
-0.924092725043
0.103709344515
-0.431112178885
-0.245377415602
0.988794715144
0.480329211181
0.0430567721333
0.499040012998
-0.833332728795
0.0811891650167
-0.272347864334
0.936969249033
0.00161955702589
-0.446527506816
-0.374753515787
0.954820088541
0.524503429708
0.10826920585
-0.220562001367
0.393657325468
-0.959340351495
0.17338152606
0.213113443655
-0.832951408054
-0.196811798126
-0.615199753344
0.839200810418
-0.588906976457
0.36004666394
-0.251406921954
0.648681207503
0.107323226761
-0.363772006849
0.746959265214
0.268498324039
-0.730795488679
0.0284666998735
0.857381106424
-0.96696151283
-0.353601610395
0.540480980846
0.937917900707
0.399706784257
-0.721469932054
-0.00929741009032
0.488274111631
-0.518752095321
0.297410820044
0.268319593096
0.601051487286
0.177587689803
-0.226207673192
-0.473431949302
0.920090652681
0.759775409468
-0.408700120459
0.707199732595
-0.0729624821728
0.700882693596
-0.348166154628
0.546672726401
0.982642417422
0.666243637307
-0.716917840994
-0.00882217837736
-0.235970777626
0.968214344477
0.0284031736748
-0.616309453957
0.0735747168109
-0.792903647677
-0.742726370233
-0.534980650335
-0.614450927639
0.78986354925
-0.496611976491
0.68920557044
