4
0
3
2
1
136
-0.547041950637
-14.6269310205
-2.49281822578
-23.8667511402
0.609441016146
-1.06879752406
-15.8518176018
-2.47033880452
-24.0109012029
-0.999872372756
0.754413048404
-0.809763423848
-0.684677728661
0.562391595517
-33.0822266915
-7.26709420776
-6.79382617991
-52.4130591218
-0.13944076929
-0.0745259989056
0.688250861069
0.585179919123
0.530351784321
-0.202286945309
-3.98812692107
-3.45619213244
-0.183077152065
-1.98135529577
-1.1061381531
-0.204471043757
-0.189158269744
-0.949063906922
0.53394364702
-50.0030751676
0.213506590056
-22.9749553382
0.301400689657
-0.739974870194
-1.73412515094
-1.69488215411
-2.04273137469
-0.7733787248
-0.730476273443
-0.0347464484035
-1.3168177127
-0.0211130156287
-0.850443385571
0.45729653754
-0.241949215575
-0.410751491715
-0.989195569973
-0.522624269914
0.901421064186
-0.533691562302
0.805882634578
-0.380069559793
-0.689011256193
-0.846228737968
-2.39348708257
-0.924092725043
0.103709344515
-0.431112178885
-0.245377415602
0.988794715144
0.480329211181
-0.0790649459201
0.429359334005
-0.833332728795
0.0811891650167
-0.272347864334
0.936969249033
0.00161955702589
-0.446527506816
-0.374753515787
0.954820088541
0.0416508312126
-0.010114376127
-0.928761884751
0.393657325468
-0.959340351495
-0.309527524837
0.0947165401082
-1.54121436566
-0.196811798126
-0.615199753344
0.839200810418
-0.588906976457
0.36004666394
-0.763361742252
0.648681207503
0.107323226761
-1.35900245849
0.746959265214
0.268498324039
-0.730795488679
0.0284666998735
0.857381106424
-0.96696151283
-0.378502758322
0.51702203806
0.937917900707
0.399706784257
-0.721469932054
-0.00929741009032
0.488274111631
-0.518752095321
0.297410820044
-0.12429004072
-1.16508676245
0.113686773171
-2.37817049961
-0.473431949302
0.527196549516
-1.00747262633
-0.472646898654
-1.44594610225
-0.0729624821728
0.700882693596
-0.348166154628
0.546672726401
0.982642417422
-1.26365153225
-1.9873355959
-1.27945351677
-2.70341507731
0.968214344477
0.0284031736748
-0.616309453957
0.0735747168109
-0.792903647677
-0.742726370233
-0.668082226833
-0.614450927639
0.725877880114
-0.496611976491
0.68920557044
