4
0
3
2
1
136
0.293744453899
-3.23206264231
-1.14313478692
-6.0332289787
0.609441016146
-0.228011119521
-4.45694922362
-1.12065536566
-6.17737904134
-0.999872372756
0.754413048404
-0.809763423848
-0.684677728661
0.562391595517
-9.49595544514
-2.31087961281
-1.83761158496
-14.4670411217
-0.13944076929
-0.0745259989056
0.688250861069
0.585179919123
0.530351784321
-0.202286945309
-1.44364174951
-1.42060399517
0.0603083860887
-1.20694676533
-0.331729622658
0.569937486687
-0.189158269744
-0.949063906922
0.53394364702
-12.8314656979
0.213506590056
-6.69025023794
0.301400689657
-0.739974870194
-0.959716620497
-0.920473623662
-1.26832284424
-0.7733787248
-0.38706465669
0.0292163140353
-0.647910274873
-0.0211130156287
-0.850443385571
0.800735683714
-0.177985175206
0.2581971761
-0.989195569973
-0.522624269914
0.901421064186
-0.533691562302
0.805882634578
-0.0773212084725
-0.689011256193
-0.846228737968
-1.24419237483
-0.924092725043
0.103709344515
-0.431112178885
-0.245377415602
0.988794715144
0.480329211181
0.0289488888306
0.49107409582
-0.833332728795
0.0811891650167
-0.272347864334
0.936969249033
0.00161955702589
-0.446527506816
-0.374753515787
0.954820088541
0.469286066251
0.0948543253054
-0.303117007312
0.393657325468
-0.959340351495
0.118146188498
0.199694110181
-0.915526551746
-0.196811798126
-0.615199753344
0.839200810418
-0.588906976457
0.36004666394
-0.311143123611
0.648681207503
0.107323226761
-0.479492559344
0.746959265214
0.268498324039
-0.730795488679
0.0284666998735
0.857381106424
-0.96696151283
-0.356621515599
0.537932543642
0.937917900707
0.399706784257
-0.721469932054
-0.00929741009032
0.488274111631
-0.518752095321
0.297410820044
0.253029828657
0.502757573407
0.174222522876
-0.363242422083
-0.473431949302
0.90474607023
0.661200304968
-0.412076237442
0.569853337094
-0.0729624821728
0.700882693596
-0.348166154628
0.546672726401
0.982642417422
0.545643814561
-0.799709129153
-0.0916811483542
-0.404650203724
0.968214344477
0.0284031736748
-0.616309453957
0.0735747168109
-0.792903647677
-0.742726370233
-0.544593160346
-0.614450927639
0.786912279267
-0.496611976491
0.68920557044
