4
0
3
2
1
136
0.574832604474
0.576982513862
-0.691909044757
-0.0713282834299
0.609441016146
0.0530785408186
-0.647870405611
-0.669429182554
-0.215445111282
-0.999872372756
0.754413048404
-0.809763423848
-0.684677728661
0.562391595517
-1.61097605015
-0.653927467475
-0.180658033124
-1.78631615391
-0.13944076929
-0.0745259989056
0.688250861069
0.585179919123
0.530351784321
-0.202286945309
-0.592982342111
-0.740242307631
0.141680387584
-0.948107527149
-0.0728902117127
0.828777070001
-0.189158269744
-0.949063906922
0.53394364702
-0.408938748927
0.213506590056
-1.24587019274
0.301400689657
-0.739974870194
-0.700876865213
-0.661633696803
-1.00948274621
-0.7733787248
-0.286193019517
0.0494545661307
-0.445274125579
-0.0211130156287
-0.850443385571
0.90164542283
-0.157745622152
0.460887754008
-0.989195569973
-0.522624269914
0.901421064186
-0.533691562302
0.805882634578
0.0140031139654
-0.689011256193
-0.846228737968
-0.890039075241
-0.924092725043
0.103709344515
-0.431112178885
-0.245377415602
0.988794715144
0.480329211181
0.0610189213794
0.509334603888
-0.833332728795
0.0811891650167
-0.272347864334
0.936969249033
0.00161955702589
-0.446527506816
-0.374753515787
0.954820088541
0.594623433372
0.125175167645
-0.113923258351
0.393657325468
-0.959340351495
0.243534282925
0.230027631173
-0.726275835683
-0.196811798126
-0.615199753344
0.839200810418
-0.588906976457
0.36004666394
-0.174273297392
0.648681207503
0.107323226761
-0.213338896996
0.746959265214
0.268498324039
-0.730795488679
0.0284666998735
0.857381106424
-0.96696151283
-0.349560440078
0.543615806717
0.937917900707
0.399706784257
-0.721469932054
-0.00929741009032
0.488274111631
-0.518752095321
0.297410820044
0.279187251643
0.68117278236
0.180325497067
-0.102722313535
-0.473431949302
0.930986466545
0.8400811759
-0.405955302611
0.830903585864
-0.0729624821728
0.700882693596
-0.348166154628
0.546672726401
0.982642417422
0.77245461994
-0.645172004274
0.0629727543615
-0.0729104834463
0.968214344477
0.0284031736748
-0.616309453957
0.0735747168109
-0.792903647677
-0.742726370233
-0.525473604178
-0.614450927639
0.791919173024
-0.496611976491
0.68920557044
