4
0
3
2
1
136
0.38997904237
-1.92783071951
-0.98865294753
-3.99204270719
0.609441016146
-0.13177653105
-3.15271730082
-0.966173526274
-4.13619276984
-0.999872372756
0.754413048404
-0.809763423848
-0.684677728661
0.562391595517
-6.79632198929
-1.74360203868
-1.27033401083
-10.1238222016
-0.13944076929
-0.0745259989056
0.688250861069
0.585179919123
0.530351784321
-0.202286945309
-1.15240549493
-1.18761499152
0.0881657669617
-1.11830965072
-0.243092508038
0.658574601321
-0.189158269744
-0.949063906922
0.53394364702
-8.57688389165
0.213506590056
-4.8263382084
0.301400689657
-0.739974870194
-0.871079505848
-0.831836508998
-1.17968572957
-0.7733787248
-0.350957797117
0.0362456499667
-0.576209332503
-0.0211130156287
-0.850443385571
0.836853068936
-0.170955468953
0.329913201141
-0.989195569973
-0.522624269914
0.901421064186
-0.533691562302
0.805882634578
-0.0449118758095
-0.689011256193
-0.846228737968
-1.11994243908
-0.924092725043
0.103709344515
-0.431112178885
-0.245377415602
0.988794715144
0.480329211181
0.0404065161752
0.497539097546
-0.833332728795
0.0811891650167
-0.272347864334
0.936969249033
0.00161955702589
-0.446527506816
-0.374753515787
0.954820088541
0.514142585221
0.105757584417
-0.236128622597
0.393657325468
-0.959340351495
0.163016836676
0.210600862749
-0.84852233985
-0.196811798126
-0.615199753344
0.839200810418
-0.588906976457
0.36004666394
-0.262670925547
0.648681207503
0.107323226761
-0.385624997528
0.746959265214
0.268498324039
-0.730795488679
0.0284666998735
0.857381106424
-0.96696151283
-0.354176928638
0.540007744819
0.937917900707
0.399706784257
-0.721469932054
-0.00929741009032
0.488274111631
-0.518752095321
0.297410820044
0.266081945699
0.585662562623
0.17706223156
-0.248527281024
-0.473431949302
0.917845903498
0.744345198814
-0.409227162312
0.684833244532
-0.0729624821728
0.700882693596
-0.348166154628
0.546672726401
0.982642417422
0.646769191567
-0.730224174671
-0.0221389341445
-0.264146862029
0.968214344477
0.0284031736748
-0.616309453957
0.0735747168109
-0.792903647677
-0.742726370233
-0.53660717984
-0.614450927639
0.789432220907
-0.496611976491
0.68920557044
