4
0
3
2
1
136
-1.10672205727
-22.2120693083
-3.39125208117
-35.7378607718
0.609441016146
-1.62847763069
-23.4369558896
-3.36877265991
-35.8820108345
-0.999872372756
0.754413048404
-0.809763423848
-0.684677728661
0.562391595517
-48.7827265271
-10.566261152
-10.0929931241
-77.6723060437
-0.13944076929
-0.0745259989056
0.688250861069
0.585179919123
0.530351784321
-0.202286945309
-5.68189566479
-4.81120712743
-0.345089814511
-2.49685013083
-1.62163298816
-0.719965878814
-0.189158269744
-0.949063906922
0.53394364702
-74.7468272543
0.213506590056
-33.8150752995
0.301400689657
-0.739974870194
-2.249619986
-2.21037698916
-2.55822620975
-0.7733787248
-0.965631568303
-0.0784566751479
-1.77257410247
-0.0211130156287
-0.850443385571
0.222140084167
-0.285659592705
-0.86650990604
-0.989195569973
-0.522624269914
0.901421064186
-0.533691562302
0.805882634578
-0.586003768172
-0.689011256193
-0.846228737968
-3.18098125537
-0.924092725043
0.103709344515
-0.431112178885
-0.245377415602
0.988794715144
0.480329211181
-0.152628439522
0.386115314848
-0.833332728795
0.0811891650167
-0.272347864334
0.936969249033
0.00161955702589
-0.446527506816
-0.374753515787
0.954820088541
-0.251970744136
-0.0827909271437
-1.3550918336
0.393657325468
-0.959340351495
-0.603151123127
0.0220394929485
-1.96754639397
-0.196811798126
-0.615199753344
0.839200810418
-0.588906976457
0.36004666394
-1.07159200661
0.648681207503
0.107323226761
-1.9666184837
0.746959265214
0.268498324039
-0.730795488679
0.0284666998735
0.857381106424
-0.96696151283
-0.393215367204
0.502351027743
0.937917900707
0.399706784257
-0.721469932054
-0.00929741009032
0.488274111631
-0.518752095321
0.297410820044
-0.404129839901
-2.37280967412
0.0695015604493
-3.8215461519
-0.473431949302
0.247356747145
-2.21519559308
-0.516832112089
-2.88932182923
-0.0729624821728
0.700882693596
-0.348166154628
0.546672726401
0.982642417422
-2.55974462171
-2.82685558598
-2.1189735075
-4.35138706871
0.968214344477
0.0284031736748
-0.616309453957
0.0735747168109
-0.792903647677
-0.742726370233
-0.756450595936
-0.614450927639
0.681692613895
-0.496611976491
0.68920557044
