4
0
3
2
1
136
0.596449023416
0.869303438845
-0.655747516003
0.393204392109
0.609441016146
0.074772920468
-0.354676363901
-0.633246909219
0.250170262309
-0.999872372756
0.754413048404
-0.809763423848
-0.684677728661
0.562391595517
-0.98949269454
-0.522876537944
-0.0495633613322
-0.811540234426
-0.13944076929
-0.0745259989056
0.688250861069
0.585179919123
0.530351784321
-0.202286945309
-0.525186082797
-0.686682277704
0.148170783286
-0.927271587717
-0.0520539123183
0.849613728546
-0.189158269744
-0.949063906922
0.53394364702
0.549868505529
0.213506590056
-0.814568605278
0.301400689657
-0.739974870194
-0.680039848327
-0.640796322385
-0.988645015065
-0.7733787248
-0.278719091432
0.0510522046076
-0.429887904732
-0.0211130156287
-0.850443385571
0.909123366066
-0.15614784815
0.47627972383
-0.989195569973
-0.522624269914
0.901421064186
-0.533691562302
0.805882634578
0.0208887761346
-0.689011256193
-0.846228737968
-0.862645269565
-0.924092725043
0.103709344515
-0.431112178885
-0.245377415602
0.988794715144
0.480329211181
0.0634016206458
0.510725123471
-0.833332728795
0.0811891650167
-0.272347864334
0.936969249033
0.00161955702589
-0.446527506816
-0.374753515787
0.954820088541
0.6039190548
0.127401656657
-0.0995738427191
0.393657325468
-0.959340351495
0.252835200654
0.232255449014
-0.711920439988
-0.196811798126
-0.615199753344
0.839200810418
-0.588906976457
0.36004666394
-0.163902540275
0.648681207503
0.107323226761
-0.192960697392
0.746959265214
0.268498324039
-0.730795488679
0.0284666998735
0.857381106424
-0.96696151283
-0.349000242524
0.544021903716
0.937917900707
0.399706784257
-0.721469932054
-0.00929741009032
0.488274111631
-0.518752095321
0.297410820044
0.280253475784
0.689529375352
0.180611637899
-0.0890040187634
-0.473431949302
0.932054851203
0.848453586343
-0.405668562864
0.844641670275
-0.0729624821728
0.700882693596
-0.348166154628
0.546672726401
0.982642417422
0.784072941246
-0.637431229846
0.0707179768171
-0.053863090456
0.968214344477
0.0284031736748
-0.616309453957
0.0735747168109
-0.792903647677
-0.742726370233
-0.524360282189
-0.614450927639
0.792115457917
-0.496611976491
0.68920557044
