4
0
3
2
1
136
0.286146986388
-3.33502832042
-1.15533072161
-6.19437526329
0.609441016146
-0.235608587032
-4.55991490174
-1.13285130035
-6.33852532594
-0.999872372756
0.754413048404
-0.809763423848
-0.684677728661
0.562391595517
-9.70908440218
-2.35566468445
-1.8823966566
-14.8099268264
-0.13944076929
-0.0745259989056
0.688250861069
0.585179919123
0.530351784321
-0.202286945309
-1.4666340854
-1.43899786388
0.0581091191777
-1.21394443275
-0.338727290086
0.562939819258
-0.189158269744
-0.949063906922
0.53394364702
-13.1673537353
0.213506590056
-6.83740118764
0.301400689657
-0.739974870194
-0.966714287926
-0.92747129109
-1.27532051167
-0.7733787248
-0.389970338279
0.0286575066602
-0.653652845682
-0.0211130156287
-0.850443385571
0.797829279515
-0.178544008765
0.252453564982
-0.989195569973
-0.522624269914
0.901421064186
-0.533691562302
0.805882634578
-0.0799193084218
-0.689011256193
-0.846228737968
-1.25411135024
-0.924092725043
0.103709344515
-0.431112178885
-0.245377415602
0.988794715144
0.480329211181
0.0280279797853
0.49055546303
-0.833332728795
0.0811891650167
-0.272347864334
0.936969249033
0.00161955702589
-0.446527506816
-0.374753515787
0.954820088541
0.465675839511
0.0939750181586
-0.308483831629
0.393657325468
-0.959340351495
0.114534986769
0.198814564492
-0.920894467671
-0.196811798126
-0.615199753344
0.839200810418
-0.588906976457
0.36004666394
-0.315026197895
0.648681207503
0.107323226761
-0.487004196253
0.746959265214
0.268498324039
-0.730795488679
0.0284666998735
0.857381106424
-0.96696151283
-0.356815471543
0.537763788456
0.937917900707
0.399706784257
-0.721469932054
-0.00929741009032
0.488274111631
-0.518752095321
0.297410820044
0.251665900851
0.49470594678
0.173945370425
-0.373983180269
-0.473431949302
0.903376765903
0.653124798601
-0.412354338926
0.559086734848
-0.0729624821728
0.700882693596
-0.348166154628
0.546672726401
0.982642417422
0.536102272307
-0.806280743378
-0.0982581686053
-0.417509082745
0.968214344477
0.0284031736748
-0.616309453957
0.0735747168109
-0.792903647677
-0.742726370233
-0.54531273034
-0.614450927639
0.786651057153
-0.496611976491
0.68920557044
