4
0
3
2
1
136
-0.714186235876
-16.892175939
-2.76112878893
-27.4119694012
0.609441016146
-1.2359418093
-18.1170625203
-2.73864936767
-27.5561194639
-0.999872372756
0.754413048404
-0.809763423848
-0.684677728661
0.562391595517
-37.7710637465
-8.25236578387
-7.77909775602
-59.9565446279
-0.13944076929
-0.0745259989056
0.688250861069
0.585179919123
0.530351784321
-0.202286945309
-4.4939583106
-3.86085724406
-0.231461024108
-2.13530397954
-1.26008683687
-0.358419727529
-0.189158269744
-0.949063906922
0.53394364702
-57.3926119898
0.213506590056
-26.2122762316
0.301400689657
-0.739974870194
-1.88807383471
-1.84883083788
-2.19668005846
-0.7733787248
-0.800600586215
-0.0477525841988
-1.45274834734
-0.0211130156287
-0.850443385571
0.387171613526
-0.254955416695
-0.546683176219
-0.989195569973
-0.522624269914
0.901421064186
-0.533691562302
0.805882634578
-0.441508054878
-0.689011256193
-0.846228737968
-2.62788254097
-0.924092725043
0.103709344515
-0.431112178885
-0.245377415602
0.988794715144
0.480329211181
-0.101014097581
0.416533130823
-0.833332728795
0.0811891650167
-0.272347864334
0.936969249033
0.00161955702589
-0.446527506816
-0.374753515787
0.954820088541
-0.0458692514472
-0.0317327547931
-1.05591636563
0.393657325468
-0.959340351495
-0.397048620894
0.0730979343188
-1.66836992032
-0.196811798126
-0.615199753344
0.839200810418
-0.588906976457
0.36004666394
-0.855263462423
0.648681207503
0.107323226761
-1.53959533824
0.746959265214
0.268498324039
-0.730795488679
0.0284666998735
0.857381106424
-0.96696151283
-0.38289344841
0.512653685772
0.937917900707
0.399706784257
-0.721469932054
-0.00929741009032
0.488274111631
-0.518752095321
0.297410820044
-0.207861953045
-1.52576006807
0.100491225687
-2.80921899747
-0.473431949302
0.443624634301
-1.3681459782
-0.485842446792
-1.87699466022
-0.0729624821728
0.700882693596
-0.348166154628
0.546672726401
0.982642417422
-1.65071579196
-2.23805186859
-1.53016979005
-3.19527391862
0.968214344477
0.0284031736748
-0.616309453957
0.0735747168109
-0.792903647677
-0.742726370233
-0.69447166666
-0.614450927639
0.712682283732
-0.496611976491
0.68920557044
