4
0
3
2
1
136
0.00504068848633
-7.14475841071
-1.60658030508
-12.1567877932
0.609441016146
-0.516714884934
-8.36964499202
-1.58410088382
-12.3009378558
-0.999872372756
0.754413048404
-0.809763423848
-0.684677728661
0.562391595517
-17.5948558129
-4.01271233517
-3.53944430732
-27.4966979047
-0.13944076929
-0.0745259989056
0.688250861069
0.585179919123
0.530351784321
-0.202286945309
-2.31735051324
-2.11957100616
-0.0232637565303
-1.47285812816
-0.597640985488
0.304026123857
-0.189158269744
-0.949063906922
0.53394364702
-25.5952111182
0.213506590056
-12.2819863266
0.301400689657
-0.739974870194
-1.22562798333
-1.18638498649
-1.53423420708
-0.7733787248
-0.501451713729
0.00765876295303
-0.872107910555
-0.0211130156287
-0.850443385571
0.686330172143
-0.19954346302
0.0339725299441
-0.989195569973
-0.522624269914
0.901421064186
-0.533691562302
0.805882634578
-0.178847059015
-0.689011256193
-0.846228737968
-1.62962911743
-0.924092725043
0.103709344515
-0.431112178885
-0.245377415602
0.988794715144
0.480329211181
-0.00718639431574
0.47068862583
-0.833332728795
0.0811891650167
-0.272347864334
0.936969249033
0.00161955702589
-0.446527506816
-0.374753515787
0.954820088541
0.327065662789
0.0600891584094
-0.512756541567
0.393657325468
-0.959340351495
-0.024099466855
0.164922954201
-1.12519434715
-0.196811798126
-0.615199753344
0.839200810418
-0.588906976457
0.36004666394
-0.462752966486
0.648681207503
0.107323226761
-0.772817721965
0.746959265214
0.268498324039
-0.730795488679
0.0284666998735
0.857381106424
-0.96696151283
-0.364063860494
0.531134445097
0.937917900707
0.399706784257
-0.721469932054
-0.00929741009032
0.488274111631
-0.518752095321
0.297410820044
0.150627242915
0.0207979219818
0.157062422408
-0.959927640283
-0.473431949302
0.802127492959
0.178468534811
-0.42926879418
-0.0276447651912
-0.0729624821728
0.700882693596
-0.348166154628
0.546672726401
0.982642417422
0.0100035269673
-1.16052303507
-0.452636065323
-1.09039195885
0.968214344477
0.0284031736748
-0.616309453957
0.0735747168109
-0.792903647677
-0.742726370233
-0.58152062219
-0.614450927639
0.769366909704
-0.496611976491
0.68920557044
