4
0
3
2
1
136
-0.529314526445
-14.3866777715
-2.46436104484
-23.4907431428
0.609441016146
-1.05107009987
-15.6115643528
-2.44188162358
-23.6348932055
-0.999872372756
0.754413048404
-0.809763423848
-0.684677728661
0.562391595517
-32.5849257917
-7.16259570727
-6.68932767942
-51.6129924772
-0.13944076929
-0.0745259989056
0.688250861069
0.585179919123
0.530351784321
-0.202286945309
-3.93447813733
-3.41327310545
-0.177945529273
-1.96502740507
-1.0898102624
-0.188143153053
-0.189158269744
-0.949063906922
0.53394364702
-49.2193364137
0.213506590056
-22.6316031222
0.301400689657
-0.739974870194
-1.71779726024
-1.6785542634
-2.02640348399
-0.7733787248
-0.723048389991
-0.0333702506055
-1.30241712993
-0.0211130156287
-0.850443385571
0.464724511261
-0.240573009262
-0.396350756377
-0.989195569973
-0.522624269914
0.901421064186
-0.533691562302
0.805882634578
-0.373559358386
-0.689011256193
-0.846228737968
-2.36868223813
-0.924092725043
0.103709344515
-0.431112178885
-0.245377415602
0.988794715144
0.480329211181
-0.0767390264587
0.430713724619
-0.833332728795
0.0811891650167
-0.272347864334
0.936969249033
0.00161955702589
-0.446527506816
-0.374753515787
0.954820088541
0.0509186635577
-0.00782753903276
-0.915290952766
0.393657325468
-0.959340351495
-0.300259547476
0.0970034086578
-1.5277432777
-0.196811798126
-0.615199753344
0.839200810418
-0.588906976457
0.36004666394
-0.75362683281
0.648681207503
0.107323226761
-1.33990677053
0.746959265214
0.268498324039
-0.730795488679
0.0284666998735
0.857381106424
-0.96696151283
-0.378037349489
0.517484133802
0.937917900707
0.399706784257
-0.721469932054
-0.00929741009032
0.488274111631
-0.518752095321
0.297410820044
-0.115426402095
-1.12683446529
0.115086288878
-2.33245424689
-0.473431949302
0.536060189063
-0.969220317028
-0.471247382732
-1.40022983476
-0.0729624821728
0.700882693596
-0.348166154628
0.546672726401
0.982642417422
-1.22260019409
-1.96074451127
-1.25286243195
-2.65127360269
0.968214344477
0.0284031736748
-0.616309453957
0.0735747168109
-0.792903647677
-0.742726370233
-0.665283578697
-0.614450927639
0.727277411614
-0.496611976491
0.68920557044
