4
0
3
2
1
136
-1.12444948146
-22.4523225573
-3.41970926211
-36.1138687692
0.609441016146
-1.64620505488
-23.6772091386
-3.39722984085
-36.2580188319
-0.999872372756
0.754413048404
-0.809763423848
-0.684677728661
0.562391595517
-49.2800274269
-10.6707596525
-10.1974916246
-78.4723726883
-0.13944076929
-0.0745259989056
0.688250861069
0.585179919123
0.530351784321
-0.202286945309
-5.73554444853
-4.85412615442
-0.350221437303
-2.51317802153
-1.63796087886
-0.736293769517
-0.189158269744
-0.949063906922
0.53394364702
-75.5305660082
0.213506590056
-34.1584275154
0.301400689657
-0.739974870194
-2.2659478767
-2.22670487987
-2.57455410045
-0.7733787248
-0.973090279274
-0.079847111096
-1.78702765207
-0.0211130156287
-0.850443385571
0.214681362311
-0.287050031087
-0.880963475427
-0.989195569973
-0.522624269914
0.901421064186
-0.533691562302
0.805882634578
-0.59253259304
-0.689011256193
-0.846228737968
-3.20602095113
-0.924092725043
0.103709344515
-0.431112178885
-0.245377415602
0.988794715144
0.480329211181
-0.154960381634
0.384734445798
-0.833332728795
0.0811891650167
-0.272347864334
0.936969249033
0.00161955702589
-0.446527506816
-0.374753515787
0.954820088541
-0.2612886868
-0.0851036500335
-1.36861224429
0.393657325468
-0.959340351495
-0.612469088495
0.0197267624231
-1.98106682546
-0.196811798126
-0.615199753344
0.839200810418
-0.588906976457
0.36004666394
-1.08137152305
0.648681207503
0.107323226761
-1.98597523097
0.746959265214
0.268498324039
-0.730795488679
0.0284666998735
0.857381106424
-0.96696151283
-0.393681702894
0.501885047037
0.937917900707
0.399706784257
-0.721469932054
-0.00929741009032
0.488274111631
-0.518752095321
0.297410820044
-0.412993551974
-2.41106358491
0.0681020269637
-3.86726423563
-0.473431949302
0.238493035072
-2.2534495039
-0.518231645575
-2.93503991304
-0.0729624821728
0.700882693596
-0.348166154628
0.546672726401
0.982642417422
-2.60079759897
-2.85344672225
-2.14556464377
-4.40361679186
0.968214344477
0.0284031736748
-0.616309453957
0.0735747168109
-0.792903647677
-0.742726370233
-0.759249661489
-0.614450927639
0.680293080406
-0.496611976491
0.68920557044
