4
0
3
2
1
136
0.336796769794
-2.64859046632
-1.07402449035
-5.12006669934
0.609441016146
-0.184958803626
-3.87347704763
-1.05154506909
-5.26421676199
-0.999872372756
0.754413048404
-0.809763423848
-0.684677728661
0.562391595517
-8.28822468855
-2.05709754017
-1.58382951232
-12.5240221282
-0.13944076929
-0.0745259989056
0.688250861069
0.585179919123
0.530351784321
-0.202286945309
-1.31335184615
-1.31637207248
0.0727708985845
-1.16729331686
-0.29207617419
0.609590935155
-0.189158269744
-0.949063906922
0.53394364702
-10.9281001529
0.213506590056
-5.85639485631
0.301400689657
-0.739974870194
-0.920063172028
-0.880820175192
-1.22866939577
-0.7733787248
-0.370744340044
0.0323725208899
-0.615585229042
-0.0211130156287
-0.850443385571
0.817060389136
-0.174828811723
0.290528524663
-0.989195569973
-0.522624269914
0.901421064186
-0.533691562302
0.805882634578
-0.0627022954718
-0.689011256193
-0.846228737968
-1.18827668664
-0.924092725043
0.103709344515
-0.431112178885
-0.245377415602
0.988794715144
0.480329211181
0.0341245019095
0.493990901886
-0.833332728795
0.0811891650167
-0.272347864334
0.936969249033
0.00161955702589
-0.446527506816
-0.374753515787
0.954820088541
0.489562149623
0.0997881998577
-0.272911441454
0.393657325468
-0.959340351495
0.138428178531
0.20462943768
-0.885314371469
-0.196811798126
-0.615199753344
0.839200810418
-0.588906976457
0.36004666394
-0.289287268865
0.648681207503
0.107323226761
-0.437195493766
0.746959265214
0.268498324039
-0.730795488679
0.0284666998735
0.857381106424
-0.96696151283
-0.355524975792
0.538875668831
0.937917900707
0.399706784257
-0.721469932054
-0.00929741009032
0.488274111631
-0.518752095321
0.297410820044
0.2597260435
0.543893566913
0.175634175003
-0.307358796956
-0.473431949302
0.911467863345
0.702457798713
-0.410659804406
0.625869710475
-0.0729624821728
0.700882693596
-0.348166154628
0.546672726401
0.982642417422
0.595102647462
-0.765668136126
-0.0576118350499
-0.33700131293
0.968214344477
0.0284031736748
-0.616309453957
0.0735747168109
-0.792903647677
-0.742726370233
-0.540775847833
-0.614450927639
0.788202864684
-0.496611976491
0.68920557044
