4
0
3
2
1
136
-0.716718725046
-16.9264978317
-2.76519410049
-27.4656848294
0.609441016146
-1.23847429847
-18.151384413
-2.74271467923
-27.6098348921
-0.999872372756
0.754413048404
-0.809763423848
-0.684677728661
0.562391595517
-37.8421067321
-8.26729414108
-7.79402611323
-60.0708398628
-0.13944076929
-0.0745259989056
0.688250861069
0.585179919123
0.530351784321
-0.202286945309
-4.50162242256
-3.86698853363
-0.232194113078
-2.13763653536
-1.26241939269
-0.360752283344
-0.189158269744
-0.949063906922
0.53394364702
-57.504574669
0.213506590056
-26.2613265482
0.301400689657
-0.739974870194
-1.89040639053
-1.85116339369
-2.19901261428
-0.7733787248
-0.801664073278
-0.0479500286534
-1.45480961577
-0.0211130156287
-0.850443385571
0.386108119828
-0.255152861962
-0.548744456238
-0.989195569973
-0.522624269914
0.901421064186
-0.533691562302
0.805882634578
-0.442439559369
-0.689011256193
-0.846228737968
-2.63144039543
-0.924092725043
0.103709344515
-0.431112178885
-0.245377415602
0.988794715144
0.480329211181
-0.101346864851
0.416338090838
-0.833332728795
0.0811891650167
-0.272347864334
0.936969249033
0.00161955702589
-0.446527506816
-0.374753515787
0.954820088541
-0.0471968759022
-0.0320610025862
-1.0578445422
0.393657325468
-0.959340351495
-0.398376256763
0.0727696838475
-1.67029810876
-0.196811798126
-0.615199753344
0.839200810418
-0.588906976457
0.36004666394
-0.856657248118
0.648681207503
0.107323226761
-1.54233845068
0.746959265214
0.268498324039
-0.730795488679
0.0284666998735
0.857381106424
-0.96696151283
-0.382960003132
0.512587371558
0.937917900707
0.399706784257
-0.721469932054
-0.00929741009032
0.488274111631
-0.518752095321
0.297410820044
-0.209128196797
-1.53122487751
0.100291292512
-2.81575010594
-0.473431949302
0.442358390539
-1.37361078787
-0.486042379969
-1.88352576903
-0.0729624821728
0.700882693596
-0.348166154628
0.546672726401
0.982642417422
-1.65658046567
-2.24185060182
-1.53396852328
-3.20272904897
0.968214344477
0.0284031736748
-0.616309453957
0.0735747168109
-0.792903647677
-0.742726370233
-0.694871523041
-0.614450927639
0.712482350389
-0.496611976491
0.68920557044
