4
0
3
2
1
136
0.334264280624
-2.68291235902
-1.07808980191
-5.17378212754
0.609441016146
-0.187491292796
-3.90779894033
-1.05561038066
-5.31793219019
-0.999872372756
0.754413048404
-0.809763423848
-0.684677728661
0.562391595517
-8.35926767423
-2.07202589739
-1.59875786954
-12.6383173631
-0.13944076929
-0.0745259989056
0.688250861069
0.585179919123
0.530351784321
-0.202286945309
-1.32101595811
-1.32250336205
0.0720378096142
-1.16962587262
-0.294408729953
0.607258379392
-0.189158269744
-0.949063906922
0.53394364702
-11.040062832
0.213506590056
-5.90544517287
0.301400689657
-0.739974870194
-0.922395727791
-0.883152730955
-1.23100195154
-0.7733787248
-0.371697223127
0.0321873622448
-0.617476093575
-0.0211130156287
-0.850443385571
0.81610723379
-0.175013979978
0.288637269815
-0.989195569973
-0.522624269914
0.901421064186
-0.533691562302
0.805882634578
-0.0635571264241
-0.689011256193
-0.846228737968
-1.1915516249
-0.924092725043
0.103709344515
-0.431112178885
-0.245377415602
0.988794715144
0.480329211181
0.0338221696205
0.493820393753
-0.833332728795
0.0811891650167
-0.272347864334
0.936969249033
0.00161955702589
-0.446527506816
-0.374753515787
0.954820088541
0.488378360398
0.0995003696836
-0.274678109093
0.393657325468
-0.959340351495
0.137244023573
0.204341517188
-0.887081448738
-0.196811798126
-0.615199753344
0.839200810418
-0.588906976457
0.36004666394
-0.290565620072
0.648681207503
0.107323226761
-0.439670465394
0.746959265214
0.268498324039
-0.730795488679
0.0284666998735
0.857381106424
-0.96696151283
-0.355589353595
0.538820829468
0.937917900707
0.399706784257
-0.721469932054
-0.00929741009032
0.488274111631
-0.518752095321
0.297410820044
0.25937567196
0.541671152266
0.175558069419
-0.310425465055
-0.473431949302
0.911116200115
0.70022889468
-0.41073616335
0.622795891797
-0.0729624821728
0.700882693596
-0.348166154628
0.546672726401
0.982642417422
0.592397398197
-0.76752816938
-0.0594734155087
-0.340749288312
0.968214344477
0.0284031736748
-0.616309453957
0.0735747168109
-0.792903647677
-0.742726370233
-0.540988728536
-0.614450927639
0.788135106117
-0.496611976491
0.68920557044
