4
0
3
2
1
136
-0.57743182068
-15.0387937329
-2.54160196453
-24.5113362786
0.609441016146
-1.0991873941
-16.2636803142
-2.51912254328
-24.6554863412
-0.999872372756
0.754413048404
-0.809763423848
-0.684677728661
0.562391595517
-33.9347425196
-7.44623449433
-6.97296646648
-53.7846019411
-0.13944076929
-0.0745259989056
0.688250861069
0.585179919123
0.530351784321
-0.202286945309
-4.08009626462
-3.52976760728
-0.191874219709
-2.00934596555
-1.13412882288
-0.232461713533
-0.189158269744
-0.949063906922
0.53394364702
-51.3466273171
0.213506590056
-23.563559137
0.301400689657
-0.739974870194
-1.76211582072
-1.72287282388
-2.07072204447
-0.7733787248
-0.743214761412
-0.0371072046305
-1.34151288786
-0.0211130156287
-0.850443385571
0.444557908178
-0.244309985609
-0.435446907005
-0.989195569973
-0.522624269914
0.901421064186
-0.533691562302
0.805882634578
-0.391233060995
-0.689011256193
-0.846228737968
-2.43603660303
-0.924092725043
0.103709344515
-0.431112178885
-0.245377415602
0.988794715144
0.480329211181
-0.0830533110729
0.427034651688
-0.833332728795
0.0811891650167
-0.272347864334
0.936969249033
0.00161955702589
-0.446527506816
-0.374753515787
0.954820088541
0.0257556215012
-0.0140376099136
-0.951862771736
0.393657325468
-0.959340351495
-0.325422963642
0.0907932562638
-1.56431549812
-0.196811798126
-0.615199753344
0.839200810418
-0.588906976457
0.36004666394
-0.780056373429
0.648681207503
0.107323226761
-1.39176589378
0.746959265214
0.268498324039
-0.730795488679
0.0284666998735
0.857381106424
-0.96696151283
-0.379300740189
0.516229242145
0.937917900707
0.399706784257
-0.721469932054
-0.00929741009032
0.488274111631
-0.518752095321
0.297410820044
-0.139484886307
-1.23066275674
0.11128759433
-2.45654188738
-0.473431949302
0.512001702807
-1.07304863643
-0.475046077754
-1.52431750967
-0.0729624821728
0.700882693596
-0.348166154628
0.546672726401
0.982642417422
-1.33402587513
-2.03292033917
-1.32503826028
-2.79281349565
0.968214344477
0.0284031736748
-0.616309453957
0.0735747168109
-0.792903647677
-0.742726370233
-0.672880060725
-0.614450927639
0.723478682087
-0.496611976491
0.68920557044
