4
0
3
2
1
136
-0.217818358499
-10.1650849688
-1.96432772261
-16.8837454746
0.609441016146
-0.739573931919
-11.3899715501
-1.94184830135
-17.0278955372
-0.999872372756
0.754413048404
-0.809763423848
-0.684677728661
0.562391595517
-23.8466385528
-5.32640776998
-4.85313974213
-37.5546785795
-0.13944076929
-0.0745259989056
0.688250861069
0.585179919123
0.530351784321
-0.202286945309
-2.99179236594
-2.65912448833
-0.0877755859205
-1.67812303985
-0.802905897185
0.0987612121595
-0.189158269744
-0.949063906922
0.53394364702
-35.4479268812
0.213506590056
-16.5984141845
0.301400689657
-0.739974870194
-1.43089289502
-1.39164989819
-1.73949911877
-0.7733787248
-0.593093344754
-0.00932442325168
-1.05031854479
-0.0211130156287
-0.850443385571
0.59468267887
-0.216526955602
-0.144247106529
-0.989195569973
-0.522624269914
0.901421064186
-0.533691562302
0.805882634578
-0.259532665288
-0.689011256193
-0.846228737968
-1.93529146277
-0.924092725043
0.103709344515
-0.431112178885
-0.245377415602
0.988794715144
0.480329211181
-0.0359992969517
0.454260627762
-0.833332728795
0.0811891650167
-0.272347864334
0.936969249033
0.00161955702589
-0.446527506816
-0.374753515787
0.954820088541
0.212956229916
0.0320779728966
-0.679462508202
0.393657325468
-0.959340351495
-0.138217255254
0.136909926551
-1.2919096368
-0.196811798126
-0.615199753344
0.839200810418
-0.588906976457
0.36004666394
-0.583225433383
0.648681207503
0.107323226761
-1.00684675392
0.746959265214
0.268498324039
-0.730795488679
0.0284666998735
0.857381106424
-0.96696151283
-0.369873937897
0.525533586743
0.937917900707
0.399706784257
-0.721469932054
-0.00929741009032
0.488274111631
-0.518752095321
0.297410820044
0.0402887414641
-0.454963662584
0.139670269241
-1.52943394903
-0.473431949302
0.691775747456
-0.297346720425
-0.4466633077
-0.597206554368
-0.0729624821728
0.700882693596
-0.348166154628
0.546672726401
0.982642417422
-0.5015235654
-1.49353021341
-0.785648020556
-1.73665782874
0.968214344477
0.0284031736748
-0.616309453957
0.0735747168109
-0.792903647677
-0.742726370233
-0.616156800772
-0.614450927639
0.75186734037
-0.496611976491
0.68920557044
