4
0
3
2
1
136
0.584854996486
0.712073902738
-0.675703329322
0.141378286991
0.609441016146
0.063109566841
-0.512656799871
-0.653221441762
-0.00259815283892
-0.999872372756
0.754413048404
-0.809763423848
-0.684677728661
0.562391595517
-1.32914898209
-0.594569194375
-0.12129462646
-1.3395481382
-0.13944076929
-0.0745259989056
0.688250861069
0.585179919123
0.530351784321
-0.202286945309
-0.56248972959
-0.716058684862
0.144605805175
-0.938826667235
-0.0636092380253
0.838058157202
-0.189158269744
-0.949063906922
0.53394364702
0.0296001660877
0.213506590056
-1.05066291314
0.301400689657
-0.739974870194
-0.691595664756
-0.65235238335
-1.00020132002
-0.7733787248
-0.282855944093
0.050165533983
-0.43841302426
-0.0211130156287
-0.850443385571
0.904984268411
-0.157034594626
0.467751388571
-0.989195569973
-0.522624269914
0.901421064186
-0.533691562302
0.805882634578
0.0170748768974
-0.689011256193
-0.846228737968
-0.877835795947
-0.924092725043
0.103709344515
-0.431112178885
-0.245377415602
0.988794715144
0.480329211181
0.0620827113306
0.509954435777
-0.833332728795
0.0811891650167
-0.272347864334
0.936969249033
0.00161955702589
-0.446527506816
-0.374753515787
0.954820088541
0.598773536248
0.126169689323
-0.107524247665
0.393657325468
-0.959340351495
0.247686721513
0.231022739158
-0.719874188764
-0.196811798126
-0.615199753344
0.839200810418
-0.588906976457
0.36004666394
-0.169648162391
0.648681207503
0.107323226761
-0.204256439799
0.746959265214
0.268498324039
-0.730795488679
0.0284666998735
0.857381106424
-0.96696151283
-0.349311189394
0.543797397121
0.937917900707
0.399706784257
-0.721469932054
-0.00929741009032
0.488274111631
-0.518752095321
0.297410820044
0.279670976928
0.684952733878
0.180454910842
-0.0965393683944
-0.473431949302
0.931471185449
0.843868367398
-0.405825614713
0.837095559444
-0.0729624821728
0.700882693596
-0.348166154628
0.546672726401
0.982642417422
0.777695961275
-0.641676884099
0.0664699047321
-0.0643529681788
0.968214344477
0.0284031736748
-0.616309453957
0.0735747168109
-0.792903647677
-0.742726370233
-0.524973304071
-0.614450927639
0.792008375119
-0.496611976491
0.68920557044
