4
0
3
2
1
136
-1.04847480635
-21.4226657761
-3.29774991522
-34.5024059233
0.609441016146
-1.57023037977
-22.6475523574
-3.27527049397
-34.6465559859
-0.999872372756
0.754413048404
-0.809763423848
-0.684677728661
0.562391595517
-47.1487378564
-10.2229089361
-9.74964090823
-75.0435156401
-0.13944076929
-0.0745259989056
0.688250861069
0.585179919123
0.530351784321
-0.202286945309
-5.50562108965
-4.67018746731
-0.328228768193
-2.44320134709
-1.56798420442
-0.666317095075
-0.189158269744
-0.949063906922
0.53394364702
-72.1716856344
0.213506590056
-32.6869180184
0.301400689657
-0.739974870194
-2.19597120226
-2.15672820542
-2.50457742601
-0.7733787248
-0.941126623852
-0.0738899984298
-1.7250876935
-0.0211130156287
-0.850443385571
0.246645069577
-0.281092907343
-0.819023422727
-0.989195569973
-0.522624269914
0.901421064186
-0.533691562302
0.805882634578
-0.564553108364
-0.689011256193
-0.846228737968
-3.09873823512
-0.924092725043
0.103709344515
-0.431112178885
-0.245377415602
0.988794715144
0.480329211181
-0.144966688455
0.390648832305
-0.833332728795
0.0811891650167
-0.272347864334
0.936969249033
0.00161955702589
-0.446527506816
-0.374753515787
0.954820088541
-0.221358912055
-0.0751954675828
-1.31067128563
0.393657325468
-0.959340351495
-0.572539207348
0.0296349794845
-1.92312576814
-0.196811798126
-0.615199753344
0.839200810418
-0.588906976457
0.36004666394
-1.0394637533
0.648681207503
0.107323226761
-1.90305479593
0.746959265214
0.268498324039
-0.730795488679
0.0284666998735
0.857381106424
-0.96696151283
-0.391683196577
0.503881841457
0.937917900707
0.399706784257
-0.721469932054
-0.00929741009032
0.488274111631
-0.518752095321
0.297410820044
-0.375006214572
-2.24711825999
0.0741000276073
-3.67132960415
-0.473431949302
0.276480372476
-2.08950417882
-0.512233644931
-2.73910528118
-0.0729624821728
0.700882693596
-0.348166154628
0.546672726401
0.982642417422
-2.42485627568
-2.73948470968
-2.0316026312
-4.1797827761
0.968214344477
0.0284031736748
-0.616309453957
0.0735747168109
-0.792903647677
-0.742726370233
-0.747253668455
-0.614450927639
0.686291081072
-0.496611976491
0.68920557044
