4
0
3
2
1
136
-0.329247881992
-11.6752482478
-2.14320143138
-19.2472243152
0.609441016146
-0.851003455412
-12.9001348291
-2.12072201012
-19.3913743779
-0.999872372756
0.754413048404
-0.809763423848
-0.684677728661
0.562391595517
-26.9725299228
-5.98325548738
-5.50998745953
-42.5836689169
-0.13944076929
-0.0745259989056
0.688250861069
0.585179919123
0.530351784321
-0.202286945309
-3.32901329229
-2.92890122941
-0.120031500616
-1.7807554957
-0.905538353034
-0.00387124368906
-0.189158269744
-0.949063906922
0.53394364702
-40.3742847628
0.213506590056
-18.7566281134
0.301400689657
-0.739974870194
-1.53352535087
-1.49428235404
-1.84213157462
-0.7733787248
-0.639423411277
-0.0178927209373
-1.14023923974
-0.0211130156287
-0.850443385571
0.548351062923
-0.225095354191
-0.234170274094
-0.989195569973
-0.522624269914
0.901421064186
-0.533691562302
0.805882634578
-0.300218801533
-0.689011256193
-0.846228737968
-2.08970049672
-0.924092725043
0.103709344515
-0.431112178885
-0.245377415602
0.988794715144
0.480329211181
-0.0505353948223
0.445899646109
-0.833332728795
0.0811891650167
-0.272347864334
0.936969249033
0.00161955702589
-0.446527506816
-0.374753515787
0.954820088541
0.155214546645
0.0178746406309
-0.763580718971
0.393657325468
-0.959340351495
-0.195961234572
0.122706105314
-1.37603038964
-0.196811798126
-0.615199753344
0.839200810418
-0.588906976457
0.36004666394
-0.644003895453
0.648681207503
0.107323226761
-1.12537179995
0.746959265214
0.268498324039
-0.730795488679
0.0284666998735
0.857381106424
-0.96696151283
-0.372790273146
0.52267356335
0.937917900707
0.399706784257
-0.721469932054
-0.00929741009032
0.488274111631
-0.518752095321
0.297410820044
-0.0153988714967
-0.695187205533
0.130879594349
-1.81657218508
-0.473431949302
0.636087792467
-0.537572421043
-0.455454059938
-0.884347067911
-0.0729624821728
0.700882693596
-0.348166154628
0.546672726401
0.982642417422
-0.759360598355
-1.66064924061
-0.952767143483
-2.0633596786
0.968214344477
0.0284031736748
-0.616309453957
0.0735747168109
-0.792903647677
-0.742726370233
-0.633710668392
-0.614450927639
0.743071895056
-0.496611976491
0.68920557044
