4
0
3
2
1
136
-0.633146582427
-15.7938753724
-2.63103881892
-25.6930756989
0.609441016146
-1.15490215585
-17.0187619537
-2.60855939766
-25.8372257616
-0.999872372756
0.754413048404
-0.809763423848
-0.684677728661
0.562391595517
-35.4976882046
-7.77465835303
-7.30139032518
-56.2990971098
-0.13944076929
-0.0745259989056
0.688250861069
0.585179919123
0.530351784321
-0.202286945309
-4.2487067278
-3.66465597782
-0.208002177057
-2.06066219347
-1.1854450508
-0.283777941458
-0.189158269744
-0.949063906922
0.53394364702
-53.8098062578
0.213506590056
-24.6426661015
0.301400689657
-0.739974870194
-1.81343204864
-1.77418905181
-2.12203827239
-0.7733787248
-0.766583060247
-0.0414400813989
-1.38681197144
-0.0211130156287
-0.850443385571
0.421189388571
-0.248642885313
-0.480746368584
-0.989195569973
-0.522624269914
0.901421064186
-0.533691562302
0.805882634578
-0.411708553741
-0.689011256193
-0.846228737968
-2.51412649268
-0.924092725043
0.103709344515
-0.431112178885
-0.245377415602
0.988794715144
0.480329211181
-0.0903683738249
0.422763859806
-0.833332728795
0.0811891650167
-0.272347864334
0.936969249033
0.00161955702589
-0.446527506816
-0.374753515787
0.954820088541
-0.00340757739626
-0.0212391829214
-0.994237249844
0.393657325468
-0.959340351495
-0.354586525917
0.0835916026074
-1.60669036272
-0.196811798126
-0.615199753344
0.839200810418
-0.588906976457
0.36004666394
-0.810681585571
0.648681207503
0.107323226761
-1.45191862191
0.746959265214
0.268498324039
-0.730795488679
0.0284666998735
0.857381106424
-0.96696151283
-0.380764113941
0.514773949799
0.937917900707
0.399706784257
-0.721469932054
-0.00929741009032
0.488274111631
-0.518752095321
0.297410820044
-0.167342177184
-1.35088683626
0.106889081618
-2.60022431022
-0.473431949302
0.484144410801
-1.19327273395
-0.479444590723
-1.66799995575
-0.0729624821728
0.700882693596
-0.348166154628
0.546672726401
0.982642417422
-1.46304692783
-2.11649242132
-1.40861034266
-2.95674874588
0.968214344477
0.0284031736748
-0.616309453957
0.0735747168109
-0.792903647677
-0.742726370233
-0.681676444637
-0.614450927639
0.719080150227
-0.496611976491
0.68920557044
