4
0
3
2
1
136
-0.617951647405
-15.5879440162
-2.60664694954
-25.3707831297
0.609441016146
-1.13970722083
-16.8128305975
-2.58416752828
-25.5149331924
-0.999872372756
0.754413048404
-0.809763423848
-0.684677728661
0.562391595517
-35.0714302905
-7.68508820975
-7.2118201819
-55.6133257001
-0.13944076929
-0.0745259989056
0.688250861069
0.585179919123
0.530351784321
-0.202286945309
-4.20272205602
-3.6278682404
-0.203603643235
-2.04666685858
-1.17144971591
-0.269782606569
-0.189158269744
-0.949063906922
0.53394364702
-53.1380301831
0.213506590056
-24.3483642021
0.301400689657
-0.739974870194
-1.79943671375
-1.76019371692
-2.1080429375
-0.7733787248
-0.760208193356
-0.0402577934176
-1.37445477556
-0.0211130156287
-0.850443385571
0.42756431117
-0.247460591363
-0.468389076941
-0.989195569973
-0.522624269914
0.901421064186
-0.533691562302
0.805882634578
-0.406123266803
-0.689011256193
-0.846228737968
-2.49281916094
-0.924092725043
0.103709344515
-0.431112178885
-0.245377415602
0.988794715144
0.480329211181
-0.0883730012067
0.423929714888
-0.833332728795
0.0811891650167
-0.272347864334
0.936969249033
0.00161955702589
-0.446527506816
-0.374753515787
0.954820088541
0.00454863136405
-0.0192740204446
-0.982677878717
0.393657325468
-0.959340351495
-0.346630224728
0.0855567857762
-1.59513089367
-0.196811798126
-0.615199753344
0.839200810418
-0.588906976457
0.36004666394
-0.802327057379
0.648681207503
0.107323226761
-1.43550268325
0.746959265214
0.268498324039
-0.730795488679
0.0284666998735
0.857381106424
-0.96696151283
-0.380364963558
0.515171063565
0.937917900707
0.399706784257
-0.721469932054
-0.00929741009032
0.488274111631
-0.518752095321
0.297410820044
-0.1597447276
-1.31809831136
0.108088677604
-2.5610380409
-0.473431949302
0.49174186061
-1.1604842052
-0.478244994686
-1.62881368135
-0.0729624821728
0.700882693596
-0.348166154628
0.546672726401
0.982642417422
-1.42785922703
-2.09370003065
-1.38581795195
-2.91203460314
0.968214344477
0.0284031736748
-0.616309453957
0.0735747168109
-0.792903647677
-0.742726370233
-0.67927739515
-0.614450927639
0.720279750001
-0.496611976491
0.68920557044
