4
0
3
2
1
136
-0.534379504785
-14.4553215569
-2.47249166797
-23.5981739992
0.609441016146
-1.05613507821
-15.6802081382
-2.45001224671
-23.7423240619
-0.999872372756
0.754413048404
-0.809763423848
-0.684677728661
0.562391595517
-32.7270117631
-7.1924524217
-6.71918439385
-51.8415829471
-0.13944076929
-0.0745259989056
0.688250861069
0.585179919123
0.530351784321
-0.202286945309
-3.94980636126
-3.42553568459
-0.179411707213
-1.9696925167
-1.09447537403
-0.192808264683
-0.189158269744
-0.949063906922
0.53394364702
-49.4432617719
0.213506590056
-22.7297037553
0.301400689657
-0.739974870194
-1.72246237187
-1.68321937503
-2.03106859561
-0.7733787248
-0.725170412664
-0.0337633798499
-1.3065311919
-0.0211130156287
-0.850443385571
0.462602462179
-0.240966140976
-0.400464862922
-0.989195569973
-0.522624269914
0.901421064186
-0.533691562302
0.805882634578
-0.375419269724
-0.689011256193
-0.846228737968
-2.37576812059
-0.924092725043
0.103709344515
-0.431112178885
-0.245377415602
0.988794715144
0.480329211181
-0.0774035248906
0.430326884895
-0.833332728795
0.0811891650167
-0.272347864334
0.936969249033
0.00161955702589
-0.446527506816
-0.374753515787
0.954820088541
0.0482710560559
-0.00848078802094
-0.919139427946
0.393657325468
-0.959340351495
-0.302907197311
0.0963501505033
-1.53159179846
-0.196811798126
-0.615199753344
0.839200810418
-0.588906976457
0.36004666394
-0.756407950852
0.648681207503
0.107323226761
-1.34536142329
0.746959265214
0.268498324039
-0.730795488679
0.0284666998735
0.857381106424
-0.96696151283
-0.378170317106
0.517352135602
0.937917900707
0.399706784257
-0.721469932054
-0.00929741009032
0.488274111631
-0.518752095321
0.297410820044
-0.117958868315
-1.13776366091
0.114686427735
-2.34551599937
-0.473431949302
0.533527722555
-0.980149516374
-0.471647243942
-1.41329159176
-0.0729624821728
0.700882693596
-0.348166154628
0.546672726401
0.982642417422
-1.23432911625
-1.96834196257
-1.26045988331
-2.66617056679
0.968214344477
0.0284031736748
-0.616309453957
0.0735747168109
-0.792903647677
-0.742726370233
-0.666083184816
-0.614450927639
0.726877545536
-0.496611976491
0.68920557044
