4
0
3
2
1
136
-0.0278816707274
-7.59094301588
-1.6594293554
-12.8550883598
0.609441016146
-0.549637244148
-8.81582959719
-1.63694993414
-12.9992384224
-0.999872372756
0.754413048404
-0.809763423848
-0.684677728661
0.562391595517
-18.5184146267
-4.20678097895
-3.7335129511
-28.982535959
-0.13944076929
-0.0745259989056
0.688250861069
0.585179919123
0.530351784321
-0.202286945309
-2.41698396875
-2.19927777057
-0.0327939131448
-1.50318135375
-0.62796421108
0.273702898265
-0.189158269744
-0.949063906922
0.53394364702
-27.0507259468
0.213506590056
-12.9196404419
0.301400689657
-0.739974870194
-1.25595120892
-1.21670821208
-1.56455743267
-0.7733787248
-0.514868919629
0.00516521735791
-0.898244282877
-0.0211130156287
-0.850443385571
0.672911777812
-0.202037065003
0.00783436303097
-0.989195569973
-0.522624269914
0.901421064186
-0.533691562302
0.805882634578
-0.190684221418
-0.689011256193
-0.846228737968
-1.67444922883
-0.924092725043
0.103709344515
-0.431112178885
-0.245377415602
0.988794715144
0.480329211181
-0.0114110941353
0.468291781528
-0.833332728795
0.0811891650167
-0.272347864334
0.936969249033
0.00161955702589
-0.446527506816
-0.374753515787
0.954820088541
0.31036837829
0.0559954902723
-0.537204303446
0.393657325468
-0.959340351495
-0.040798419759
0.160828910472
-1.14964397429
-0.196811798126
-0.615199753344
0.839200810418
-0.588906976457
0.36004666394
-0.480423970193
0.648681207503
0.107323226761
-0.807074040268
0.746959265214
0.268498324039
-0.730795488679
0.0284666998735
0.857381106424
-0.96696151283
-0.364919634321
0.530320704842
0.937917900707
0.399706784257
-0.721469932054
-0.00929741009032
0.488274111631
-0.518752095321
0.297410820044
0.134624914406
-0.0483075024083
0.154542773182
-1.04285211141
-0.473431949302
0.786119716356
0.109342809287
-0.43178935359
-0.110590200807
-0.0729624821728
0.700882693596
-0.348166154628
0.546672726401
0.982642417422
-0.064515487497
-1.20934270133
-0.501457814283
-1.18436081336
0.968214344477
0.0284031736748
-0.616309453957
0.0735747168109
-0.792903647677
-0.742726370233
-0.586538497197
-0.614450927639
0.766809897192
-0.496611976491
0.68920557044
