4
0
3
2
1
136
-0.448274872995
-13.288377205
-2.33427107483
-21.7718494405
0.609441016146
-0.970030446416
-14.5132637863
-2.31179165357
-21.9159995032
-0.999872372756
0.754413048404
-0.809763423848
-0.684677728661
0.562391595517
-30.3115502499
-6.68488827643
-6.21162024858
-47.9555449591
-0.13944076929
-0.0745259989056
0.688250861069
0.585179919123
0.530351784321
-0.202286945309
-3.68922655453
-3.21707183921
-0.154486682222
-1.89038561899
-1.01516847633
-0.113501366982
-0.189158269744
-0.949063906922
0.53394364702
-45.6365306817
0.213506590056
-21.0619929921
0.301400689657
-0.739974870194
-1.64315547417
-1.60391247733
-1.95176169791
-0.7733787248
-0.689124297259
-0.0270882641602
-1.23663995628
-0.0211130156287
-0.850443385571
0.498649102985
-0.234290979059
-0.33057274814
-0.989195569973
-0.522624269914
0.901421064186
-0.533691562302
0.805882634578
-0.343818889602
-0.689011256193
-0.846228737968
-2.25544984355
-0.924092725043
0.103709344515
-0.431112178885
-0.245377415602
0.988794715144
0.480329211181
-0.0661133045117
0.436888279987
-0.833332728795
0.0811891650167
-0.272347864334
0.936969249033
0.00161955702589
-0.446527506816
-0.374753515787
0.954820088541
0.0932384761642
0.00260885742578
-0.85375977812
0.393657325468
-0.959340351495
-0.257938947135
0.107439973986
-1.46621124951
-0.196811798126
-0.615199753344
0.839200810418
-0.588906976457
0.36004666394
-0.709163292207
0.648681207503
0.107323226761
-1.25277767003
0.746959265214
0.268498324039
-0.730795488679
0.0284666998735
0.857381106424
-0.96696151283
-0.375910633222
0.519592529136
0.937917900707
0.399706784257
-0.721469932054
-0.00929741009032
0.488274111631
-0.518752095321
0.297410820044
-0.0749073043209
-0.951972540116
0.12148397675
-2.12347162378
-0.473431949302
0.576579295987
-0.794358289183
-0.464849692683
-1.19124709188
-0.0729624821728
0.700882693596
-0.348166154628
0.546672726401
0.982642417422
-1.03494247949
-1.83918556895
-1.13130348759
-2.41299581543
0.968214344477
0.0284031736748
-0.616309453957
0.0735747168109
-0.792903647677
-0.742726370233
-0.652491060408
-0.614450927639
0.73367525523
-0.496611976491
0.68920557044
