4
0
3
2
1
136
-0.159571107582
-9.37568143655
-1.87082555667
-15.648290626
0.609441016146
-0.681326681003
-10.6005680179
-1.84834613541
-15.7924406887
-0.999872372756
0.754413048404
-0.809763423848
-0.684677728661
0.562391595517
-22.2126498822
-4.98305555406
-4.50978752621
-34.9258881759
-0.13944076929
-0.0745259989056
0.688250861069
0.585179919123
0.530351784321
-0.202286945309
-2.8155177908
-2.51810482822
-0.0709145396026
-1.62447425611
-0.749257113446
0.152409995898
-0.189158269744
-0.949063906922
0.53394364702
-32.8727852613
0.213506590056
-15.4702569034
0.301400689657
-0.739974870194
-1.37724411129
-1.33800111445
-1.68585033503
-0.7733787248
-0.568983391058
-0.00486389461971
-1.00348966609
-0.0211130156287
-0.850443385571
0.618793738272
-0.212066362245
-0.0974164949134
-0.989195569973
-0.522624269914
0.901421064186
-0.533691562302
0.805882634578
-0.238337138581
-0.689011256193
-0.846228737968
-1.85494134694
-0.924092725043
0.103709344515
-0.431112178885
-0.245377415602
0.988794715144
0.480329211181
-0.0284276979997
0.458596419018
-0.833332728795
0.0811891650167
-0.272347864334
0.936969249033
0.00161955702589
-0.446527506816
-0.374753515787
0.954820088541
0.242991411055
0.039458524778
-0.635655476017
0.393657325468
-0.959340351495
-0.108180467441
0.144290824765
-1.24810081741
-0.196811798126
-0.615199753344
0.839200810418
-0.588906976457
0.36004666394
-0.551571840691
0.648681207503
0.107323226761
-0.945241987947
0.746959265214
0.268498324039
-0.730795488679
0.0284666998735
0.857381106424
-0.96696151283
-0.368351987594
0.527015656567
0.937917900707
0.399706784257
-0.721469932054
-0.00929741009032
0.488274111631
-0.518752095321
0.297410820044
0.0693633312337
-0.329601252197
0.144257882003
-1.37954926098
-0.473431949302
0.720850954415
-0.171981039963
-0.442075564015
-0.447318461238
-0.0729624821728
0.700882693596
-0.348166154628
0.546672726401
0.982642417422
-0.366930134053
-1.40620889371
-0.698326513216
-1.56633488494
0.968214344477
0.0284031736748
-0.616309453957
0.0735747168109
-0.792903647677
-0.742726370233
-0.607008736188
-0.614450927639
0.756462391132
-0.496611976491
0.68920557044
