4
0
3
2
1
136
-0.757238551771
-17.475648115
-2.8302390855
-28.3251316806
0.609441016146
-1.27899412519
-18.7005346963
-2.80775966424
-28.4692817433
-0.999872372756
0.754413048404
-0.809763423848
-0.684677728661
0.562391595517
-38.978794503
-8.5061478565
-8.03287982865
-61.8995636219
-0.13944076929
-0.0745259989056
0.688250861069
0.585179919123
0.530351784321
-0.202286945309
-4.62424821396
-3.96508916676
-0.243923536603
-2.17495742839
-1.29974028572
-0.39807317638
-0.189158269744
-0.949063906922
0.53394364702
-59.295977535
0.213506590056
-27.0461316132
0.301400689657
-0.739974870194
-1.92772728356
-1.88848428673
-2.23633350731
-0.7733787248
-0.818682982957
-0.0511105127388
-1.48779529129
-0.0211130156287
-0.850443385571
0.369089112061
-0.258313358437
-0.581730303639
-0.989195569973
-0.522624269914
0.901421064186
-0.533691562302
0.805882634578
-0.457345525265
-0.689011256193
-0.846228737968
-2.6883887433
-0.924092725043
0.103709344515
-0.431112178885
-0.245377415602
0.988794715144
0.480329211181
-0.106671753325
0.413214913748
-0.833332728795
0.0811891650167
-0.272347864334
0.936969249033
0.00161955702589
-0.446527506816
-0.374753515787
0.954820088541
-0.0684438972301
-0.037315436454
-1.08870038088
0.393657325468
-0.959340351495
-0.419623448358
0.0675152094969
-1.70115412362
-0.196811798126
-0.615199753344
0.839200810418
-0.588906976457
0.36004666394
-0.878962229213
0.648681207503
0.107323226761
-1.58625303818
0.746959265214
0.268498324039
-0.730795488679
0.0284666998735
0.857381106424
-0.96696151283
-0.384024972726
0.51152594787
0.937917900707
0.399706784257
-0.721469932054
-0.00929741009032
0.488274111631
-0.518752095321
0.297410820044
-0.229388100172
-1.61866193829
0.0970923609555
-2.92024797473
-0.473431949302
0.422098487038
-1.46104785169
-0.489241311552
-1.98802364239
-0.0729624821728
0.700882693596
-0.348166154628
0.546672726401
0.982642417422
-1.75041536016
-2.30263033565
-1.59474825714
-3.32201997624
0.968214344477
0.0284031736748
-0.616309453957
0.0735747168109
-0.792903647677
-0.742726370233
-0.701269255854
-0.614450927639
0.709283416834
-0.496611976491
0.68920557044
