4
0
3
2
1
136
0.0101056668269
-7.0761146253
-1.59844968196
-12.0493569368
0.609441016146
-0.511649906593
-8.30100120661
-1.5759702607
-12.1935069994
-0.999872372756
0.754413048404
-0.809763423848
-0.684677728661
0.562391595517
-17.4527698415
-3.98285562074
-3.50958759289
-27.2681074348
-0.13944076929
-0.0745259989056
0.688250861069
0.585179919123
0.530351784321
-0.202286945309
-2.30202228931
-2.10730842702
-0.0217975785897
-1.46819301653
-0.592975873858
0.308691235486
-0.189158269744
-0.949063906922
0.53394364702
-25.3712857599
0.213506590056
-12.1838856934
0.301400689657
-0.739974870194
-1.2209628717
-1.18171987486
-1.52956909545
-0.7733787248
-0.499392322658
0.00804184726389
-0.868094389276
-0.0211130156287
-0.850443385571
0.688389758597
-0.199160369628
0.0379863451752
-0.989195569973
-0.522624269914
0.901421064186
-0.533691562302
0.805882634578
-0.177029250178
-0.689011256193
-0.846228737968
-1.62274602329
-0.924092725043
0.103709344515
-0.431112178885
-0.245377415602
0.988794715144
0.480329211181
-0.00653773044003
0.471056298141
-0.833332728795
0.0811891650167
-0.272347864334
0.936969249033
0.00161955702589
-0.446527506816
-0.374753515787
0.954820088541
0.329628212271
0.0607172459346
-0.509002400699
0.393657325468
-0.959340351495
-0.0215366439316
0.165551103615
-1.12143990051
-0.196811798126
-0.615199753344
0.839200810418
-0.588906976457
0.36004666394
-0.460039302589
0.648681207503
0.107323226761
-0.767559062297
0.746959265214
0.268498324039
-0.730795488679
0.0284666998735
0.857381106424
-0.96696151283
-0.363932299507
0.531259109654
0.937917900707
0.399706784257
-0.721469932054
-0.00929741009032
0.488274111631
-0.518752095321
0.297410820044
0.153065660095
0.0313455721501
0.157446480468
-0.947256606393
-0.473431949302
0.804567007003
0.189020156325
-0.428884557876
-0.0149696291936
-0.0729624821728
0.700882693596
-0.348166154628
0.546672726401
0.982642417422
0.0213924618553
-1.15304364762
-0.445156245581
-1.07603388165
0.968214344477
0.0284031736748
-0.616309453957
0.0735747168109
-0.792903647677
-0.742726370233
-0.580754697967
-0.614450927639
0.769757933144
-0.496611976491
0.68920557044
