4
0
3
2
1
136
-0.22794831518
-10.3023725396
-1.98058896886
-17.0986071874
0.609441016146
-0.749703888601
-11.5272591209
-1.95810954761
-17.24275725
-0.999872372756
0.754413048404
-0.809763423848
-0.684677728661
0.562391595517
-24.1308104956
-5.38612119883
-4.91285317098
-38.0118595193
-0.13944076929
-0.0745259989056
0.688250861069
0.585179919123
0.530351784321
-0.202286945309
-3.02244881379
-2.68364964661
-0.0907079418019
-1.68745326311
-0.812236120444
0.0894309889005
-0.189158269744
-0.949063906922
0.53394364702
-35.8957775977
0.213506590056
-16.7946154507
0.301400689657
-0.739974870194
-1.44022311828
-1.40098012145
-1.74882934203
-0.7733787248
-0.597294891707
-0.0101015309282
-1.05847642052
-0.0211130156287
-0.850443385571
0.590480962881
-0.217304073623
-0.152405249236
-0.989195569973
-0.522624269914
0.901421064186
-0.533691562302
0.805882634578
-0.263224556393
-0.689011256193
-0.846228737968
-1.94929289659
-0.924092725043
0.103709344515
-0.431112178885
-0.245377415602
0.988794715144
0.480329211181
-0.0373182337946
0.453503983052
-0.833332728795
0.0811891650167
-0.272347864334
0.936969249033
0.00161955702589
-0.446527506816
-0.374753515787
0.954820088541
0.207721148357
0.0307910243264
-0.687093978169
0.393657325468
-0.959340351495
-0.143452584413
0.135622924943
-1.29954138171
-0.196811798126
-0.615199753344
0.839200810418
-0.588906976457
0.36004666394
-0.588739538244
0.648681207503
0.107323226761
-1.01758706029
0.746959265214
0.268498324039
-0.730795488679
0.0284666998735
0.857381106424
-0.96696151283
-0.370138818035
0.525274824945
0.937917900707
0.399706784257
-0.721469932054
-0.00929741009032
0.488274111631
-0.518752095321
0.297410820044
0.0352285704342
-0.476786858932
0.138871639681
-1.55552205669
-0.473431949302
0.686715515851
-0.319170266998
-0.447461950603
-0.623295028667
-0.0729624821728
0.700882693596
-0.348166154628
0.546672726401
0.982642417422
-0.52494967915
-1.50872049621
-0.800838320982
-1.76631968078
0.968214344477
0.0284031736748
-0.616309453957
0.0735747168109
-0.792903647677
-0.742726370233
-0.617750412547
-0.614450927639
0.751067917132
-0.496611976491
0.68920557044
