4
0
3
2
1
136
-0.911720391158
-19.56928357
-3.07822309083
-31.6017728006
0.609441016146
-1.43347596458
-20.7941701513
-3.05574366957
-31.7459228633
-0.999872372756
0.754413048404
-0.809763423848
-0.684677728661
0.562391595517
-43.3124166296
-9.41677764654
-8.94350961869
-68.8715729533
-0.13944076929
-0.0745259989056
0.688250861069
0.585179919123
0.530351784321
-0.202286945309
-5.09175904367
-4.33909783053
-0.288641963794
-2.31724333309
-1.44202619042
-0.540359081079
-0.189158269744
-0.949063906922
0.53394364702
-66.1257009616
0.213506590056
-30.0382009238
0.301400689657
-0.739974870194
-2.07001318826
-2.03077019143
-2.37861941201
-0.7733787248
-0.883610620682
-0.0631811222724
-1.61362761957
-0.0211130156287
-0.850443385571
0.304161210078
-0.270384006307
-0.707563101073
-0.989195569973
-0.522624269914
0.901421064186
-0.533691562302
0.805882634578
-0.514200212663
-0.689011256193
-0.846228737968
-2.90585195104
-0.924092725043
0.103709344515
-0.431112178885
-0.245377415602
0.988794715144
0.480329211181
-0.126981046209
0.40126833678
-0.833332728795
0.0811891650167
-0.272347864334
0.936969249033
0.00161955702589
-0.446527506816
-0.374753515787
0.954820088541
-0.149519422338
-0.0573860409943
-1.20640780618
0.393657325468
-0.959340351495
-0.500699451206
0.0474444834037
-1.81886203154
-0.196811798126
-0.615199753344
0.839200810418
-0.588906976457
0.36004666394
-0.964063990829
0.648681207503
0.107323226761
-1.75406477459
0.746959265214
0.268498324039
-0.730795488679
0.0284666998735
0.857381106424
-0.96696151283
-0.388086498548
0.507473827501
0.937917900707
0.399706784257
-0.721469932054
-0.00929741009032
0.488274111631
-0.518752095321
0.297410820044
-0.306629008283
-1.95201677146
0.0848964285827
-3.31864742854
-0.473431949302
0.344857578782
-1.79440268942
-0.501437243953
-2.38642310377
-0.0729624821728
0.700882693596
-0.348166154628
0.546672726401
0.982642417422
-2.10816199997
-2.53435308766
-1.82647100918
-3.77694289277
0.968214344477
0.0284031736748
-0.616309453957
0.0735747168109
-0.792903647677
-0.742726370233
-0.725660910627
-0.614450927639
0.697087482264
-0.496611976491
0.68920557044
