4
0
3
2
1
136
-0.240610761032
-10.4739820031
-2.00091552668
-17.3671843283
0.609441016146
-0.762366334452
-11.6988685844
-1.97843610542
-17.511334391
-0.999872372756
0.754413048404
-0.809763423848
-0.684677728661
0.562391595517
-24.486025424
-5.4607629849
-4.98749495705
-38.583335694
-0.13944076929
-0.0745259989056
0.688250861069
0.585179919123
0.530351784321
-0.202286945309
-3.0607693736
-2.71430609446
-0.0943733866536
-1.69911604219
-0.823898899518
0.0777682098268
-0.189158269744
-0.949063906922
0.53394364702
-36.4555909934
0.213506590056
-17.0398670336
0.301400689657
-0.739974870194
-1.45188589736
-1.41264290052
-1.76049212111
-0.7733787248
-0.602550033914
-0.0110734568938
-1.06867896402
-0.0211130156287
-0.850443385571
0.585225618167
-0.218276012166
-0.162608113379
-0.989195569973
-0.522624269914
0.901421064186
-0.533691562302
0.805882634578
-0.267841566123
-0.689011256193
-0.846228737968
-1.9668054373
-0.924092725043
0.103709344515
-0.431112178885
-0.245377415602
0.988794715144
0.480329211181
-0.0389677020277
0.452557152551
-0.833332728795
0.0811891650167
-0.272347864334
0.936969249033
0.00161955702589
-0.446527506816
-0.374753515787
0.954820088541
0.201172905443
0.0291810391309
-0.696638180156
0.393657325468
-0.959340351495
-0.150001124755
0.134012876147
-1.30908591376
-0.196811798126
-0.615199753344
0.839200810418
-0.588906976457
0.36004666394
-0.595635638649
0.648681207503
0.107323226761
-1.03102282185
0.746959265214
0.268498324039
-0.730795488679
0.0284666998735
0.857381106424
-0.96696151283
-0.370469992266
0.52495098845
0.937917900707
0.399706784257
-0.721469932054
-0.00929741009032
0.488274111631
-0.518752095321
0.297410820044
0.028902377457
-0.504071872869
0.137873138652
-1.5881382413
-0.473431949302
0.680389259489
-0.346455657246
-0.448460465728
-0.655911608028
-0.0729624821728
0.700882693596
-0.348166154628
0.546672726401
0.982642417422
-0.554237650927
-1.52770935905
-0.819827202033
-1.80341023792
0.968214344477
0.0284031736748
-0.616309453957
0.0735747168109
-0.792903647677
-0.742726370233
-0.619743243545
-0.614450927639
0.750068567232
-0.496611976491
0.68920557044
