4
0
3
2
1
136
-0.964902663735
-20.2900433168
-3.16359463365
-32.7297967928
0.609441016146
-1.48665823715
-21.5149298981
-3.14111521239
-32.8739468554
-0.999872372756
0.754413048404
-0.809763423848
-0.684677728661
0.562391595517
-44.8043193289
-9.73027314803
-9.25700512018
-71.271772887
-0.13944076929
-0.0745259989056
0.688250861069
0.585179919123
0.530351784321
-0.202286945309
-5.25270539489
-4.4678549115
-0.304036832172
-2.3662270052
-1.49100986253
-0.589342753189
-0.189158269744
-0.949063906922
0.53394364702
-68.4769172233
0.213506590056
-31.0682575717
0.301400689657
-0.739974870194
-2.11899686037
-2.07975386354
-2.42760308412
-0.7733787248
-0.905974578902
-0.0673433654706
-1.65696738879
-0.0211130156287
-0.850443385571
0.281797190313
-0.274546260031
-0.750902980979
-0.989195569973
-0.522624269914
0.901421064186
-0.533691562302
0.805882634578
-0.533780005694
-0.689011256193
-0.846228737968
-2.98082610519
-0.924092725043
0.103709344515
-0.431112178885
-0.245377415602
0.988794715144
0.480329211181
-0.133974896234
0.397142902264
-0.833332728795
0.0811891650167
-0.272347864334
0.936969249033
0.00161955702589
-0.446527506816
-0.374753515787
0.954820088541
-0.177450942539
-0.0643077451055
-1.24694921793
0.393657325468
-0.959340351495
-0.528631088595
0.0405227465472
-1.85940355787
-0.196811798126
-0.615199753344
0.839200810418
-0.588906976457
0.36004666394
-0.993380198363
0.648681207503
0.107323226761
-1.81196150231
0.746959265214
0.268498324039
-0.730795488679
0.0284666998735
0.857381106424
-0.96696151283
-0.389485104125
0.506077357498
0.937917900707
0.399706784257
-0.721469932054
-0.00929741009032
0.488274111631
-0.518752095321
0.297410820044
-0.333220143769
-2.0667784379
0.0806978282573
-3.45580157062
-0.473431949302
0.318266443285
-1.90916435634
-0.50563584428
-2.52357724681
-0.0729624821728
0.700882693596
-0.348166154628
0.546672726401
0.982642417422
-2.23132085911
-2.61412649605
-1.90624441757
-3.9335919463
0.968214344477
0.0284031736748
-0.616309453957
0.0735747168109
-0.792903647677
-0.742726370233
-0.734058087032
-0.614450927639
0.692888881803
-0.496611976491
0.68920557044
