4
0
3
2
1
136
-0.192493466796
-9.82186604172
-1.92367460698
-16.3465911926
0.609441016146
-0.714249040217
-11.046752623
-1.90119518573
-16.4907412552
-0.999872372756
0.754413048404
-0.809763423848
-0.684677728661
0.562391595517
-23.136208696
-5.17712419784
-4.70385616999
-36.4117262301
-0.13944076929
-0.0745259989056
0.688250861069
0.585179919123
0.530351784321
-0.202286945309
-2.91515124632
-2.59781159263
-0.0804446962171
-1.65479748171
-0.779580339038
0.122086770307
-0.189158269744
-0.949063906922
0.53394364702
-34.32830009
0.213506590056
-16.1079110188
0.301400689657
-0.739974870194
-1.40756733688
-1.36832434004
-1.71617356063
-0.7733787248
-0.582600065262
-0.00738338704778
-1.02994096175
-0.0211130156287
-0.850443385571
0.605176409919
-0.214585892386
-0.123868813111
-0.989195569973
-0.522624269914
0.901421064186
-0.533691562302
0.805882634578
-0.250310033316
-0.689011256193
-0.846228737968
-1.90032260026
-0.924092725043
0.103709344515
-0.431112178885
-0.245377415602
0.988794715144
0.480329211181
-0.0327046016528
0.456148949933
-0.833332728795
0.0811891650167
-0.272347864334
0.936969249033
0.00161955702589
-0.446527506816
-0.374753515787
0.954820088541
0.22602950011
0.0352911105714
-0.660399850447
0.393657325468
-0.959340351495
-0.12514332637
0.14012320575
-1.27284624692
-0.196811798126
-0.615199753344
0.839200810418
-0.588906976457
0.36004666394
-0.569451566765
0.648681207503
0.107323226761
-0.980029424382
0.746959265214
0.268498324039
-0.730795488679
0.0284666998735
0.857381106424
-0.96696151283
-0.369211979513
0.526179229507
0.937917900707
0.399706784257
-0.721469932054
-0.00929741009032
0.488274111631
-0.518752095321
0.297410820044
0.0529352162689
-0.400428870115
0.141665995615
-1.4642370323
-0.473431949302
0.704422423443
-0.242810813163
-0.444667537763
-0.53200847393
-0.0729624821728
0.700882693596
-0.348166154628
0.546672726401
0.982642417422
-0.442978775508
-1.45555865616
-0.74767640353
-1.66255040239
0.968214344477
0.0284031736748
-0.616309453957
0.0735747168109
-0.792903647677
-0.742726370233
-0.612175788997
-0.614450927639
0.753865603853
-0.496611976491
0.68920557044
