4
0
3
2
1
136
-0.57236684234
-14.9701499475
-2.53347134141
-24.4039054222
0.609441016146
-1.09412241576
-16.1950365288
-2.51099192015
-24.5480554848
-0.999872372756
0.754413048404
-0.809763423848
-0.684677728661
0.562391595517
-33.7926565483
-7.4163777799
-6.94310975205
-53.5560114712
-0.13944076929
-0.0745259989056
0.688250861069
0.585179919123
0.530351784321
-0.202286945309
-4.0647680407
-3.51750502814
-0.190408041768
-2.00468085392
-1.12946371125
-0.227796601904
-0.189158269744
-0.949063906922
0.53394364702
-51.1227019588
0.213506590056
-23.4654585038
0.301400689657
-0.739974870194
-1.75745070909
-1.71820771225
-2.06605693284
-0.7733787248
-0.741091266218
-0.0367136117691
-1.33739632005
-0.0211130156287
-0.850443385571
0.446681425829
-0.243916390513
-0.431330300952
-0.989195569973
-0.522624269914
0.901421064186
-0.533691562302
0.805882634578
-0.389372215644
-0.689011256193
-0.846228737968
-2.42894272202
-0.924092725043
0.103709344515
-0.431112178885
-0.245377415602
0.988794715144
0.480329211181
-0.0823884947654
0.427422344299
-0.833332728795
0.0811891650167
-0.272347864334
0.936969249033
0.00161955702589
-0.446527506816
-0.374753515787
0.954820088541
0.028405450239
-0.0133834873852
-0.9480119687
0.393657325468
-0.959340351495
-0.322773098347
0.0914473868145
-1.560464656
-0.196811798126
-0.615199753344
0.839200810418
-0.588906976457
0.36004666394
-0.777273413078
0.648681207503
0.107323226761
-1.38630292895
0.746959265214
0.268498324039
-0.730795488679
0.0284666998735
0.857381106424
-0.96696151283
-0.37916773163
0.516361427421
0.937917900707
0.399706784257
-0.721469932054
-0.00929741009032
0.488274111631
-0.518752095321
0.297410820044
-0.136952409461
-1.21973337756
0.111687458108
-2.44347993915
-0.473431949302
0.514534179808
-1.06211925499
-0.474646213941
-1.51125555859
-0.0729624821728
0.700882693596
-0.348166154628
0.546672726401
0.982642417422
-1.32229677147
-2.02532288009
-1.31744080117
-2.77791267046
0.968214344477
0.0284031736748
-0.616309453957
0.0735747168109
-0.792903647677
-0.742726370233
-0.672080410273
-0.614450927639
0.723878548503
-0.496611976491
0.68920557044
