4
0
3
2
1
136
-0.985162577097
-20.5646184585
-3.19611712615
-33.1595202184
0.609441016146
-1.50691815052
-21.7895050398
-3.1736377049
-33.303670281
-0.999872372756
0.754413048404
-0.809763423848
-0.684677728661
0.562391595517
-45.3726632144
-9.84970000574
-9.37643197789
-72.1861347665
-0.13944076929
-0.0745259989056
0.688250861069
0.585179919123
0.530351784321
-0.202286945309
-5.31401829059
-4.51690522806
-0.309901543934
-2.38488745172
-1.50967030905
-0.608003199706
-0.189158269744
-0.949063906922
0.53394364702
-69.3726186563
0.213506590056
-31.4606601043
0.301400689657
-0.739974870194
-2.13765730689
-2.09841431006
-2.44626353064
-0.7733787248
-0.914495393002
-0.0689297855885
-1.67347986565
-0.0211130156287
-0.850443385571
0.273276355705
-0.27613268386
-0.767415494838
-0.989195569973
-0.522624269914
0.901421064186
-0.533691562302
0.805882634578
-0.541239657154
-0.689011256193
-0.846228737968
-3.00940058496
-0.924092725043
0.103709344515
-0.431112178885
-0.245377415602
0.988794715144
0.480329211181
-0.136639426021
0.395569796299
-0.833332728795
0.0811891650167
-0.272347864334
0.936969249033
0.00161955702589
-0.446527506816
-0.374753515787
0.954820088541
-0.188093675686
-0.0669460307464
-1.26239553633
0.393657325468
-0.959340351495
-0.53927386152
0.0378844493833
-1.87484991467
-0.196811798126
-0.615199753344
0.839200810418
-0.588906976457
0.36004666394
-1.00455036178
0.648681207503
0.107323226761
-1.83403250856
0.746959265214
0.268498324039
-0.730795488679
0.0284666998735
0.857381106424
-0.96696151283
-0.390017945638
0.505545219913
0.937917900707
0.399706784257
-0.721469932054
-0.00929741009032
0.488274111631
-0.518752095321
0.297410820044
-0.34335010027
-2.11049717745
0.0790983614433
-3.50805078233
-0.473431949302
0.308136486782
-1.95288309602
-0.507235311094
-2.57582645878
-0.0729624821728
0.700882693596
-0.348166154628
0.546672726401
0.982642417422
-2.27823853013
-2.64451636599
-1.9366342875
-3.99327164997
0.968214344477
0.0284031736748
-0.616309453957
0.0735747168109
-0.792903647677
-0.742726370233
-0.737257014265
-0.614450927639
0.691289414959
-0.496611976491
0.68920557044
