4
0
3
2
1
136
-0.349507795354
-11.9498233894
-2.17572392388
-19.6769477408
0.609441016146
-0.871263368774
-13.1747099708
-2.15324450262
-19.8210978035
-0.999872372756
0.754413048404
-0.809763423848
-0.684677728661
0.562391595517
-27.5408738083
-6.10268234509
-5.62941431724
-43.4980307964
-0.13944076929
-0.0745259989056
0.688250861069
0.585179919123
0.530351784321
-0.202286945309
-3.39032618799
-2.97795154597
-0.125896212378
-1.79941594222
-0.924198799551
-0.022531690207
-0.189158269744
-0.949063906922
0.53394364702
-41.2699861958
0.213506590056
-19.149030646
0.301400689657
-0.739974870194
-1.55218579739
-1.51294280056
-1.86079202114
-0.7733787248
-0.647870119137
-0.0194550201957
-1.15662625869
-0.0211130156287
-0.850443385571
0.539904136618
-0.226657669042
-0.250557647024
-0.989195569973
-0.522624269914
0.901421064186
-0.533691562302
0.805882634578
-0.307631563883
-0.689011256193
-0.846228737968
-2.11785963837
-0.924092725043
0.103709344515
-0.431112178885
-0.245377415602
0.988794715144
0.480329211181
-0.0531839026212
0.444371177543
-0.833332728795
0.0811891650167
-0.272347864334
0.936969249033
0.00161955702589
-0.446527506816
-0.374753515787
0.954820088541
0.144683951347
0.0152822901238
-0.778910220909
0.393657325468
-0.959340351495
-0.206492159517
0.120113684987
-1.39136025467
-0.196811798126
-0.615199753344
0.839200810418
-0.588906976457
0.36004666394
-0.655080019899
0.648681207503
0.107323226761
-1.14700471412
0.746959265214
0.268498324039
-0.730795488679
0.0284666998735
0.857381106424
-0.96696151283
-0.373321070438
0.522150747099
0.937917900707
0.399706784257
-0.721469932054
-0.00929741009032
0.488274111631
-0.518752095321
0.297410820044
-0.0255272308991
-0.738888484972
0.129280519558
-1.86880348009
-0.473431949302
0.625959412968
-0.5812738546
-0.457053139478
-0.936578529303
-0.0729624821728
0.700882693596
-0.348166154628
0.546672726401
0.982642417422
-0.806261839097
-1.69103775292
-0.98315566094
-2.12283580891
0.968214344477
0.0284031736748
-0.616309453957
0.0735747168109
-0.792903647677
-0.742726370233
-0.636906067153
-0.614450927639
0.741472506635
-0.496611976491
0.68920557044
