4
0
3
2
1
136
0.139262614512
-5.32569809733
-1.39111879225
-9.30987009873
0.609441016146
-0.382492958909
-6.55058467864
-1.36863937099
-9.45402016138
-0.999872372756
0.754413048404
-0.809763423848
-0.684677728661
0.562391595517
-13.8295775717
-3.22150940284
-2.74824137499
-21.4390504529
-0.13944076929
-0.0745259989056
0.688250861069
0.585179919123
0.530351784321
-0.202286945309
-1.91115257922
-1.79461265895
0.0155899588978
-1.34923266998
-0.474015527307
0.427651582037
-0.189158269744
-0.949063906922
0.53394364702
-19.6611891245
0.213506590056
-9.68231954853
0.301400689657
-0.739974870194
-1.10200252515
-1.06275952831
-1.41060874889
-0.7733787248
-0.447403646485
0.0177569282379
-0.76655942882
-0.0211130156287
-0.850443385571
0.74038475647
-0.189445015549
0.139530691167
-0.989195569973
-0.522624269914
0.901421064186
-0.533691562302
0.805882634578
-0.131038714711
-0.689011256193
-0.846228737968
-1.44850226554
-0.924092725043
0.103709344515
-0.431112178885
-0.245377415602
0.988794715144
0.480329211181
0.0098590134249
0.480323444568
-0.833332728795
0.0811891650167
-0.272347864334
0.936969249033
0.00161955702589
-0.446527506816
-0.374753515787
0.954820088541
0.394292839857
0.0765494970909
-0.414039663893
0.393657325468
-0.959340351495
0.0431367355561
0.181385377821
-1.02646737152
-0.196811798126
-0.615199753344
0.839200810418
-0.588906976457
0.36004666394
-0.391380839728
0.648681207503
0.107323226761
-0.634653746405
0.746959265214
0.268498324039
-0.730795488679
0.0284666998735
0.857381106424
-0.96696151283
-0.360587738239
0.534382054406
0.937917900707
0.399706784257
-0.721469932054
-0.00929741009032
0.488274111631
-0.518752095321
0.297410820044
0.210387685617
0.28451222013
0.166581938714
-0.640566654594
-0.473431949302
0.86195849501
0.442418113987
-0.419738935601
0.291960269174
-0.0729624821728
0.700882693596
-0.348166154628
0.546672726401
0.982642417422
0.29724079546
-0.969578447412
-0.261657918662
-0.727624594187
0.968214344477
0.0284031736748
-0.616309453957
0.0735747168109
-0.792903647677
-0.742726370233
-0.562193630233
-0.614450927639
0.779185649402
-0.496611976491
0.68920557044
