4
0
3
2
1
136
-0.283663076927
-11.0574541791
-2.07002582325
-18.2803466077
0.609441016146
-0.805418650347
-12.2823407604
-2.04754640199
-18.4244966703
-0.999872372756
0.754413048404
-0.809763423848
-0.684677728661
0.562391595517
-25.6937561806
-5.71454505754
-5.24127702969
-40.526354688
-0.13944076929
-0.0745259989056
0.688250861069
0.585179919123
0.530351784321
-0.202286945309
-3.19105927697
-2.81853801715
-0.106835899149
-1.73876949104
-0.863552348368
0.0381147609762
-0.189158269744
-0.949063906922
0.53394364702
-38.3589565385
0.213506590056
-17.8737224152
0.301400689657
-0.739974870194
-1.49153934621
-1.45229634937
-1.80014556996
-0.7733787248
-0.62044214139
-0.0143823337135
-1.10340766289
-0.0211130156287
-0.850443385571
0.56733288968
-0.221584928959
-0.197337801473
-0.989195569973
-0.522624269914
0.901421064186
-0.533691562302
0.805882634578
-0.283555821377
-0.689011256193
-0.846228737968
-2.02643299685
-0.924092725043
0.103709344515
-0.431112178885
-0.245377415602
0.988794715144
0.480329211181
-0.0445819616089
0.4493297668
-0.833332728795
0.0811891650167
-0.272347864334
0.936969249033
0.00161955702589
-0.446527506816
-0.374753515787
0.954820088541
0.178875000238
0.0236969334887
-0.729125910073
0.393657325468
-0.959340351495
-0.172299948182
0.128528574864
-1.34157466096
-0.196811798126
-0.615199753344
0.839200810418
-0.588906976457
0.36004666394
-0.61910918238
0.648681207503
0.107323226761
-1.07678672561
0.746959265214
0.268498324039
-0.730795488679
0.0284666998735
0.857381106424
-0.96696151283
-0.371596560571
0.523846977016
0.937917900707
0.399706784257
-0.721469932054
-0.00929741009032
0.488274111631
-0.518752095321
0.297410820044
0.00738749330087
-0.596878879101
0.134476933235
-1.69907137539
-0.473431949302
0.658874233287
-0.439263560269
-0.451856703353
-0.766845688005
-0.0729624821728
0.700882693596
-0.348166154628
0.546672726401
0.982642417422
-0.653850495893
-1.59227736776
-0.884395250409
-1.92961120488
0.968214344477
0.0284031736748
-0.616309453957
0.0735747168109
-0.792903647677
-0.742726370233
-0.626524283032
-0.614450927639
0.746670371433
-0.496611976491
0.68920557044
