4
0
3
2
1
136
-0.6610039633
-16.1714161922
-2.67575724611
-26.2839454091
0.609441016146
-1.18275953672
-17.3963027735
-2.65327782485
-26.4280954718
-0.999872372756
0.754413048404
-0.809763423848
-0.684677728661
0.562391595517
-36.2791610471
-7.93887028238
-7.46560225453
-57.5563446941
-0.13944076929
-0.0745259989056
0.688250861069
0.585179919123
0.530351784321
-0.202286945309
-4.33301195938
-3.73210016309
-0.21606615573
-2.08632030743
-1.21110316476
-0.30943605542
-0.189158269744
-0.949063906922
0.53394364702
-55.0413957282
0.213506590056
-25.1822195837
0.301400689657
-0.739974870194
-1.8390901626
-1.79984716577
-2.14769638635
-0.7733787248
-0.778273298828
-0.0436087130571
-1.40947194854
-0.0211130156287
-0.850443385571
0.409499055744
-0.250811527391
-0.503406508335
-0.989195569973
-0.522624269914
0.901421064186
-0.533691562302
0.805882634578
-0.421950102878
-0.689011256193
-0.846228737968
-2.5532085354
-0.924092725043
0.103709344515
-0.431112178885
-0.245377415602
0.988794715144
0.480329211181
-0.094027173528
0.420624426618
-0.833332728795
0.0811891650167
-0.272347864334
0.936969249033
0.00161955702589
-0.446527506816
-0.374753515787
0.954820088541
-0.0179986015789
-0.0248440016678
-1.01543418816
0.393657325468
-0.959340351495
-0.369177707785
0.07998674821
-1.62788746741
-0.196811798126
-0.615199753344
0.839200810418
-0.588906976457
0.36004666394
-0.826002163384
0.648681207503
0.107323226761
-1.48203430029
0.746959265214
0.268498324039
-0.730795488679
0.0284666998735
0.857381106424
-0.96696151283
-0.381495976072
0.514045527758
0.937917900707
0.399706784257
-0.721469932054
-0.00929741009032
0.488274111631
-0.518752095321
0.297410820044
-0.181270843321
-1.41099933221
0.104689820253
-2.67206602944
-0.473431949302
0.470215744358
-1.25338523547
-0.481643852155
-1.7398416825
-0.0729624821728
0.700882693596
-0.348166154628
0.546672726401
0.982642417422
-1.52755791698
-2.15827847675
-1.45039639815
-3.03873274486
0.968214344477
0.0284031736748
-0.616309453957
0.0735747168109
-0.792903647677
-0.742726370233
-0.686074754558
-0.614450927639
0.716880883768
-0.496611976491
0.68920557044
