4
0
3
2
1
136
-0.810420824347
-18.1964078618
-2.91561062832
-29.4531556727
0.609441016146
-1.33217639777
-19.4212944431
-2.89313120706
-29.5973057354
-0.999872372756
0.754413048404
-0.809763423848
-0.684677728661
0.562391595517
-40.4706972024
-8.81964335799
-8.34637533014
-64.2997635556
-0.13944076929
-0.0745259989056
0.688250861069
0.585179919123
0.530351784321
-0.202286945309
-4.78519456517
-4.09384624773
-0.259318404981
-2.2239411005
-1.34872395783
-0.447056848489
-0.189158269744
-0.949063906922
0.53394364702
-61.6471937966
0.213506590056
-28.0761882611
0.301400689657
-0.739974870194
-1.97671095567
-1.93746795884
-2.28531717942
-0.7733787248
-0.841028257458
-0.0552623641391
-1.53110274151
-0.0211130156287
-0.850443385571
0.346743729255
-0.262465224507
-0.625037945005
-0.989195569973
-0.522624269914
0.901421064186
-0.533691562302
0.805882634578
-0.476914396946
-0.689011256193
-0.846228737968
-2.76319448891
-0.924092725043
0.103709344515
-0.431112178885
-0.245377415602
0.988794715144
0.480329211181
-0.113662203642
0.409108862546
-0.833332728795
0.0811891650167
-0.272347864334
0.936969249033
0.00161955702589
-0.446527506816
-0.374753515787
0.954820088541
-0.0963436190839
-0.0442185435692
-1.12921149735
0.393657325468
-0.959340351495
-0.44752336206
0.0606120552952
-1.74166543631
-0.196811798126
-0.615199753344
0.839200810418
-0.588906976457
0.36004666394
-0.908249058462
0.648681207503
0.107323226761
-1.64395829819
0.746959265214
0.268498324039
-0.730795488679
0.0284666998735
0.857381106424
-0.96696151283
-0.385422988364
0.510131820137
0.937917900707
0.399706784257
-0.721469932054
-0.00929741009032
0.488274111631
-0.518752095321
0.297410820044
-0.255979229599
-1.73342330818
0.0928937618969
-3.05740171217
-0.473431949302
0.395507357525
-1.57580922401
-0.493439910628
-2.12517738369
-0.0729624821728
0.700882693596
-0.348166154628
0.546672726401
0.982642417422
-1.87357389999
-2.38240374029
-1.6745216618
-3.47861227801
0.968214344477
0.0284031736748
-0.616309453957
0.0735747168109
-0.792903647677
-0.742726370233
-0.709666344907
-0.614450927639
0.705084816445
-0.496611976491
0.68920557044
