4
0
3
2
1
136
-0.681263876662
-16.4459913338
-2.70827973861
-26.7136688347
0.609441016146
-1.20301945008
-17.6708779151
-2.68580031735
-26.8578188973
-0.999872372756
0.754413048404
-0.809763423848
-0.684677728661
0.562391595517
-36.8475049326
-8.05829714009
-7.58502911224
-58.4707065737
-0.13944076929
-0.0745259989056
0.688250861069
0.585179919123
0.530351784321
-0.202286945309
-4.39432485508
-3.78115047965
-0.221930867493
-2.10498075395
-1.22976361128
-0.328096501938
-0.189158269744
-0.949063906922
0.53394364702
-55.9370971612
0.213506590056
-25.5746221162
0.301400689657
-0.739974870194
-1.85775060912
-1.81850761229
-2.16635683287
-0.7733787248
-0.786777537208
-0.0451867651193
-1.42595579354
-0.0211130156287
-0.850443385571
0.400994754732
-0.252389586629
-0.519890461888
-0.989195569973
-0.522624269914
0.901421064186
-0.533691562302
0.805882634578
-0.429399893426
-0.689011256193
-0.846228737968
-2.58164635041
-0.924092725043
0.103709344515
-0.431112178885
-0.245377415602
0.988794715144
0.480329211181
-0.09668857797
0.419066880747
-0.833332728795
0.0811891650167
-0.272347864334
0.936969249033
0.00161955702589
-0.446527506816
-0.374753515787
0.954820088541
-0.0286137802775
-0.0274672643265
-1.03085373465
0.393657325468
-0.959340351495
-0.379792992287
0.0773634613396
-1.64330712499
-0.196811798126
-0.615199753344
0.839200810418
-0.588906976457
0.36004666394
-0.837147416211
0.648681207503
0.107323226761
-1.50395214548
0.746959265214
0.268498324039
-0.730795488679
0.0284666998735
0.857381106424
-0.96696151283
-0.382028305178
0.513515479934
0.937917900707
0.399706784257
-0.721469932054
-0.00929741009032
0.488274111631
-0.518752095321
0.297410820044
-0.191400787483
-1.45471764103
0.103090356218
-2.72431470114
-0.473431949302
0.46008580004
-1.29710354738
-0.483243316224
-1.79209035849
-0.0729624821728
0.700882693596
-0.348166154628
0.546672726401
0.982642417422
-1.57447513352
-2.18866833871
-1.48078626014
-3.09836361241
0.968214344477
0.0284031736748
-0.616309453957
0.0735747168109
-0.792903647677
-0.742726370233
-0.689273560061
-0.614450927639
0.715281417137
-0.496611976491
0.68920557044
