4
0
3
2
1
136
-1.00289000129
-20.8048717074
-3.22457430709
-33.5355282157
0.609441016146
-1.52464557471
-22.0297582887
-3.20209488584
-33.6796782784
-0.999872372756
0.754413048404
-0.809763423848
-0.684677728661
0.562391595517
-45.8699641142
-9.95419850624
-9.48093047838
-72.9862014111
-0.13944076929
-0.0745259989056
0.688250861069
0.585179919123
0.530351784321
-0.202286945309
-5.36766707433
-4.55982425505
-0.315033166727
-2.40121534242
-1.52599819975
-0.62433109041
-0.189158269744
-0.949063906922
0.53394364702
-70.1563574101
0.213506590056
-31.8040123202
0.301400689657
-0.739974870194
-2.15398519759
-2.11474220076
-2.46259142134
-0.7733787248
-0.921951598718
-0.0703182489351
-1.68792913207
-0.0211130156287
-0.850443385571
0.265820133229
-0.277521150328
-0.781864791545
-0.989195569973
-0.522624269914
0.901421064186
-0.533691562302
0.805882634578
-0.547767126882
-0.689011256193
-0.846228737968
-3.0344087914
-0.924092725043
0.103709344515
-0.431112178885
-0.245377415602
0.988794715144
0.480329211181
-0.138970971653
0.39419267619
-0.833332728795
0.0811891650167
-0.272347864334
0.936969249033
0.00161955702589
-0.446527506816
-0.374753515787
0.954820088541
-0.197406957269
-0.0692551549277
-1.27591186839
0.393657325468
-0.959340351495
-0.548587175923
0.0355753155113
-1.88836627821
-0.196811798126
-0.615199753344
0.839200810418
-0.588906976457
0.36004666394
-1.01432512963
0.648681207503
0.107323226761
-1.85335118857
0.746959265214
0.268498324039
-0.730795488679
0.0284666998735
0.857381106424
-0.96696151283
-0.390484198132
0.505079539272
0.937917900707
0.399706784257
-0.721469932054
-0.00929741009032
0.488274111631
-0.518752095321
0.297410820044
-0.352213812244
-2.1487510777
0.0776988279745
-3.55376884765
-0.473431949302
0.299272774806
-1.99113699636
-0.508634844563
-2.62154452429
-0.0729624821728
0.700882693596
-0.348166154628
0.546672726401
0.982642417422
-2.31929149572
-2.6711075022
-1.96322542372
-4.04549299284
0.968214344477
0.0284031736748
-0.616309453957
0.0735747168109
-0.792903647677
-0.742726370233
-0.740056076556
-0.614450927639
0.689889881471
-0.496611976491
0.68920557044
