4
0
3
2
1
136
-0.167168575093
-9.47864711467
-1.88302149135
-15.8094369106
0.609441016146
-0.688924148514
-10.703533696
-1.8605420701
-15.9535869733
-0.999872372756
0.754413048404
-0.809763423848
-0.684677728661
0.562391595517
-22.4257788392
-5.02784062571
-4.55457259785
-35.2687738807
-0.13944076929
-0.0745259989056
0.688250861069
0.585179919123
0.530351784321
-0.202286945309
-2.83851012669
-2.53649869693
-0.0731138065136
-1.63147192356
-0.75625478089
0.145412328454
-0.189158269744
-0.949063906922
0.53394364702
-33.2086732987
0.213506590056
-15.6174078531
0.301400689657
-0.739974870194
-1.38424177873
-1.34499878189
-1.69284800248
-0.7733787248
-0.572123078422
-0.00544491747072
-1.00958960514
-0.0211130156287
-0.850443385571
0.615653892806
-0.21264739407
-0.103516680438
-0.989195569973
-0.522624269914
0.901421064186
-0.533691562302
0.805882634578
-0.241098348352
-0.689011256193
-0.846228737968
-1.8654057726
-0.924092725043
0.103709344515
-0.431112178885
-0.245377415602
0.988794715144
0.480329211181
-0.0294140105502
0.458032380828
-0.833332728795
0.0811891650167
-0.272347864334
0.936969249033
0.00161955702589
-0.446527506816
-0.374753515787
0.954820088541
0.23908066575
0.0384978323327
-0.641361771095
0.393657325468
-0.959340351495
-0.112091441248
0.143330082829
-1.25380736694
-0.196811798126
-0.615199753344
0.839200810418
-0.588906976457
0.36004666394
-0.555695138654
0.648681207503
0.107323226761
-0.953262038428
0.746959265214
0.268498324039
-0.730795488679
0.0284666998735
0.857381106424
-0.96696151283
-0.368550388795
0.526822943383
0.937917900707
0.399706784257
-0.721469932054
-0.00929741009032
0.488274111631
-0.518752095321
0.297410820044
0.0655738273773
-0.345937653433
0.14366008014
-1.39908406929
-0.473431949302
0.717061334511
-0.188318027295
-0.442673389943
-0.466853878288
-0.0729624821728
0.700882693596
-0.348166154628
0.546672726401
0.982642417422
-0.384472396528
-1.4175955471
-0.709713202737
-1.58852393234
0.968214344477
0.0284031736748
-0.616309453957
0.0735747168109
-0.792903647677
-0.742726370233
-0.608200144885
-0.614450927639
0.755863259861
-0.496611976491
0.68920557044
