4
0
3
2
1
136
0.225367246302
-4.15875374535
-1.25289819911
-7.48354554002
0.609441016146
-0.296388327119
-5.38364032666
-1.23041877786
-7.62769560267
-0.999872372756
0.754413048404
-0.809763423848
-0.684677728661
0.562391595517
-11.4141160585
-2.71394525758
-2.24067722973
-17.5530124649
-0.13944076929
-0.0745259989056
0.688250861069
0.585179919123
0.530351784321
-0.202286945309
-1.6505727725
-1.58614881357
0.0405149838895
-1.26992577228
-0.394708629608
0.506958479736
-0.189158269744
-0.949063906922
0.53394364702
-15.8544580343
0.213506590056
-8.01460878525
0.301400689657
-0.739974870194
-1.02269562745
-0.983452630612
-1.3313018512
-0.7733787248
-0.413465303098
0.0241684427003
-0.699966220255
-0.0211130156287
-0.850443385571
0.774329064992
-0.183033267277
0.206132604058
-0.989195569973
-0.522624269914
0.901421064186
-0.533691562302
0.805882634578
-0.100881297332
-0.689011256193
-0.846228737968
-1.3339753238
-0.924092725043
0.103709344515
-0.431112178885
-0.245377415602
0.988794715144
0.480329211181
0.0205877738375
0.486366871551
-0.833332728795
0.0811891650167
-0.272347864334
0.936969249033
0.00161955702589
-0.446527506816
-0.374753515787
0.954820088541
0.436480255792
0.0868563064411
-0.351774322463
0.393657325468
-0.959340351495
0.085332295102
0.191694127239
-0.96419291543
-0.196811798126
-0.615199753344
0.839200810418
-0.588906976457
0.36004666394
-0.346345303513
0.648681207503
0.107323226761
-0.547569961215
0.746959265214
0.268498324039
-0.730795488679
0.0284666998735
0.857381106424
-0.96696151283
-0.358371535496
0.536390521205
0.937917900707
0.399706784257
-0.721469932054
-0.00929741009032
0.488274111631
-0.518752095321
0.297410820044
0.238283717982
0.420583013887
0.171377736234
-0.470508385801
-0.473431949302
0.889941888389
0.578789795334
-0.414930537604
0.462334657582
-0.0729624821728
0.700882693596
-0.348166154628
0.546672726401
0.982642417422
0.449962341994
-0.86553789136
-0.157560965735
-0.531457645459
0.968214344477
0.0284031736748
-0.616309453957
0.0735747168109
-0.792903647677
-0.742726370233
-0.551609216078
-0.614450927639
0.784134305972
-0.496611976491
0.68920557044
