4
0
3
2
1
136
-0.906655412818
-19.5006397846
-3.0700924677
-31.4943419442
0.609441016146
-1.42841098624
-20.7255263659
-3.04761304645
-31.6384920069
-0.999872372756
0.754413048404
-0.809763423848
-0.684677728661
0.562391595517
-43.1703306583
-9.38692093211
-8.91365290426
-68.6429824834
-0.13944076929
-0.0745259989056
0.688250861069
0.585179919123
0.530351784321
-0.202286945309
-5.07643081975
-4.32683525139
-0.287175785854
-2.31257822146
-1.43736107879
-0.53569396945
-0.189158269744
-0.949063906922
0.53394364702
-65.9017756034
0.213506590056
-29.9401002907
0.301400689657
-0.739974870194
-2.06534807663
-2.0261050798
-2.37395430038
-0.7733787248
-0.881480982521
-0.0627848845783
-1.60950047609
-0.0211130156287
-0.850443385571
0.306290854743
-0.269987767548
-0.703435945924
-0.989195569973
-0.522624269914
0.901421064186
-0.533691562302
0.805882634578
-0.512335620018
-0.689011256193
-0.846228737968
-2.8987142317
-0.924092725043
0.103709344515
-0.431112178885
-0.245377415602
0.988794715144
0.480329211181
-0.126315010741
0.401660923013
-0.833332728795
0.0811891650167
-0.272347864334
0.936969249033
0.00161955702589
-0.446527506816
-0.374753515787
0.954820088541
-0.146859739246
-0.0567271297594
-1.20254714654
0.393657325468
-0.959340351495
-0.4980397559
0.0481033979619
-1.81500135985
-0.196811798126
-0.615199753344
0.839200810418
-0.588906976457
0.36004666394
-0.961272412114
0.648681207503
0.107323226761
-1.7485539104
0.746959265214
0.268498324039
-0.730795488679
0.0284666998735
0.857381106424
-0.96696151283
-0.387953306501
0.50760679214
0.937917900707
0.399706784257
-0.721469932054
-0.00929741009032
0.488274111631
-0.518752095321
0.297410820044
-0.304096519224
-1.94108709138
0.0852962952736
-3.30558513296
-0.473431949302
0.347390067842
-1.78347300927
-0.501037377262
-2.37336080808
-0.0729624821728
0.700882693596
-0.348166154628
0.546672726401
0.982642417422
-2.09643258747
-2.52675562022
-1.81887354173
-3.76202476459
0.968214344477
0.0284031736748
-0.616309453957
0.0735747168109
-0.792903647677
-0.742726370233
-0.724861180279
-0.614450927639
0.697487348975
-0.496611976491
0.68920557044
