4
0
3
2
1
136
-0.506522123912
-14.0777807372
-2.42777324078
-23.0073042891
0.609441016146
-1.02827769733
-15.3026673185
-2.40529381952
-23.1514543517
-0.999872372756
0.754413048404
-0.809763423848
-0.684677728661
0.562391595517
-31.9455389206
-7.02824049234
-6.55497246449
-50.5843353628
-0.13944076929
-0.0745259989056
0.688250861069
0.585179919123
0.530351784321
-0.202286945309
-3.86550112967
-3.35809149932
-0.17134772854
-1.94403440273
-1.06881726007
-0.167150150721
-0.189158269744
-0.949063906922
0.53394364702
-48.2116723015
0.213506590056
-22.1901502731
0.301400689657
-0.739974870194
-1.69680425791
-1.65756126107
-2.00541048165
-0.7733787248
-0.713501677942
-0.0316018796686
-1.28390790429
-0.0211130156287
-0.850443385571
0.474271348597
-0.238804626848
-0.377841319846
-0.989195569973
-0.522624269914
0.901421064186
-0.533691562302
0.805882634578
-0.365191282508
-0.689011256193
-0.846228737968
-2.33680814405
-0.924092725043
0.103709344515
-0.431112178885
-0.245377415602
0.988794715144
0.480329211181
-0.0737493069499
0.432453195574
-0.833332728795
0.0811891650167
-0.272347864334
0.936969249033
0.00161955702589
-0.446527506816
-0.374753515787
0.954820088541
0.0628293294351
-0.00488927526613
-0.89797657982
0.393657325468
-0.959340351495
-0.28834868175
0.0999417155414
-1.51042868914
-0.196811798126
-0.615199753344
0.839200810418
-0.588906976457
0.36004666394
-0.741114739324
0.648681207503
0.107323226761
-1.31537359281
0.746959265214
0.268498324039
-0.730795488679
0.0284666998735
0.857381106424
-0.96696151283
-0.377439060658
0.518077822755
0.937917900707
0.399706784257
-0.721469932054
-0.00929741009032
0.488274111631
-0.518752095321
0.297410820044
-0.104030327817
-1.07765345589
0.116885658108
-2.2736767505
-0.473431949302
0.547456264934
-0.920039287857
-0.469448013126
-1.34145231471
-0.0729624821728
0.700882693596
-0.348166154628
0.546672726401
0.982642417422
-1.16982040693
-1.92655599825
-1.21867391859
-2.58424349322
0.968214344477
0.0284031736748
-0.616309453957
0.0735747168109
-0.792903647677
-0.742726370233
-0.661685437809
-0.614450927639
0.729076808135
-0.496611976491
0.68920557044
