4
0
3
2
1
136
-0.341910327843
-11.8468577113
-2.16352798919
-19.5158014562
0.609441016146
-0.863665901264
-13.0717442926
-2.14104856793
-19.6599515189
-0.999872372756
0.754413048404
-0.809763423848
-0.684677728661
0.562391595517
-27.3277448512
-6.05789727345
-5.5846292456
-43.1551450916
-0.13944076929
-0.0745259989056
0.688250861069
0.585179919123
0.530351784321
-0.202286945309
-3.36733385211
-2.95955767726
-0.123696945467
-1.79241827478
-0.917201132107
-0.0155340227628
-0.189158269744
-0.949063906922
0.53394364702
-40.9340981584
0.213506590056
-19.0018796963
0.301400689657
-0.739974870194
-1.54518812995
-1.50594513311
-1.85379435369
-0.7733787248
-0.644701893662
-0.0188690097699
-1.15047995388
-0.0211130156287
-0.850443385571
0.543072442063
-0.226071652858
-0.244411212441
-0.989195569973
-0.522624269914
0.901421064186
-0.533691562302
0.805882634578
-0.304851310394
-0.689011256193
-0.846228737968
-2.10729718248
-0.924092725043
0.103709344515
-0.431112178885
-0.245377415602
0.988794715144
0.480329211181
-0.052190543428
0.444944629222
-0.833332728795
0.0811891650167
-0.272347864334
0.936969249033
0.00161955702589
-0.446527506816
-0.374753515787
0.954820088541
0.148633925179
0.0162547409308
-0.773160564773
0.393657325468
-0.959340351495
-0.20254206479
0.121086161395
-1.38561046545
-0.196811798126
-0.615199753344
0.839200810418
-0.588906976457
0.36004666394
-0.650925675293
0.648681207503
0.107323226761
-1.13888963097
0.746959265214
0.268498324039
-0.730795488679
0.0284666998735
0.857381106424
-0.96696151283
-0.373122003918
0.522346890708
0.937917900707
0.399706784257
-0.721469932054
-0.00929741009032
0.488274111631
-0.518752095321
0.297410820044
-0.0217290393942
-0.722500019723
0.129880186253
-1.84921625731
-0.473431949302
0.629757611294
-0.564885336137
-0.456453471168
-0.916991248929
-0.0729624821728
0.700882693596
-0.348166154628
0.546672726401
0.982642417422
-0.788673431643
-1.67964200919
-0.971759915477
-2.10053018104
0.968214344477
0.0284031736748
-0.616309453957
0.0735747168109
-0.792903647677
-0.742726370233
-0.635707707952
-0.614450927639
0.742072280549
-0.496611976491
0.68920557044
