4
0
3
2
1
136
-0.815485802687
-18.2650516472
-2.92374125144
-29.5605865291
0.609441016146
-1.33724137611
-19.4899382285
-2.90126183019
-29.7047365918
-0.999872372756
0.754413048404
-0.809763423848
-0.684677728661
0.562391595517
-40.6127831737
-8.84950007242
-8.37623204457
-64.5283540255
-0.13944076929
-0.0745259989056
0.688250861069
0.585179919123
0.530351784321
-0.202286945309
-4.8005227891
-4.10610882687
-0.260784582921
-2.22860621213
-1.35338906946
-0.451721960119
-0.189158269744
-0.949063906922
0.53394364702
-61.8711191549
0.213506590056
-28.1742888943
0.301400689657
-0.739974870194
-1.9813760673
-1.94213307047
-2.28998229105
-0.7733787248
-0.843156797402
-0.0556579866153
-1.53522798475
-0.0211130156287
-0.850443385571
0.344615180061
-0.262860848293
-0.62916320463
-0.989195569973
-0.522624269914
0.901421064186
-0.533691562302
0.805882634578
-0.478778348563
-0.689011256193
-0.846228737968
-2.77032224464
-0.924092725043
0.103709344515
-0.431112178885
-0.245377415602
0.988794715144
0.480329211181
-0.114328039909
0.408717423929
-0.833332728795
0.0811891650167
-0.272347864334
0.936969249033
0.00161955702589
-0.446527506816
-0.374753515787
0.954820088541
-0.0990014294724
-0.0448763545339
-1.13307037546
0.393657325468
-0.959340351495
-0.450181189052
0.0599542401647
-1.74552433127
-0.196811798126
-0.615199753344
0.839200810418
-0.588906976457
0.36004666394
-0.911038904499
0.648681207503
0.107323226761
-1.64945782663
0.746959265214
0.268498324039
-0.730795488679
0.0284666998735
0.857381106424
-0.96696151283
-0.385556145663
0.509998993141
0.937917900707
0.399706784257
-0.721469932054
-0.00929741009032
0.488274111631
-0.518752095321
0.297410820044
-0.258511718344
-1.74435297194
0.0924938952705
-3.07046398516
-0.473431949302
0.392974868774
-1.58673888794
-0.493839777255
-2.13823965696
-0.0729624821728
0.700882693596
-0.348166154628
0.546672726401
0.982642417422
-1.88530329485
-2.39000120754
-1.68211912905
-3.49352706117
0.968214344477
0.0284031736748
-0.616309453957
0.0735747168109
-0.792903647677
-0.742726370233
-0.710466070418
-0.614450927639
0.704684949738
-0.496611976491
0.68920557044
