4
0
3
2
1
136
-0.969967642075
-20.3586871022
-3.17172525678
-32.8372276492
0.609441016146
-1.4917232155
-21.5835736835
-3.14924583552
-32.9813777118
-0.999872372756
0.754413048404
-0.809763423848
-0.684677728661
0.562391595517
-44.9464053003
-9.76012986246
-9.28686183461
-71.5003633569
-0.13944076929
-0.0745259989056
0.688250861069
0.585179919123
0.530351784321
-0.202286945309
-5.26803361881
-4.48011749064
-0.305503010112
-2.37089211683
-1.49567497416
-0.594007864818
-0.189158269744
-0.949063906922
0.53394364702
-68.7008425815
0.213506590056
-31.1663582049
0.301400689657
-0.739974870194
-2.123661972
-2.08441897517
-2.43226819575
-0.7733787248
-0.908104723902
-0.0677399302631
-1.6610954072
-0.0211130156287
-0.850443385571
0.279667040044
-0.274942825766
-0.755031008882
-0.989195569973
-0.522624269914
0.901421064186
-0.533691562302
0.805882634578
-0.53564488583
-0.689011256193
-0.846228737968
-2.98796908034
-0.924092725043
0.103709344515
-0.431112178885
-0.245377415602
0.988794715144
0.480329211181
-0.134641018869
0.396749701614
-0.833332728795
0.0811891650167
-0.272347864334
0.936969249033
0.00161955702589
-0.446527506816
-0.374753515787
0.954820088541
-0.180111520768
-0.0649672439652
-1.25081070224
0.393657325468
-0.959340351495
-0.531291677004
0.0398632447604
-1.86326505202
-0.196811798126
-0.615199753344
0.839200810418
-0.588906976457
0.36004666394
-0.996172636529
0.648681207503
0.107323226761
-1.81747849374
0.746959265214
0.268498324039
-0.730795488679
0.0284666998735
0.857381106424
-0.96696151283
-0.38961831259
0.505944330268
0.937917900707
0.399706784257
-0.721469932054
-0.00929741009032
0.488274111631
-0.518752095321
0.297410820044
-0.335752632889
-2.07770812239
0.0802979615547
-3.46886387291
-0.473431949302
0.315733954164
-1.92009404087
-0.506035710983
-2.53663954917
-0.0729624821728
0.700882693596
-0.348166154628
0.546672726401
0.982642417422
-2.24305027642
-2.62172396353
-1.91384188505
-3.94851168315
0.968214344477
0.0284031736748
-0.616309453957
0.0735747168109
-0.792903647677
-0.742726370233
-0.734857818718
-0.614450927639
0.692489015092
-0.496611976491
0.68920557044
