4
0
3
2
1
136
0.169652484555
-4.91383538486
-1.3423350535
-8.66528496037
0.609441016146
-0.352103088865
-6.13872196618
-1.31985563224
-8.80943502301
-0.999872372756
0.754413048404
-0.809763423848
-0.684677728661
0.562391595517
-12.9770617435
-3.04236911628
-2.56910108843
-20.0675076336
-0.13944076929
-0.0745259989056
0.688250861069
0.585179919123
0.530351784321
-0.202286945309
-1.81918323567
-1.72103718411
0.0243870265419
-1.3212420002
-0.446024857531
0.455642251814
-0.189158269744
-0.949063906922
0.53394364702
-18.317636975
0.213506590056
-9.09371574973
0.301400689657
-0.739974870194
-1.07401185537
-1.03476885853
-1.38261807912
-0.7733787248
-0.43534788752
0.020026330164
-0.742938828806
-0.0211130156287
-0.850443385571
0.752442439171
-0.187175536329
0.163154110672
-0.989195569973
-0.522624269914
0.901421064186
-0.533691562302
0.805882634578
-0.120340513997
-0.689011256193
-0.846228737968
-1.40791188525
-0.924092725043
0.103709344515
-0.431112178885
-0.245377415602
0.988794715144
0.480329211181
0.0136677198319
0.482470038911
-0.833332728795
0.0811891650167
-0.272347864334
0.936969249033
0.00161955702589
-0.446527506816
-0.374753515787
0.954820088541
0.409281063497
0.0802136449438
-0.391952077737
0.393657325468
-0.959340351495
0.05812759495
0.185050148477
-1.00437683547
-0.196811798126
-0.615199753344
0.839200810418
-0.588906976457
0.36004666394
-0.375406854972
0.648681207503
0.107323226761
-0.603761583478
0.746959265214
0.268498324039
-0.730795488679
0.0284666998735
0.857381106424
-0.96696151283
-0.359804129667
0.53509860016
0.937917900707
0.399706784257
-0.721469932054
-0.00929741009032
0.488274111631
-0.518752095321
0.297410820044
0.22146865674
0.336529815509
0.168427561139
-0.576312412815
-0.473431949302
0.873069107816
0.494533753506
-0.417889142202
0.356316941711
-0.0729624821728
0.700882693596
-0.348166154628
0.546672726401
0.982642417422
0.355020245952
-0.930423074868
-0.22248543166
-0.653976643978
0.968214344477
0.0284031736748
-0.616309453957
0.0735747168109
-0.792903647677
-0.742726370233
-0.558246899773
-0.614450927639
0.781107129447
-0.496611976491
0.68920557044
