4
0
3
2
1
136
-0.40015757876
-12.6362612436
-2.25703015514
-20.7512563048
0.609441016146
-0.92191315218
-13.8611478249
-2.23455073388
-20.8954063674
-0.999872372756
0.754413048404
-0.809763423848
-0.684677728661
0.562391595517
-28.9617335219
-6.40124948937
-5.92798146152
-45.7839354952
-0.13944076929
-0.0745259989056
0.688250861069
0.585179919123
0.530351784321
-0.202286945309
-3.54360842724
-3.10057733738
-0.140557991785
-1.84606705851
-0.970849915846
-0.0691828065018
-0.189158269744
-0.949063906922
0.53394364702
-43.5092397783
0.213506590056
-20.1300369773
0.301400689657
-0.739974870194
-1.59883691369
-1.55959391685
-1.90744313743
-0.7733787248
-0.669011600737
-0.023366117417
-1.19763474435
-0.0211130156287
-0.850443385571
0.518762176632
-0.23056880208
-0.291566913804
-0.989195569973
-0.522624269914
0.901421064186
-0.533691562302
0.805882634578
-0.326179698365
-0.689011256193
-0.846228737968
-2.18835687375
-0.924092725043
0.103709344515
-0.431112178885
-0.245377415602
0.988794715144
0.480329211181
-0.0598110002758
0.440540065708
-0.833332728795
0.0811891650167
-0.272347864334
0.936969249033
0.00161955702589
-0.446527506816
-0.374753515787
0.954820088541
0.118322450253
0.0087900656894
-0.817272108335
0.393657325468
-0.959340351495
-0.232854389708
0.113621306135
-1.42972294259
-0.196811798126
-0.615199753344
0.839200810418
-0.588906976457
0.36004666394
-0.682798318014
0.648681207503
0.107323226761
-1.20118544681
0.746959265214
0.268498324039
-0.730795488679
0.0284666998735
0.857381106424
-0.96696151283
-0.374648680754
0.520840648761
0.937917900707
0.399706784257
-0.721469932054
-0.00929741009032
0.488274111631
-0.518752095321
0.297410820044
-0.0508497373338
-0.848156185136
0.125282442364
-1.99939629159
-0.473431949302
0.600636876542
-0.690541805092
-0.46105122382
-1.0671716148
-0.0729624821728
0.700882693596
-0.348166154628
0.546672726401
0.982642417422
-0.923528227441
-1.76701047016
-1.05912838561
-2.27159640911
0.968214344477
0.0284031736748
-0.616309453957
0.0735747168109
-0.792903647677
-0.742726370233
-0.644897178916
-0.614450927639
0.737473946813
-0.496611976491
0.68920557044
