4
0
3
2
1
136
-0.0481415840898
-7.86551815752
-1.6919518479
-13.2848117853
0.609441016146
-0.56989715751
-9.09040473883
-1.66947242664
-13.428961848
-0.999872372756
0.754413048404
-0.809763423848
-0.684677728661
0.562391595517
-19.0867585122
-4.32620783666
-3.85293980881
-29.8968978385
-0.13944076929
-0.0745259989056
0.688250861069
0.585179919123
0.530351784321
-0.202286945309
-2.47829686445
-2.24832808713
-0.0386586249075
-1.52184180027
-0.646624657598
0.255042451747
-0.189158269744
-0.949063906922
0.53394364702
-27.9464273798
0.213506590056
-13.3120429745
0.301400689657
-0.739974870194
-1.27461165544
-1.2353686586
-1.58321787919
-0.7733787248
-0.523150753878
0.0036278163037
-0.914367375588
-0.0211130156287
-0.850443385571
0.664629278342
-0.203574498579
-0.00828973961656
-0.989195569973
-0.522624269914
0.901421064186
-0.533691562302
0.805882634578
-0.197985825949
-0.689011256193
-0.846228737968
-1.7020965591
-0.924092725043
0.103709344515
-0.431112178885
-0.245377415602
0.988794715144
0.480329211181
-0.0140176174294
0.466811024944
-0.833332728795
0.0811891650167
-0.272347864334
0.936969249033
0.00161955702589
-0.446527506816
-0.374753515787
0.954820088541
0.300060234777
0.0534673083043
-0.55228608565
0.393657325468
-0.959340351495
-0.0511075014652
0.158300518887
-1.16472680494
-0.196811798126
-0.615199753344
0.839200810418
-0.588906976457
0.36004666394
-0.491324415136
0.648681207503
0.107323226761
-0.828216603302
0.746959265214
0.268498324039
-0.730795488679
0.0284666998735
0.857381106424
-0.96696151283
-0.365446775265
0.529817162322
0.937917900707
0.399706784257
-0.721469932054
-0.00929741009032
0.488274111631
-0.518752095321
0.297410820044
0.12467890565
-0.091198604978
0.152976670568
-1.09425782665
-0.473431949302
0.776171475407
0.0664429850331
-0.433355845359
-0.16200492194
-0.0729624821728
0.700882693596
-0.348166154628
0.546672726401
0.982642417422
-0.110699701216
-1.23951367878
-0.531629608442
-1.2426260771
0.968214344477
0.0284031736748
-0.616309453957
0.0735747168109
-0.792903647677
-0.742726370233
-0.589654173593
-0.614450927639
0.765226690127
-0.496611976491
0.68920557044
