4
0
3
2
1
136
-0.346975306184
-11.9155014967
-2.17165861232
-19.6232323126
0.609441016146
-0.868730879604
-13.1403880781
-2.14917919106
-19.7673823753
-0.999872372756
0.754413048404
-0.809763423848
-0.684677728661
0.562391595517
-27.4698308226
-6.08775398788
-5.61448596003
-43.3837355615
-0.13944076929
-0.0745259989056
0.688250861069
0.585179919123
0.530351784321
-0.202286945309
-3.38266207603
-2.9718202564
-0.125163123408
-1.7970833864
-0.921866243737
-0.0201991343922
-0.189158269744
-0.949063906922
0.53394364702
-41.1580235166
0.213506590056
-19.0999803294
0.301400689657
-0.739974870194
-1.54985324158
-1.51061024474
-1.85845946532
-0.7733787248
-0.646813951356
-0.0192596638313
-1.15457733729
-0.0211130156287
-0.850443385571
0.540960330802
-0.22646231077
-0.248508682757
-0.989195569973
-0.522624269914
0.901421064186
-0.533691562302
0.805882634578
-0.306704751775
-0.689011256193
-0.846228737968
-2.11433845424
-0.924092725043
0.103709344515
-0.431112178885
-0.245377415602
0.988794715144
0.480329211181
-0.0528527609289
0.444562364493
-0.833332728795
0.0811891650167
-0.272347864334
0.936969249033
0.00161955702589
-0.446527506816
-0.374753515787
0.954820088541
0.146000740038
0.0156064823213
-0.776993526181
0.393657325468
-0.959340351495
-0.205175330883
0.120437885643
-1.38944351598
-0.196811798126
-0.615199753344
0.839200810418
-0.588906976457
0.36004666394
-0.653695134025
0.648681207503
0.107323226761
-1.14429932536
0.746959265214
0.268498324039
-0.730795488679
0.0284666998735
0.857381106424
-0.96696151283
-0.373254712636
0.522216139733
0.937917900707
0.399706784257
-0.721469932054
-0.00929741009032
0.488274111631
-0.518752095321
0.297410820044
-0.0242611601725
-0.733425603114
0.12948041012
-1.86227434549
-0.473431949302
0.627225485881
-0.575810955568
-0.456853248398
-0.930049376095
-0.0729624821728
0.700882693596
-0.348166154628
0.546672726401
0.982642417422
-0.800398981752
-1.68723916545
-0.979357072915
-2.11540033132
0.968214344477
0.0284031736748
-0.616309453957
0.0735747168109
-0.792903647677
-0.742726370233
-0.636506603475
-0.614450927639
0.741672431663
-0.496611976491
0.68920557044
