4
0
3
2
1
136
-0.48372972138
-13.7688837028
-2.39118543671
-22.5238654353
0.609441016146
-1.0054852948
-14.9937702841
-2.36870601545
-22.6680154979
-0.999872372756
0.754413048404
-0.809763423848
-0.684677728661
0.562391595517
-31.3061520494
-6.89388527742
-6.42061724957
-49.5556782483
-0.13944076929
-0.0745259989056
0.688250861069
0.585179919123
0.530351784321
-0.202286945309
-3.79652412201
-3.30290989319
-0.164749927806
-1.9230414004
-1.04782425773
-0.146157148388
-0.189158269744
-0.949063906922
0.53394364702
-47.2040081894
0.213506590056
-21.748697424
0.301400689657
-0.739974870194
-1.67581125557
-1.63656825874
-1.98441747932
-0.7733787248
-0.703959127567
-0.0298347061929
-1.26540572154
-0.0211130156287
-0.850443385571
0.483814035506
-0.237037441265
-0.359338908343
-0.989195569973
-0.522624269914
0.901421064186
-0.533691562302
0.805882634578
-0.356825871248
-0.689011256193
-0.846228737968
-2.30495502487
-0.924092725043
0.103709344515
-0.431112178885
-0.245377415602
0.988794715144
0.480329211181
-0.0707605063745
0.434190462015
-0.833332728795
0.0811891650167
-0.272347864334
0.936969249033
0.00161955702589
-0.446527506816
-0.374753515787
0.954820088541
0.0747338188014
-0.00195331671216
-0.880668750214
0.393657325468
-0.959340351495
-0.276443976275
0.102877720479
-1.4931206256
-0.196811798126
-0.615199753344
0.839200810418
-0.588906976457
0.36004666394
-0.728607711653
0.648681207503
0.107323226761
-1.29086194231
0.746959265214
0.268498324039
-0.730795488679
0.0284666998735
0.857381106424
-0.96696151283
-0.376840884756
0.518670985044
0.937917900707
0.399706784257
-0.721469932054
-0.00929741009032
0.488274111631
-0.518752095321
0.297410820044
-0.092634303592
-1.0284731835
0.118685014827
-2.21490002279
-0.473431949302
0.558852291381
-0.870858989629
-0.46764865588
-1.28267555661
-0.0729624821728
0.700882693596
-0.348166154628
0.546672726401
0.982642417422
-1.11704133527
-1.89236752346
-1.18448544331
-2.5172242152
0.968214344477
0.0284031736748
-0.616309453957
0.0735747168109
-0.792903647677
-0.742726370233
-0.658087465383
-0.614450927639
0.730876202816
-0.496611976491
0.68920557044
