4
0
3
2
1
136
0.230432224642
-4.09010995994
-1.24476757599
-7.37611468363
0.609441016146
-0.291323348778
-5.31499654125
-1.22228815473
-7.52026474628
-0.999872372756
0.754413048404
-0.809763423848
-0.684677728661
0.562391595517
-11.2720300872
-2.68408854315
-2.2108205153
-17.324421995
-0.13944076929
-0.0745259989056
0.688250861069
0.585179919123
0.530351784321
-0.202286945309
-1.63524454857
-1.57388623443
0.0419811618301
-1.26526066065
-0.390043517979
0.511623591365
-0.189158269744
-0.949063906922
0.53394364702
-15.630532676
0.213506590056
-7.91650815212
0.301400689657
-0.739974870194
-1.01803051582
-0.978787518983
-1.32663673957
-0.7733787248
-0.411491454004
0.0245437513372
-0.696082907271
-0.0211130156287
-0.850443385571
0.776303316745
-0.182657943408
0.210016500978
-0.989195569973
-0.522624269914
0.901421064186
-0.533691562302
0.805882634578
-0.0991231810499
-0.689011256193
-0.846228737968
-1.32728685121
-0.924092725043
0.103709344515
-0.431112178885
-0.245377415602
0.988794715144
0.480329211181
0.0212124216484
0.486718505221
-0.833332728795
0.0811891650167
-0.272347864334
0.936969249033
0.00161955702589
-0.446527506816
-0.374753515787
0.954820088541
0.438933309051
0.0874549248079
-0.348144005894
0.393657325468
-0.959340351495
0.0877858952531
0.192292877432
-0.960561986707
-0.196811798126
-0.615199753344
0.839200810418
-0.588906976457
0.36004666394
-0.343719127332
0.648681207503
0.107323226761
-0.542492199676
0.746959265214
0.268498324039
-0.730795488679
0.0284666998735
0.857381106424
-0.96696151283
-0.358241579493
0.536506466178
0.937917900707
0.399706784257
-0.721469932054
-0.00929741009032
0.488274111631
-0.518752095321
0.297410820044
0.239585146849
0.427452300959
0.171617003516
-0.461714957041
-0.473431949302
0.891248302749
0.58567776381
-0.414690505993
0.471147909225
-0.0729624821728
0.700882693596
-0.348166154628
0.546672726401
0.982642417422
0.457833683097
-0.860133663037
-0.152152892476
-0.521179419949
0.968214344477
0.0284031736748
-0.616309453957
0.0735747168109
-0.792903647677
-0.742726370233
-0.551046780618
-0.614450927639
0.784374935062
-0.496611976491
0.68920557044
