4
0
3
2
1
136
-0.698991300854
-16.6862445828
-2.73673691955
-27.0896768321
0.609441016146
-1.22074687427
-17.9111311641
-2.71425749829
-27.2338268947
-0.999872372756
0.754413048404
-0.809763423848
-0.684677728661
0.562391595517
-37.3448058324
-8.16279564059
-7.68952761274
-59.2707732182
-0.13944076929
-0.0745259989056
0.688250861069
0.585179919123
0.530351784321
-0.202286945309
-4.44797363882
-3.82406950664
-0.227062490286
-2.12130864465
-1.24609150199
-0.344424392641
-0.189158269744
-0.949063906922
0.53394364702
-56.7208359151
0.213506590056
-25.9179743322
0.301400689657
-0.739974870194
-1.87407849983
-1.83483550299
-2.18268472357
-0.7733787248
-0.794220179428
-0.0465681365151
-1.440381626
-0.0211130156287
-0.850443385571
0.393552061463
-0.253770964041
-0.534316383121
-0.989195569973
-0.522624269914
0.901421064186
-0.533691562302
0.805882634578
-0.435919342925
-0.689011256193
-0.846228737968
-2.60653904606
-0.924092725043
0.103709344515
-0.431112178885
-0.245377415602
0.988794715144
0.480329211181
-0.0990175963489
0.41770296629
-0.833332728795
0.0811891650167
-0.272347864334
0.936969249033
0.00161955702589
-0.446527506816
-0.374753515787
0.954820088541
-0.0379043303763
-0.0297636630558
-1.04434813429
0.393657325468
-0.959340351495
-0.389083629291
0.0750670425177
-1.6568016155
-0.196811798126
-0.615199753344
0.839200810418
-0.588906976457
0.36004666394
-0.846901467028
0.648681207503
0.107323226761
-1.52314061084
0.746959265214
0.268498324039
-0.730795488679
0.0284666998735
0.857381106424
-0.96696151283
-0.382494135511
0.513051505433
0.937917900707
0.399706784257
-0.721469932054
-0.00929741009032
0.488274111631
-0.518752095321
0.297410820044
-0.200264491213
-1.49297123212
0.10169082458
-2.77003237141
-0.473431949302
0.451222096204
-1.33535714067
-0.484642847885
-1.83780803188
-0.0729624821728
0.700882693596
-0.348166154628
0.546672726401
0.982642417422
-1.61552777133
-2.21525946966
-1.50737739111
-3.15054458404
0.968214344477
0.0284031736748
-0.616309453957
0.0735747168109
-0.792903647677
-0.742726370233
-0.692072534094
-0.614450927639
0.713881883781
-0.496611976491
0.68920557044
