4
0
3
2
1
136
-0.886395499456
-19.226064643
-3.0375699752
-31.0646185187
0.609441016146
-1.40815107288
-20.4509512243
-3.01509055394
-31.2087685813
-0.999872372756
0.754413048404
-0.809763423848
-0.684677728661
0.562391595517
-42.6019867728
-9.2674940744
-8.79422604655
-67.7286206039
-0.13944076929
-0.0745259989056
0.688250861069
0.585179919123
0.530351784321
-0.202286945309
-5.01511792405
-4.27778493483
-0.281311074091
-2.29391777494
-1.41870063228
-0.517033522932
-0.189158269744
-0.949063906922
0.53394364702
-65.0060741704
0.213506590056
-29.5476977582
0.301400689657
-0.739974870194
-2.04668763012
-2.00744463328
-2.35529385386
-0.7733787248
-0.872962929441
-0.0612002360689
-1.59299276588
-0.0211130156287
-0.850443385571
0.314808935072
-0.26840311466
-0.686928186913
-0.989195569973
-0.522624269914
0.901421064186
-0.533691562302
0.805882634578
-0.504877536657
-0.689011256193
-0.846228737968
-2.87016822671
-0.924092725043
0.103709344515
-0.431112178885
-0.245377415602
0.988794715144
0.480329211181
-0.123650956929
0.403230702088
-0.833332728795
0.0811891650167
-0.272347864334
0.936969249033
0.00161955702589
-0.446527506816
-0.374753515787
0.954820088541
-0.136221875036
-0.0540920262292
-1.18710531996
0.393657325468
-0.959340351495
-0.487401840831
0.0507385151715
-1.79955948289
-0.196811798126
-0.615199753344
0.839200810418
-0.588906976457
0.36004666394
-0.95010691635
0.648681207503
0.107323226761
-1.72651606953
0.746959265214
0.268498324039
-0.730795488679
0.0284666998735
0.857381106424
-0.96696151283
-0.387420554334
0.508138588536
0.937917900707
0.399706784257
-0.721469932054
-0.00929741009032
0.488274111631
-0.518752095321
0.297410820044
-0.293966563077
-1.89736837653
0.0868957620201
-3.25333595865
-0.473431949302
0.357520023996
-1.73975429414
-0.499437910514
-2.32111163325
-0.0729624821728
0.700882693596
-0.348166154628
0.546672726401
0.982642417422
-2.04951494346
-2.49636575049
-1.78848367201
-3.70235380866
0.968214344477
0.0284031736748
-0.616309453957
0.0735747168109
-0.792903647677
-0.742726370233
-0.721662260535
-0.614450927639
0.699086815815
-0.496611976491
0.68920557044
