4
0
3
2
1
136
-0.0861289216441
-8.3803465481
-1.75293152134
-14.0905432083
0.609441016146
-0.607884495064
-9.60523312941
-1.73045210009
-14.2346932709
-0.999872372756
0.754413048404
-0.809763423848
-0.684677728661
0.562391595517
-20.1524032974
-4.55013319487
-4.07686516702
-31.6113263626
-0.13944076929
-0.0745259989056
0.688250861069
0.585179919123
0.530351784321
-0.202286945309
-2.59325854389
-2.34029743069
-0.0496549594627
-1.55683013749
-0.681612994819
0.220054114526
-0.189158269744
-0.949063906922
0.53394364702
-29.6258675667
0.213506590056
-14.047797723
0.301400689657
-0.739974870194
-1.30959999266
-1.27035699582
-1.61820621641
-0.7733787248
-0.53872548833
0.000739524597343
-0.944670840055
-0.0211130156287
-0.850443385571
0.649053419762
-0.206462847095
-0.0385949208734
-0.989195569973
-0.522624269914
0.901421064186
-0.533691562302
0.805882634578
-0.211707953508
-0.689011256193
-0.846228737968
-1.75406059805
-0.924092725043
0.103709344515
-0.431112178885
-0.245377415602
0.988794715144
0.480329211181
-0.018917099219
0.464023458651
-0.833332728795
0.0811891650167
-0.272347864334
0.936969249033
0.00161955702589
-0.446527506816
-0.374753515787
0.954820088541
0.28067144424
0.0487101478721
-0.580632974087
0.393657325468
-0.959340351495
-0.0704978856893
0.153543005157
-1.19307547331
-0.196811798126
-0.615199753344
0.839200810418
-0.588906976457
0.36004666394
-0.511810895477
0.648681207503
0.107323226761
-0.867976993979
0.746959265214
0.268498324039
-0.730795488679
0.0284666998735
0.857381106424
-0.96696151283
-0.366436124283
0.528867821737
0.937917900707
0.399706784257
-0.721469932054
-0.00929741009032
0.488274111631
-0.518752095321
0.297410820044
0.105904024806
-0.172116563088
0.150019151702
-1.19115329601
-0.473431949302
0.757393901229
-0.0144860627542
-0.436313854067
-0.258911846732
-0.0729624821728
0.700882693596
-0.348166154628
0.546672726401
0.982642417422
-0.197736843696
-1.29624235622
-0.588359233028
-1.35249785426
0.968214344477
0.0284031736748
-0.616309453957
0.0735747168109
-0.792903647677
-0.742726370233
-0.595537357845
-0.614450927639
0.762246279157
-0.496611976491
0.68920557044
