4
0
3
2
1
136
-1.06873471972
-21.6972409177
-3.33027240773
-34.9321293489
0.609441016146
-1.59049029314
-22.9221274991
-3.30779298647
-35.0762794115
-0.999872372756
0.754413048404
-0.809763423848
-0.684677728661
0.562391595517
-47.7170817419
-10.3423357938
-9.86906776594
-75.9578775196
-0.13944076929
-0.0745259989056
0.688250861069
0.585179919123
0.530351784321
-0.202286945309
-5.56693398535
-4.71923778388
-0.334093479956
-2.46186179361
-1.58664465094
-0.684977541593
-0.189158269744
-0.949063906922
0.53394364702
-73.0673870674
0.213506590056
-33.079320551
0.301400689657
-0.739974870194
-2.21463164878
-2.17538865194
-2.52323787252
-0.7733787248
-0.949649666996
-0.0754780673449
-1.74160399625
-0.0211130156287
-0.850443385571
0.23812201122
-0.282680979381
-0.835539753065
-0.989195569973
-0.522624269914
0.901421064186
-0.533691562302
0.805882634578
-0.57201398488
-0.689011256193
-0.846228737968
-3.12733907438
-0.924092725043
0.103709344515
-0.431112178885
-0.245377415602
0.988794715144
0.480329211181
-0.147631580737
0.389072605038
-0.833332728795
0.0811891650167
-0.272347864334
0.936969249033
0.00161955702589
-0.446527506816
-0.374753515787
0.954820088541
-0.232005723828
-0.0778367434719
-1.32612123422
0.393657325468
-0.959340351495
-0.583186049915
0.0269936938677
-1.93857574558
-0.196811798126
-0.615199753344
0.839200810418
-0.588906976457
0.36004666394
-1.05063799145
0.648681207503
0.107323226761
-1.92515729719
0.746959265214
0.268498324039
-0.730795488679
0.0284666998735
0.857381106424
-0.96696151283
-0.392216111621
0.503349433957
0.937917900707
0.399706784257
-0.721469932054
-0.00929741009032
0.488274111631
-0.518752095321
0.297410820044
-0.385136171196
-2.29083701127
0.0725005607717
-3.72357883549
-0.473431949302
0.266350415851
-2.13322293015
-0.513833111767
-2.79135451264
-0.0729624821728
0.700882693596
-0.348166154628
0.546672726401
0.982642417422
-2.47177395963
-2.76987457969
-2.06199250121
-4.2394698206
0.968214344477
0.0284031736748
-0.616309453957
0.0735747168109
-0.792903647677
-0.742726370233
-0.750452599298
-0.614450927639
0.684691614228
-0.496611976491
0.68920557044
