4
0
3
2
1
136
0.48368114167
-0.657920698208
-0.838236423692
-2.00457186478
0.609441016146
-0.0380744317503
-1.88280727922
-0.815757002419
-2.14872192737
-0.999872372756
0.754413048404
-0.809763423848
-0.684677728661
0.562391595517
-4.16773153171
-1.19125282226
-0.717984794404
-5.89490069596
-0.13944076929
-0.0745259989056
0.688250861069
0.585179919123
0.530351784321
-0.202286945309
-0.868833352972
-0.960757321959
0.115290058864
-1.03200581694
-0.156788672552
0.744878438507
-0.189158269744
-0.949063906922
0.53394364702
-4.43426598338
0.213506590056
-3.01147649558
0.301400689657
-0.739974870194
-0.784775666966
-0.745532668424
-1.0933818873
-0.7733787248
-0.317270275106
0.0429935382224
-0.508570757718
-0.0211130156287
-0.850443385571
0.8705533861
-0.164207146413
0.397570024364
-0.989195569973
-0.522624269914
0.901421064186
-0.533691562302
0.805882634578
-0.0144180229667
-0.689011256193
-0.846228737968
-1.00180056222
-0.924092725043
0.103709344515
-0.431112178885
-0.245377415602
0.988794715144
0.480329211181
0.0511193158426
0.503628517502
-0.833332728795
0.0811891650167
-0.272347864334
0.936969249033
0.00161955702589
-0.446527506816
-0.374753515787
0.954820088541
0.555994736754
0.115883626232
-0.17297812391
0.393657325468
-0.959340351495
0.204886027259
0.220731172335
-0.785352721258
-0.196811798126
-0.615199753344
0.839200810418
-0.588906976457
0.36004666394
-0.216979287358
0.648681207503
0.107323226761
-0.296830406122
0.746959265214
0.268498324039
-0.730795488679
0.0284666998735
0.857381106424
-0.96696151283
-0.351822094023
0.5419039993
0.937917900707
0.399706784257
-0.721469932054
-0.00929741009032
0.488274111631
-0.518752095321
0.297410820044
0.27395290499
0.641448815462
0.178967098446
-0.165627085857
-0.473431949302
0.925739934734
0.800272810986
-0.407316899172
0.767896559258
-0.0729624821728
0.700882693596
-0.348166154628
0.546672726401
0.982642417422
0.718696438027
-0.681286095275
0.0268356307472
-0.157672374772
0.968214344477
0.0284031736748
-0.616309453957
0.0735747168109
-0.792903647677
-0.742726370233
-0.530428747471
-0.614450927639
0.790939673428
-0.496611976491
0.68920557044
