4
0
3
2
1
136
-0.255805696053
-10.6799133593
-2.02530739605
-17.6894768975
0.609441016146
-0.777561269474
-11.9047999407
-2.0028279748
-17.8336269602
-0.999872372756
0.754413048404
-0.809763423848
-0.684677728661
0.562391595517
-24.9122833381
-5.55033312819
-5.07706510034
-39.2691071036
-0.13944076929
-0.0745259989056
0.688250861069
0.585179919123
0.530351784321
-0.202286945309
-3.10675404538
-2.75109383188
-0.0987719204756
-1.71311137707
-0.837894234406
0.0637728749384
-0.189158269744
-0.949063906922
0.53394364702
-37.1273670681
0.213506590056
-17.334168933
0.301400689657
-0.739974870194
-1.46588123225
-1.42663823541
-1.77448745599
-0.7733787248
-0.608860697308
-0.0122405444465
-1.08092931226
-0.0211130156287
-0.850443385571
0.578914724077
-0.219443114308
-0.174858828012
-0.989195569973
-0.522624269914
0.901421064186
-0.533691562302
0.805882634578
-0.273384977618
-0.689011256193
-0.846228737968
-1.98783579316
-0.924092725043
0.103709344515
-0.431112178885
-0.245377415602
0.988794715144
0.480329211181
-0.0409481747774
0.451419489758
-0.833332728795
0.0811891650167
-0.272347864334
0.936969249033
0.00161955702589
-0.446527506816
-0.374753515787
0.954820088541
0.193308846352
0.0272472181688
-0.708098045904
0.393657325468
-0.959340351495
-0.157865523813
0.13207898263
-1.32054615648
-0.196811798126
-0.615199753344
0.839200810418
-0.588906976457
0.36004666394
-0.603915835597
0.648681207503
0.107323226761
-1.04716054865
0.746959265214
0.268498324039
-0.730795488679
0.0284666998735
0.857381106424
-0.96696151283
-0.370867505848
0.524561844608
0.937917900707
0.399706784257
-0.721469932054
-0.00929741009032
0.488274111631
-0.518752095321
0.297410820044
0.0213097701153
-0.536821377509
0.136674676814
-1.62728518324
-0.473431949302
0.672796590905
-0.37920553758
-0.449658941336
-0.695058945142
-0.0729624821728
0.700882693596
-0.348166154628
0.546672726401
0.982642417422
-0.589389862268
-1.55049718978
-0.84261505009
-1.84793646875
0.968214344477
0.0284031736748
-0.616309453957
0.0735747168109
-0.792903647677
-0.742726370233
-0.622135688285
-0.614450927639
0.748869264216
-0.496611976491
0.68920557044
