4
0
3
2
1
136
-0.443209894655
-13.2197334195
-2.3261404517
-21.6644185841
0.609441016146
-0.964965468075
-14.4446200009
-2.30366103045
-21.8085686468
-0.999872372756
0.754413048404
-0.809763423848
-0.684677728661
0.562391595517
-30.1694642785
-6.655031562
-6.18176353415
-47.7269544892
-0.13944076929
-0.0745259989056
0.688250861069
0.585179919123
0.530351784321
-0.202286945309
-3.67389833061
-3.20480926007
-0.153020504281
-1.88572050736
-1.0105033647
-0.108836255352
-0.189158269744
-0.949063906922
0.53394364702
-45.4126053234
0.213506590056
-20.9638923589
0.301400689657
-0.739974870194
-1.63849036254
-1.5992473657
-1.94709658628
-0.7733787248
-0.687006016555
-0.0266961724325
-1.23253221046
-0.0211130156287
-0.850443385571
0.500767420238
-0.233898884309
-0.326464941709
-0.989195569973
-0.522624269914
0.901421064186
-0.533691562302
0.805882634578
-0.341961382971
-0.689011256193
-0.846228737968
-2.24838225772
-0.924092725043
0.103709344515
-0.431112178885
-0.245377415602
0.988794715144
0.480329211181
-0.0654496399989
0.437273208307
-0.833332728795
0.0811891650167
-0.272347864334
0.936969249033
0.00161955702589
-0.446527506816
-0.374753515787
0.954820088541
0.095880566133
0.00326008817373
-0.849917172231
0.393657325468
-0.959340351495
-0.255296800241
0.108091216851
-1.4623685816
-0.196811798126
-0.615199753344
0.839200810418
-0.588906976457
0.36004666394
-0.706386681236
0.648681207503
0.107323226761
-1.24734170597
0.746959265214
0.268498324039
-0.730795488679
0.0284666998735
0.857381106424
-0.96696151283
-0.375777766071
0.519724054874
0.937917900707
0.399706784257
-0.721469932054
-0.00929741009032
0.488274111631
-0.518752095321
0.297410820044
-0.072374896064
-0.941044129603
0.1218838234
-2.11041068303
-0.473431949302
0.57911170526
-0.783429868352
-0.46444984579
-1.17818613939
-0.0729624821728
0.700882693596
-0.348166154628
0.546672726401
0.982642417422
-1.02321431223
-1.83158816307
-1.12370608147
-2.39810861022
0.968214344477
0.0284031736748
-0.616309453957
0.0735747168109
-0.792903647677
-0.742726370233
-0.651691628062
-0.614450927639
0.734075119005
-0.496611976491
0.68920557044
