4
0
3
2
1
136
-0.952240217883
-20.1184338533
-3.14326807584
-32.4612196518
0.609441016146
-1.4739957913
-21.3433204346
-3.12078865458
-32.6053697144
-0.999872372756
0.754413048404
-0.809763423848
-0.684677728661
0.562391595517
-44.4491044005
-9.65563136196
-9.18236333411
-70.7002967123
-0.13944076929
-0.0745259989056
0.688250861069
0.585179919123
0.530351784321
-0.202286945309
-5.21438483507
-4.43719846365
-0.30037138732
-2.35456422613
-1.47934708346
-0.577679974115
-0.189158269744
-0.949063906922
0.53394364702
-67.9171038276
0.213506590056
-30.8230059889
0.301400689657
-0.739974870194
-2.1073340813
-2.06809108446
-2.41594030505
-0.7733787248
-0.900649393624
-0.0663520730038
-1.64664764829
-0.0211130156287
-0.850443385571
0.287122389189
-0.273554965164
-0.740583215972
-0.989195569973
-0.522624269914
0.901421064186
-0.533691562302
0.805882634578
-0.529117904906
-0.689011256193
-0.846228737968
-2.96297058397
-0.924092725043
0.103709344515
-0.431112178885
-0.245377415602
0.988794715144
0.480329211181
-0.132309619594
0.398125678866
-0.833332728795
0.0811891650167
-0.272347864334
0.936969249033
0.00161955702589
-0.446527506816
-0.374753515787
0.954820088541
-0.170799813519
-0.0626592131786
-1.23729579569
0.393657325468
-0.959340351495
-0.521979933413
0.0421712859314
-1.84975011023
-0.196811798126
-0.615199753344
0.839200810418
-0.588906976457
0.36004666394
-0.986399410644
0.648681207503
0.107323226761
-1.79817127544
0.746959265214
0.268498324039
-0.730795488679
0.0284666998735
0.857381106424
-0.96696151283
-0.389152088741
0.506409903809
0.937917900707
0.399706784257
-0.721469932054
-0.00929741009032
0.488274111631
-0.518752095321
0.297410820044
-0.326888920985
-2.03945422797
0.0816974950108
-3.42314581694
-0.473431949302
0.324597666071
-1.88184014632
-0.504636177526
-2.49092149294
-0.0729624821728
0.700882693596
-0.348166154628
0.546672726401
0.982642417422
-2.20199731724
-2.59513282736
-1.88725074887
-3.89629317368
0.968214344477
0.0284031736748
-0.616309453957
0.0735747168109
-0.792903647677
-0.742726370233
-0.732058758213
-0.614450927639
0.69388854858
-0.496611976491
0.68920557044
