4
0
3
2
1
136
-0.590094266532
-15.2104031964
-2.56192852235
-24.7799134196
0.609441016146
-1.11184983995
-16.4352897778
-2.53944910109
-24.9240634822
-0.999872372756
0.754413048404
-0.809763423848
-0.684677728661
0.562391595517
-34.289957448
-7.5208762804
-7.04760825255
-54.3560781158
-0.13944076929
-0.0745259989056
0.688250861069
0.585179919123
0.530351784321
-0.202286945309
-4.11841682443
-3.56042405513
-0.195539664561
-2.02100874462
-1.14579160195
-0.244124492607
-0.189158269744
-0.949063906922
0.53394364702
-51.9064407127
0.213506590056
-23.8088107198
0.301400689657
-0.739974870194
-1.77377859979
-1.73453560296
-2.08238482354
-0.7733787248
-0.748524186629
-0.0380914146864
-1.35180548036
-0.0211130156287
-0.850443385571
0.439248428655
-0.245294201138
-0.44573959212
-0.989195569973
-0.522624269914
0.901421064186
-0.533691562302
0.805882634578
-0.395885607769
-0.689011256193
-0.846228737968
-2.45377520591
-0.924092725043
0.103709344515
-0.431112178885
-0.245377415602
0.988794715144
0.480329211181
-0.084715498196
0.426065000922
-0.833332728795
0.0811891650167
-0.272347864334
0.936969249033
0.00161955702589
-0.446527506816
-0.374753515787
0.954820088541
0.0191300028456
-0.0156733411039
-0.961490869054
0.393657325468
-0.959340351495
-0.332048670991
0.0891575055491
-1.57394369013
-0.196811798126
-0.615199753344
0.839200810418
-0.588906976457
0.36004666394
-0.787014648731
0.648681207503
0.107323226761
-1.40542738904
0.746959265214
0.268498324039
-0.730795488679
0.0284666998735
0.857381106424
-0.96696151283
-0.379633280961
0.515898691505
0.937917900707
0.399706784257
-0.721469932054
-0.00929741009032
0.488274111631
-0.518752095321
0.297410820044
-0.145816082079
-1.25798627444
0.110287933987
-2.48919683353
-0.473431949302
0.505670506695
-1.10037215927
-0.476045738176
-1.55697246234
-0.0729624821728
0.700882693596
-0.348166154628
0.546672726401
0.982642417422
-1.36334870401
-2.05191398949
-1.34403191067
-2.83006737495
0.968214344477
0.0284031736748
-0.616309453957
0.0735747168109
-0.792903647677
-0.742726370233
-0.67487920422
-0.614450927639
0.722479015938
-0.496611976491
0.68920557044
