4
0
3
2
1
136
-0.121583770028
-8.86085304597
-1.80984588322
-14.8425592031
0.609441016146
-0.643339343448
-10.0857396273
-1.78736646197
-14.9867092657
-0.999872372756
0.754413048404
-0.809763423848
-0.684677728661
0.562391595517
-21.1470050969
-4.75913019586
-4.28586216801
-33.2114596518
-0.13944076929
-0.0745259989056
0.688250861069
0.585179919123
0.530351784321
-0.202286945309
-2.70055611137
-2.42613548467
-0.0599182050475
-1.58948591889
-0.714268776225
0.18739833312
-0.189158269744
-0.949063906922
0.53394364702
-31.1933450745
0.213506590056
-14.7345021549
0.301400689657
-0.739974870194
-1.34225577406
-1.30301277723
-1.65086199781
-0.7733787248
-0.553310676229
-0.00196252100857
-0.973031053316
-0.0211130156287
-0.850443385571
0.634467313474
-0.209164941168
-0.0669565475712
-0.989195569973
-0.522624269914
0.901421064186
-0.533691562302
0.805882634578
-0.224548463139
-0.689011256193
-0.846228737968
-1.80269703834
-0.924092725043
0.103709344515
-0.431112178885
-0.245377415602
0.988794715144
0.480329211181
-0.0235027177065
0.461409416692
-0.833332728795
0.0811891650167
-0.272347864334
0.936969249033
0.00161955702589
-0.446527506816
-0.374753515787
0.954820088541
0.262510574677
0.0442521508037
-0.607162576738
0.393657325468
-0.959340351495
-0.0886600663908
0.14908472017
-1.21960653898
-0.196811798126
-0.615199753344
0.839200810418
-0.588906976457
0.36004666394
-0.530982592475
0.648681207503
0.107323226761
-0.905215947716
0.746959265214
0.268498324039
-0.730795488679
0.0284666998735
0.857381106424
-0.96696151283
-0.367360546823
0.527976221957
0.937917900707
0.399706784257
-0.721469932054
-0.00929741009032
0.488274111631
-0.518752095321
0.297410820044
0.0882896278674
-0.248024246692
0.147242720484
-1.28198163587
-0.473431949302
0.739778095962
-0.0903999891942
-0.439090555453
-0.349746643154
-0.0729624821728
0.700882693596
-0.348166154628
0.546672726401
0.982642417422
-0.279311201538
-1.34929951645
-0.641416865139
-1.45555584227
0.968214344477
0.0284031736748
-0.616309453957
0.0735747168109
-0.792903647677
-0.742726370233
-0.601063197356
-0.614450927639
0.759456293201
-0.496611976491
0.68920557044
