4
0
3
2
1
136
0.503941055001
-0.38334564381
-0.805713953244
-1.57484845113
0.609441016146
-0.017814518417
-1.60823222182
-0.783234531879
-1.71899851306
-0.999872372756
0.754413048404
-0.809763423848
-0.684677728661
0.562391595517
-3.59938777052
-1.07182597083
-0.598557942883
-4.98054740078
-0.13944076929
-0.0745259989056
0.688250861069
0.585179919123
0.530351784321
-0.202286945309
-0.807520464379
-0.911707248582
0.121154770627
-1.01334669152
-0.138129544052
0.763537570077
-0.189158269744
-0.949063906922
0.53394364702
-3.53857088496
0.213506590056
-2.61907396487
0.301400689657
-0.739974870194
-0.766116532333
-0.726873530735
-1.07472274657
-0.7733787248
-0.310208871999
0.0444386888675
-0.494274932131
-0.0211130156287
-0.850443385571
0.877617884142
-0.162761891819
0.411870262015
-0.989195569973
-0.522624269914
0.901421064186
-0.533691562302
0.805882634578
-0.00798738668877
-0.689011256193
-0.846228737968
-0.97667585313
-0.924092725043
0.103709344515
-0.431112178885
-0.245377415602
0.988794715144
0.480329211181
0.0533674383088
0.504915933023
-0.833332728795
0.0811891650167
-0.272347864334
0.936969249033
0.00161955702589
-0.446527506816
-0.374753515787
0.954820088541
0.564769517835
0.117999396316
-0.159636799291
0.393657325468
-0.959340351495
0.213664913051
0.222847974414
-0.772006782871
-0.196811798126
-0.615199753344
0.839200810418
-0.588906976457
0.36004666394
-0.207328670541
0.648681207503
0.107323226761
-0.278014483685
0.746959265214
0.268498324039
-0.730795488679
0.0284666998735
0.857381106424
-0.96696151283
-0.351316788111
0.542296205562
0.937917900707
0.399706784257
-0.721469932054
-0.00929741009032
0.488274111631
-0.518752095321
0.297410820044
0.275275667946
0.651285625454
0.179303222201
-0.150384444903
-0.473431949302
0.927066024217
0.810131899832
-0.406979930341
0.78316573005
-0.0729624821728
0.700882693596
-0.348166154628
0.546672726401
0.982642417422
0.731792618728
-0.672446325631
0.035681375888
-0.137491059733
0.968214344477
0.0284031736748
-0.616309453957
0.0735747168109
-0.792903647677
-0.742726370233
-0.529250157137
-0.614450927639
0.791189436203
-0.496611976491
0.68920557044
