4
0
3
2
1
136
-1.03834484967
-21.2853782053
-3.28148866897
-34.2875442105
0.609441016146
-1.56010042309
-22.5102647866
-3.25900924772
-34.4316942732
-0.999872372756
0.754413048404
-0.809763423848
-0.684677728661
0.562391595517
-46.8645659137
-10.1631955072
-9.68992747938
-74.5863347003
-0.13944076929
-0.0745259989056
0.688250861069
0.585179919123
0.530351784321
-0.202286945309
-5.4749646418
-4.64566230903
-0.325296412311
-2.43387112383
-1.55865398116
-0.656986871816
-0.189158269744
-0.949063906922
0.53394364702
-71.7238349179
0.213506590056
-32.4907167522
0.301400689657
-0.739974870194
-2.186640979
-2.14739798216
-2.49524720275
-0.7733787248
-0.936865281694
-0.0730961053171
-1.71682984894
-0.0211130156287
-0.850443385571
0.250906419761
-0.280299012619
-0.810765563611
-0.989195569973
-0.522624269914
0.901421064186
-0.533691562302
0.805882634578
-0.560822767129
-0.689011256193
-0.846228737968
-3.08444007141
-0.924092725043
0.103709344515
-0.431112178885
-0.245377415602
0.988794715144
0.480329211181
-0.143634270684
0.391436677353
-0.833332728795
0.0811891650167
-0.272347864334
0.936969249033
0.00161955702589
-0.446527506816
-0.374753515787
0.954820088541
-0.21603584009
-0.0738750873756
-1.30294660348
0.393657325468
-0.959340351495
-0.567216119262
0.0309553647026
-1.91540107081
-0.196811798126
-0.615199753344
0.839200810418
-0.588906976457
0.36004666394
-1.03387697438
0.648681207503
0.107323226761
-1.89200627151
0.746959265214
0.268498324039
-0.730795488679
0.0284666998735
0.857381106424
-0.96696151283
-0.391416745017
0.504148023716
0.937917900707
0.399706784257
-0.721469932054
-0.00929741009032
0.488274111631
-0.518752095321
0.297410820044
-0.369941236267
-2.22525888508
0.0748997610241
-3.64520498978
-0.473431949302
0.281545350781
-2.06764480388
-0.511433911514
-2.71298066673
-0.0729624821728
0.700882693596
-0.348166154628
0.546672726401
0.982642417422
-2.40139743452
-2.72428977468
-2.0164076962
-4.1499398545
0.968214344477
0.0284031736748
-0.616309453957
0.0735747168109
-0.792903647677
-0.742726370233
-0.74565420326
-0.614450927639
0.687090814494
-0.496611976491
0.68920557044
