4
0
3
2
1
136
-0.959837685394
-20.2213995314
-3.15546401052
-32.6223659364
0.609441016146
-1.48159325881
-21.4462861127
-3.13298458927
-32.766515999
-0.999872372756
0.754413048404
-0.809763423848
-0.684677728661
0.562391595517
-44.6622333576
-9.7004164336
-9.22714840575
-71.0431824171
-0.13944076929
-0.0745259989056
0.688250861069
0.585179919123
0.530351784321
-0.202286945309
-5.23737717096
-4.45559233236
-0.302570654231
-2.36156189357
-1.4863447509
-0.584677641559
-0.189158269744
-0.949063906922
0.53394364702
-68.252991865
0.213506590056
-30.9701569386
0.301400689657
-0.739974870194
-2.11433174874
-2.07508875191
-2.42293797249
-0.7733787248
-0.903844474057
-0.0669468278807
-1.6528394396
-0.0211130156287
-0.850443385571
0.283927300522
-0.274149721489
-0.746775022116
-0.989195569973
-0.522624269914
0.901421064186
-0.533691562302
0.805882634578
-0.531915148092
-0.689011256193
-0.846228737968
-2.97368356621
-0.924092725043
0.103709344515
-0.431112178885
-0.245377415602
0.988794715144
0.480329211181
-0.133308780372
0.397536051684
-0.833332728795
0.0811891650167
-0.272347864334
0.936969249033
0.00161955702589
-0.446527506816
-0.374753515787
0.954820088541
-0.174790436119
-0.0636482952462
-1.243087799
0.393657325468
-0.959340351495
-0.525970571834
0.0411821993652
-1.85554212891
-0.196811798126
-0.615199753344
0.839200810418
-0.588906976457
0.36004666394
-0.990587830087
0.648681207503
0.107323226761
-1.8064450237
0.746959265214
0.268498324039
-0.730795488679
0.0284666998735
0.857381106424
-0.96696151283
-0.38935189697
0.506210379799
0.937917900707
0.399706784257
-0.721469932054
-0.00929741009032
0.488274111631
-0.518752095321
0.297410820044
-0.330687654652
-2.0558487537
0.0810976949592
-3.44273926879
-0.473431949302
0.320798932402
-1.89823467211
-0.505235977578
-2.5105149449
-0.0729624821728
0.700882693596
-0.348166154628
0.546672726401
0.982642417422
-2.21959144211
-2.60652902857
-1.89864695009
-3.91867233865
0.968214344477
0.0284031736748
-0.616309453957
0.0735747168109
-0.792903647677
-0.742726370233
-0.733258355434
-0.614450927639
0.693288748513
-0.496611976491
0.68920557044
