4
0
3
2
1
136
0.471018695819
-0.82953015495
-0.858562978754
-2.2731490051
0.609441016146
-0.0507368776009
-2.05441673619
-0.836083557492
-2.41729906773
-0.999872372756
0.754413048404
-0.809763423848
-0.684677728661
0.562391595517
-4.52294645044
-1.26589460793
-0.792626580084
-6.46637555046
-0.13944076929
-0.0745259989056
0.688250861069
0.585179919123
0.530351784321
-0.202286945309
-0.90715391227
-0.991413739168
0.111624614013
-1.0436682467
-0.168451103131
0.733216007116
-0.189158269744
-0.949063906922
0.53394364702
-4.99407855083
0.213506590056
-3.25672807832
0.301400689657
-0.739974870194
-0.796438099167
-0.757195101433
-1.10504432112
-0.7733787248
-0.321726013403
0.0420877231453
-0.517568269343
-0.0211130156287
-0.850443385571
0.866095771593
-0.165113024622
0.388569838473
-0.989195569973
-0.522624269914
0.901421064186
-0.533691562302
0.805882634578
-0.0184682859944
-0.689011256193
-0.846228737968
-1.01758283156
-0.924092725043
0.103709344515
-0.431112178885
-0.245377415602
0.988794715144
0.480329211181
0.0497011837586
0.502818441719
-0.833332728795
0.0811891650167
-0.272347864334
0.936969249033
0.00161955702589
-0.446527506816
-0.374753515787
0.954820088541
0.550458362619
0.11454728957
-0.181375970406
0.393657325468
-0.959340351495
0.199347161937
0.219394209754
-0.793753366241
-0.196811798126
-0.615199753344
0.839200810418
-0.588906976457
0.36004666394
-0.223054550439
0.648681207503
0.107323226761
-0.308662620529
0.746959265214
0.268498324039
-0.730795488679
0.0284666998735
0.857381106424
-0.96696151283
-0.352138645051
0.541655554214
0.937917900707
0.399706784257
-0.721469932054
-0.00929741009032
0.488274111631
-0.518752095321
0.297410820044
0.273069475602
0.634954226803
0.178745251104
-0.175579050242
-0.473431949302
0.924854191771
0.793763039346
-0.407539323044
0.75792667101
-0.0729624821728
0.700882693596
-0.348166154628
0.546672726401
0.982642417422
0.710123009021
-0.687086323126
0.0210313692896
-0.170737194454
0.968214344477
0.0284031736748
-0.616309453957
0.0735747168109
-0.792903647677
-0.742726370233
-0.531190849933
-0.614450927639
0.790772147226
-0.496611976491
0.68920557044
