4
0
3
2
1
136
-0.939577772032
-19.9468243898
-3.12294151802
-32.1926425108
0.609441016146
-1.46133334545
-21.1717109711
-3.10046209676
-32.3367925735
-0.999872372756
0.754413048404
-0.809763423848
-0.684677728661
0.562391595517
-44.0938894721
-9.58098957589
-9.10772154804
-70.1288205376
-0.13944076929
-0.0745259989056
0.688250861069
0.585179919123
0.530351784321
-0.202286945309
-5.17606427526
-4.4065420158
-0.296705942468
-2.34290144705
-1.46768430439
-0.566017195041
-0.189158269744
-0.949063906922
0.53394364702
-67.357290432
0.213506590056
-30.5777544061
0.301400689657
-0.739974870194
-2.09567130223
-2.05642830539
-2.40427752597
-0.7733787248
-0.895324470497
-0.065360954173
-1.63632835997
-0.0211130156287
-0.850443385571
0.292447326551
-0.272563843868
-0.730263902033
-0.989195569973
-0.522624269914
0.901421064186
-0.533691562302
0.805882634578
-0.524455951967
-0.689011256193
-0.846228737968
-2.94511784942
-0.924092725043
0.103709344515
-0.431112178885
-0.245377415602
0.988794715144
0.480329211181
-0.130644387571
0.399108128868
-0.833332728795
0.0811891650167
-0.272347864334
0.936969249033
0.00161955702589
-0.446527506816
-0.374753515787
0.954820088541
-0.164149150583
-0.061010993596
-1.22764280016
0.393657325468
-0.959340351495
-0.515329243262
0.0438195131772
-1.84009708815
-0.196811798126
-0.615199753344
0.839200810418
-0.588906976457
0.36004666394
-0.979419073662
0.648681207503
0.107323226761
-1.78438431196
0.746959265214
0.268498324039
-0.730795488679
0.0284666998735
0.857381106424
-0.96696151283
-0.388819081882
0.506742417852
0.937917900707
0.399706784257
-0.721469932054
-0.00929741009032
0.488274111631
-0.518752095321
0.297410820044
-0.320557698227
-2.01213002011
0.0826971617593
-3.39049006645
-0.473431949302
0.330928888831
-1.85451593835
-0.503636510777
-2.45826574224
-0.0729624821728
0.700882693596
-0.348166154628
0.546672726401
0.982642417422
-2.17267377763
-2.57613915868
-1.86825708019
-3.8589952393
0.968214344477
0.0284031736748
-0.616309453957
0.0735747168109
-0.792903647677
-0.742726370233
-0.730059430021
-0.614450927639
0.694888215356
-0.496611976491
0.68920557044
