4
0
3
2
1
136
0.529265943349
-0.0401286166765
-0.765061085349
-1.03769462352
0.609441016146
0.00751037021382
-1.26501512635
-0.742581662822
-1.18184465908
-0.999872372756
0.754413048404
-0.809763423848
-0.684677728661
0.562391595517
-2.88896055735
-0.922542575475
-0.449274544905
-3.83767664815
-0.13944076929
-0.0745259989056
0.688250861069
0.585179919123
0.530351784321
-0.202286945309
-0.730879511877
-0.850397050269
0.128485660289
-0.990026499621
-0.114809339661
0.786857786936
-0.189158269744
-0.949063906922
0.53394364702
-2.41901149717
0.213506590056
-2.12857089999
0.301400689657
-0.739974870194
-0.742796303037
-0.703553289029
-1.05140249248
-0.7733787248
-0.301503711947
0.0462377486777
-0.476584982409
-0.0211130156287
-0.850443385571
0.886327069676
-0.160962696969
0.429565953338
-0.989195569973
-0.522624269914
0.901421064186
-0.533691562302
0.805882634578
-3.87136160578e-05
-0.689011256193
-0.846228737968
-0.945496675665
-0.924092725043
0.103709344515
-0.431112178885
-0.245377415602
0.988794715144
0.480329211181
0.0561399690995
0.506509832522
-0.833332728795
0.0811891650167
-0.272347864334
0.936969249033
0.00161955702589
-0.446527506816
-0.374753515787
0.954820088541
0.575588592641
0.120604097959
-0.143130865771
0.393657325468
-0.959340351495
0.224489318749
0.225454016869
-0.755494851831
-0.196811798126
-0.615199753344
0.839200810418
-0.588906976457
0.36004666394
-0.195390799104
0.648681207503
0.107323226761
-0.254700746999
0.746959265214
0.268498324039
-0.730795488679
0.0284666998735
0.857381106424
-0.96696151283
-0.35068727291
0.54277710057
0.937917900707
0.399706784257
-0.721469932054
-0.00929741009032
0.488274111631
-0.518752095321
0.297410820044
0.276789621956
0.662710884584
0.179693820648
-0.132412316404
-0.473431949302
0.92858358095
0.821581914031
-0.406588393852
0.801167696578
-0.0729624821728
0.700882693596
-0.348166154628
0.546672726401
0.982642417422
0.747177672615
-0.66209480825
0.0460396171509
-0.1134139713
0.968214344477
0.0284031736748
-0.616309453957
0.0735747168109
-0.792903647677
-0.742726370233
-0.52784256311
-0.614450927639
0.791473549615
-0.496611976491
0.68920557044
