4
0
3
2
1
136
0.0556904718921
-6.4583205566
-1.52527407382
-11.0824792292
0.609441016146
-0.466065101528
-7.68320713791
-1.50279465257
-11.2266292919
-0.999872372756
0.754413048404
-0.809763423848
-0.684677728661
0.562391595517
-16.1739960992
-3.7141451909
-3.24087716305
-25.2107932059
-0.13944076929
-0.0745259989056
0.688250861069
0.585179919123
0.530351784321
-0.202286945309
-2.16406827399
-1.99694521476
-0.00860197712349
-1.42620701186
-0.550989869193
0.350677240151
-0.189158269744
-0.949063906922
0.53394364702
-23.3559575357
0.213506590056
-11.3009799952
0.301400689657
-0.739974870194
-1.17897686703
-1.1397338702
-1.48758309078
-0.7733787248
-0.480921191737
0.0114828218813
-0.832070834258
-0.0211130156287
-0.850443385571
0.706862811958
-0.195719308079
0.074012778138
-0.989195569973
-0.522624269914
0.901421064186
-0.533691562302
0.805882634578
-0.160712648659
-0.689011256193
-0.846228737968
-1.56095636864
-0.924092725043
0.103709344515
-0.431112178885
-0.245377415602
0.988794715144
0.480329211181
-0.000716967607594
0.474351717721
-0.833332728795
0.0811891650167
-0.272347864334
0.936969249033
0.00161955702589
-0.446527506816
-0.374753515787
0.954820088541
0.352608735908
0.0663476676284
-0.475308054217
0.393657325468
-0.959340351495
0.00144655914727
0.17118213636
-1.08774255693
-0.196811798126
-0.615199753344
0.839200810418
-0.588906976457
0.36004666394
-0.435681595644
0.648681207503
0.107323226761
-0.720379140176
0.746959265214
0.268498324039
-0.730795488679
0.0284666998735
0.857381106424
-0.96696151283
-0.362749506439
0.532374228721
0.937917900707
0.399706784257
-0.721469932054
-0.00929741009032
0.488274111631
-0.518752095321
0.297410820044
0.174586024136
0.124825986105
0.160841564531
-0.834715905828
-0.473431949302
0.826101597732
0.28255012714
-0.425487255965
0.097622301621
-0.0729624821728
0.700882693596
-0.348166154628
0.546672726401
0.982642417422
0.122577262853
-1.08632149683
-0.378428172419
-0.948469256106
0.968214344477
0.0284031736748
-0.616309453957
0.0735747168109
-0.792903647677
-0.742726370233
-0.573958084182
-0.614450927639
0.773232538547
-0.496611976491
0.68920557044
