4
0
3
2
1
136
-0.435612427144
-13.1167677414
-2.31394451702
-21.5032722995
0.609441016146
-0.957368000564
-14.3416543227
-2.29146509576
-21.6474223622
-0.999872372756
0.754413048404
-0.809763423848
-0.684677728661
0.562391595517
-29.9563353215
-6.61024649036
-6.13697846251
-47.3840687844
-0.13944076929
-0.0745259989056
0.688250861069
0.585179919123
0.530351784321
-0.202286945309
-3.65090599472
-3.18641539136
-0.15082123737
-1.87872283992
-1.00350569725
-0.101838587908
-0.189158269744
-0.949063906922
0.53394364702
-45.076717286
0.213506590056
-20.8167414092
0.301400689657
-0.739974870194
-1.63149269509
-1.59224969826
-1.94009891884
-0.7733787248
-0.683829082909
-0.0261081587712
-1.22637140951
-0.0211130156287
-0.850443385571
0.503944410034
-0.233310866046
-0.320304047778
-0.989195569973
-0.522624269914
0.901421064186
-0.533691562302
0.805882634578
-0.339175438785
-0.689011256193
-0.846228737968
-2.23778310132
-0.924092725043
0.103709344515
-0.431112178885
-0.245377415602
0.988794715144
0.480329211181
-0.0644542540819
0.437850372023
-0.833332728795
0.0811891650167
-0.272347864334
0.936969249033
0.00161955702589
-0.446527506816
-0.374753515787
0.954820088541
0.0998429927852
0.00423668684326
-0.844154023729
0.393657325468
-0.959340351495
-0.251334286307
0.109067834085
-1.45660533794
-0.196811798126
-0.615199753344
0.839200810418
-0.588906976457
0.36004666394
-0.702222338234
0.648681207503
0.107323226761
-1.23919000412
0.746959265214
0.268498324039
-0.730795488679
0.0284666998735
0.857381106424
-0.96696151283
-0.375578478115
0.519921282279
0.937917900707
0.399706784257
-0.721469932054
-0.00929741009032
0.488274111631
-0.518752095321
0.297410820044
-0.0685762956286
-0.924651655976
0.122483590391
-2.09081941692
-0.473431949302
0.582910307369
-0.767037378016
-0.463850078398
-1.15859485434
-0.0729624821728
0.700882693596
-0.348166154628
0.546672726401
0.982642417422
-1.00562219585
-1.82019206397
-1.11230998199
-2.37577908443
0.968214344477
0.0284031736748
-0.616309453957
0.0735747168109
-0.792903647677
-0.742726370233
-0.650492509258
-0.614450927639
0.734674914139
-0.496611976491
0.68920557044
