4
0
3
2
1
136
0.12660016866
-5.49730756085
-1.41144535006
-9.57844723972
0.609441016146
-0.39515540476
-6.72219414217
-1.38896592881
-9.72259730237
-0.999872372756
0.754413048404
-0.809763423848
-0.684677728661
0.562391595517
-14.1847925001
-3.29615118891
-2.82288316106
-22.0105266276
-0.13944076929
-0.0745259989056
0.688250861069
0.585179919123
0.530351784321
-0.202286945309
-1.94947313904
-1.8252691068
0.0119245140461
-1.36089544905
-0.485678306381
0.415988802963
-0.189158269744
-0.949063906922
0.53394364702
-20.2210025202
0.213506590056
-9.92757113136
0.301400689657
-0.739974870194
-1.11366530422
-1.07442230739
-1.42227152797
-0.7733787248
-0.452449340341
0.0168093625576
-0.776435441683
-0.0211130156287
-0.850443385571
0.735338315167
-0.190392611854
0.129653578998
-0.989195569973
-0.522624269914
0.901421064186
-0.533691562302
0.805882634578
-0.135511996697
-0.689011256193
-0.846228737968
-1.46546520241
-0.924092725043
0.103709344515
-0.431112178885
-0.245377415602
0.988794715144
0.480329211181
0.00826571725092
0.479424918999
-0.833332728795
0.0811891650167
-0.272347864334
0.936969249033
0.00161955702589
-0.446527506816
-0.374753515787
0.954820088541
0.388019066853
0.0750150660563
-0.423275275107
0.393657325468
-0.959340351495
0.0368619355835
0.179850705631
-1.03570413205
-0.196811798126
-0.615199753344
0.839200810418
-0.588906976457
0.36004666394
-0.39805960283
0.648681207503
0.107323226761
-0.647572151717
0.746959265214
0.268498324039
-0.730795488679
0.0284666998735
0.857381106424
-0.96696151283
-0.360914659335
0.534081222009
0.937917900707
0.399706784257
-0.721469932054
-0.00929741009032
0.488274111631
-0.518752095321
0.297410820044
0.20541194974
0.261718200907
0.165768867039
-0.668517915401
-0.473431949302
0.856971667591
0.419587864435
-0.420553567482
0.263971275976
-0.0729624821728
0.700882693596
-0.348166154628
0.546672726401
0.982642417422
0.272094771929
-0.986532822793
-0.27861824235
-0.75954250483
0.968214344477
0.0284031736748
-0.616309453957
0.0735747168109
-0.792903647677
-0.742726370233
-0.563897978171
-0.614450927639
0.778338122821
-0.496611976491
0.68920557044
