4
0
3
2
1
136
0.278549518878
-3.43799399854
-1.16752665629
-6.35552154788
0.609441016146
-0.243206054543
-4.66288057985
-1.14504723504
-6.49967161053
-0.999872372756
0.754413048404
-0.809763423848
-0.684677728661
0.562391595517
-9.92221335923
-2.40044975609
-1.92718172824
-15.1528125312
-0.13944076929
-0.0745259989056
0.688250861069
0.585179919123
0.530351784321
-0.202286945309
-1.48962642129
-1.4573917326
0.0559098522667
-1.22094210019
-0.34572495752
0.555942151825
-0.189158269744
-0.949063906922
0.53394364702
-13.5032417726
0.213506590056
-6.98455213735
0.301400689657
-0.739974870194
-0.97371195536
-0.934468958524
-1.28231817911
-0.7733787248
-0.392883303913
0.028098167391
-0.659406280516
-0.0211130156287
-0.850443385571
0.794915606439
-0.179103373793
0.246699110857
-0.989195569973
-0.522624269914
0.901421064186
-0.533691562302
0.805882634578
-0.0825225932367
-0.689011256193
-0.846228737968
-1.26404512487
-0.924092725043
0.103709344515
-0.431112178885
-0.245377415602
0.988794715144
0.480329211181
0.0271049315821
0.490035697713
-0.833332728795
0.0811891650167
-0.272347864334
0.936969249033
0.00161955702589
-0.446527506816
-0.374753515787
0.954820088541
0.462056470465
0.0930932554031
-0.313861029149
0.393657325468
-0.959340351495
0.110914662463
0.197932568417
-0.926272734664
-0.196811798126
-0.615199753344
0.839200810418
-0.588906976457
0.36004666394
-0.31891670414
0.648681207503
0.107323226761
-0.494529480436
0.746959265214
0.268498324039
-0.730795488679
0.0284666998735
0.857381106424
-0.96696151283
-0.357009555742
0.53759436364
0.937917900707
0.399706784257
-0.721469932054
-0.00929741009032
0.488274111631
-0.518752095321
0.297410820044
0.250240033939
0.486398263552
0.173659072636
-0.385005545394
-0.473431949302
0.901945246572
0.644792543663
-0.412641616491
0.548037849087
-0.0729624821728
0.700882693596
-0.348166154628
0.546672726401
0.982642417422
0.526300029246
-0.813031829714
-0.105014762625
-0.430662618526
0.968214344477
0.0284031736748
-0.616309453957
0.0735747168109
-0.792903647677
-0.742726370233
-0.546046812941
-0.614450927639
0.78637876213
-0.496611976491
0.68920557044
