4
0
3
2
1
136
0.0430280260407
-6.62993002013
-1.54560063164
-11.3510563702
0.609441016146
-0.47872754738
-7.85481660144
-1.52312121038
-11.4952064329
-0.999872372756
0.754413048404
-0.809763423848
-0.684677728661
0.562391595517
-16.5292110276
-3.78878697697
-3.31551894912
-25.7822693806
-0.13944076929
-0.0745259989056
0.688250861069
0.585179919123
0.530351784321
-0.202286945309
-2.2023888338
-2.02760166261
-0.0122674219752
-1.43786979093
-0.562652648267
0.339014461077
-0.189158269744
-0.949063906922
0.53394364702
-23.9157709313
0.213506590056
-11.5462315781
0.301400689657
-0.739974870194
-1.19063964611
-1.15139664927
-1.49924586985
-0.7733787248
-0.486040109305
0.0105282481663
-0.842058913293
-0.0211130156287
-0.850443385571
0.701743329629
-0.196673906906
0.0640238561861
-0.989195569973
-0.522624269914
0.901421064186
-0.533691562302
0.805882634578
-0.165236790553
-0.689011256193
-0.846228737968
-1.57809069874
-0.924092725043
0.103709344515
-0.431112178885
-0.245377415602
0.988794715144
0.480329211181
-0.00233058760575
0.473438848803
-0.833332728795
0.0811891650167
-0.272347864334
0.936969249033
0.00161955702589
-0.446527506816
-0.374753515787
0.954820088541
0.346240766186
0.0647878626122
-0.484650101844
0.393657325468
-0.959340351495
-0.00492219577654
0.169622151438
-1.09708548297
-0.196811798126
-0.615199753344
0.839200810418
-0.588906976457
0.36004666394
-0.442435334307
0.648681207503
0.107323226761
-0.73345713435
0.746959265214
0.268498324039
-0.730795488679
0.0284666998735
0.857381106424
-0.96696151283
-0.363077824951
0.532065759026
0.937917900707
0.399706784257
-0.721469932054
-0.00929741009032
0.488274111631
-0.518752095321
0.297410820044
0.168699451098
0.0991643384721
0.159911379579
-0.86566107005
-0.473431949302
0.820210173961
0.256871895122
-0.426418181228
0.0666599836909
-0.0729624821728
0.700882693596
-0.348166154628
0.546672726401
0.982642417422
0.094748749066
-1.10472586035
-0.396834615768
-0.983557788837
0.968214344477
0.0284031736748
-0.616309453957
0.0735747168109
-0.792903647677
-0.742726370233
-0.57582629324
-0.614450927639
0.772277116572
-0.496611976491
0.68920557044
