4
0
3
2
1
136
0.311471878091
-2.99180939337
-1.11467760598
-5.65722098131
0.609441016146
-0.210283695329
-4.21669597468
-1.09219818472
-5.80137104396
-0.999872372756
0.754413048404
-0.809763423848
-0.684677728661
0.562391595517
-8.99865454537
-2.20638111231
-1.73311308446
-13.6669744772
-0.13944076929
-0.0745259989056
0.688250861069
0.585179919123
0.530351784321
-0.202286945309
-1.38999296577
-1.37768496818
0.0654400088811
-1.19061887469
-0.315401732025
0.586265377319
-0.189158269744
-0.949063906922
0.53394364702
-12.0477269441
0.213506590056
-6.34689802197
0.301400689657
-0.739974870194
-0.943388729865
-0.904145733029
-1.25199495361
-0.7733787248
-0.380313939294
0.0305180922684
-0.63455445805
-0.0211130156287
-0.850443385571
0.80748814709
-0.176683334197
0.271555503329
-0.989195569973
-0.522624269914
0.901421064186
-0.533691562302
0.805882634578
-0.0712797969162
-0.689011256193
-0.846228737968
-1.22110707118
-0.924092725043
0.103709344515
-0.431112178885
-0.245377415602
0.988794715144
0.480329211181
0.0310890738644
0.492279750934
-0.833332728795
0.0811891650167
-0.272347864334
0.936969249033
0.00161955702589
-0.446527506816
-0.374753515787
0.954820088541
0.477673315613
0.096896205894
-0.290635969058
0.393657325468
-0.959340351495
0.126535790656
0.201736567991
-0.903042879055
-0.196811798126
-0.615199753344
0.839200810418
-0.588906976457
0.36004666394
-0.302112423753
0.648681207503
0.107323226761
-0.462019761012
0.746959265214
0.268498324039
-0.730795488679
0.0284666998735
0.857381106424
-0.96696151283
-0.356169464459
0.538323642691
0.937917900707
0.399706784257
-0.721469932054
-0.00929741009032
0.488274111631
-0.518752095321
0.297410820044
0.255987736987
0.520588464182
0.174835247532
-0.33923742738
-0.473431949302
0.90771548107
0.67908410547
-0.411461421082
0.593915863486
-0.0729624821728
0.700882693596
-0.348166154628
0.546672726401
0.982642417422
0.566929139459
-0.785052027689
-0.0770118818329
-0.375752699432
0.968214344477
0.0284031736748
-0.616309453957
0.0735747168109
-0.792903647677
-0.742726370233
-0.542969050618
-0.614450927639
0.787480977685
-0.496611976491
0.68920557044
