4
0
3
2
1
136
0.395044020711
-1.8591869341
-0.980522324405
-3.8846118508
0.609441016146
-0.126711552709
-3.08407351541
-0.958042903148
-4.02876191345
-0.999872372756
0.754413048404
-0.809763423848
-0.684677728661
0.562391595517
-6.65423601793
-1.71374532426
-1.24047729641
-9.89523173402
-0.13944076929
-0.0745259989056
0.688250861069
0.585179919123
0.530351784321
-0.202286945309
-1.13707727101
-1.17535241238
0.0896319449024
-1.11364454096
-0.238427398277
0.663239711086
-0.189158269744
-0.949063906922
0.53394364702
-8.35295853357
0.213506590056
-4.72823757526
0.301400689657
-0.739974870194
-0.866414396079
-0.827171399224
-1.17502061979
-0.7733787248
-0.349096823554
0.0366129577414
-0.572494002127
-0.0211130156287
-0.850443385571
0.838714669257
-0.170588139618
0.333629426672
-0.989195569973
-0.522624269914
0.901421064186
-0.533691562302
0.805882634578
-0.0432344666869
-0.689011256193
-0.846228737968
-1.11348002593
-0.924092725043
0.103709344515
-0.431112178885
-0.245377415602
0.988794715144
0.480329211181
0.0409977548034
0.497873686817
-0.833332728795
0.0811891650167
-0.272347864334
0.936969249033
0.00161955702589
-0.446527506816
-0.374753515787
0.954820088541
0.516454405029
0.106318252644
-0.232658666956
0.393657325468
-0.959340351495
0.165329494163
0.21116173977
-0.845051445236
-0.196811798126
-0.615199753344
0.839200810418
-0.588906976457
0.36004666394
-0.260160042319
0.648681207503
0.107323226761
-0.380755396138
0.746959265214
0.268498324039
-0.730795488679
0.0284666998735
0.857381106424
-0.96696151283
-0.354048949163
0.54011354681
0.937917900707
0.399706784257
-0.721469932054
-0.00929741009032
0.488274111631
-0.518752095321
0.297410820044
0.266601019578
0.589199771736
0.17718302702
-0.243430507624
-0.473431949302
0.918366660409
0.747892030948
-0.409105997092
0.689940899019
-0.0729624821728
0.700882693596
-0.348166154628
0.546672726401
0.982642417422
0.651222840313
-0.727178035461
-0.0190903817545
-0.257741186914
0.968214344477
0.0284031736748
-0.616309453957
0.0735747168109
-0.792903647677
-0.742726370233
-0.536238038898
-0.614450927639
0.789532405167
-0.496611976491
0.68920557044
