4
0
3
2
1
136
0.151925060363
-5.1540886338
-1.37079223444
-9.04129295775
0.609441016146
-0.369830513057
-6.37897521511
-1.34831281318
-9.1854430204
-0.999872372756
0.754413048404
-0.809763423848
-0.684677728661
0.562391595517
-13.4743626433
-3.14686761678
-2.67359958892
-20.8675742782
-0.13944076929
-0.0745259989056
0.688250861069
0.585179919123
0.530351784321
-0.202286945309
-1.87283201941
-1.7639562111
0.0192554037495
-1.3375698909
-0.462352748234
0.439314361111
-0.189158269744
-0.949063906922
0.53394364702
-19.1013757289
0.213506590056
-9.43706796569
0.301400689657
-0.739974870194
-1.09033974607
-1.05109674924
-1.39894596982
-0.7733787248
-0.442370912695
0.0187033402287
-0.756703107313
-0.0211130156287
-0.850443385571
0.745418269074
-0.188498572015
0.149388155762
-0.989195569973
-0.522624269914
0.901421064186
-0.533691562302
0.805882634578
-0.126574484031
-0.689011256193
-0.846228737968
-1.43156848035
-0.924092725043
0.103709344515
-0.431112178885
-0.245377415602
0.988794715144
0.480329211181
0.0114486608852
0.481219579975
-0.833332728795
0.0811891650167
-0.272347864334
0.936969249033
0.00161955702589
-0.446527506816
-0.374753515787
0.954820088541
0.400550050882
0.0780794791176
-0.404822789466
0.393657325468
-0.959340351495
0.0493950148829
0.182915611626
-1.01724930149
-0.196811798126
-0.615199753344
0.839200810418
-0.588906976457
0.36004666394
-0.384715313698
0.648681207503
0.107323226761
-0.621762409642
0.746959265214
0.268498324039
-0.730795488679
0.0284666998735
0.857381106424
-0.96696151283
-0.360261058747
0.534681571125
0.937917900707
0.399706784257
-0.721469932054
-0.00929741009032
0.488274111631
-0.518752095321
0.297410820044
0.215158916866
0.306669786697
0.167369845487
-0.613284345654
-0.473431949302
0.866741634575
0.464614786609
-0.418949356625
0.319283375507
-0.0729624821728
0.700882693596
-0.348166154628
0.546672726401
0.982642417422
0.321779831403
-0.952982588444
-0.245055401998
-0.696406046885
0.968214344477
0.0284031736748
-0.616309453957
0.0735747168109
-0.792903647677
-0.742726370233
-0.560523460335
-0.614450927639
0.780006808961
-0.496611976491
0.68920557044
