4
0
3
2
1
136
-0.162103596753
-9.41000332925
-1.87489086823
-15.7020060542
0.609441016146
-0.683859170173
-10.6348899106
-1.85241144697
-15.8461561169
-0.999872372756
0.754413048404
-0.809763423848
-0.684677728661
0.562391595517
-22.2836928678
-4.99798391128
-4.52471588343
-35.0401834108
-0.13944076929
-0.0745259989056
0.688250861069
0.585179919123
0.530351784321
-0.202286945309
-2.82318190277
-2.52423611779
-0.0716476285729
-1.62680681193
-0.751589669261
0.150077440084
-0.189158269744
-0.949063906922
0.53394364702
-32.9847479405
0.213506590056
-15.51930722
0.301400689657
-0.739974870194
-1.3795766671
-1.34033367026
-1.68818289085
-0.7733787248
-0.570029772204
-0.00505754185715
-1.00552268879
-0.0211130156287
-0.850443385571
0.617747303932
-0.212260012492
-0.0994496004982
-0.989195569973
-0.522624269914
0.901421064186
-0.533691562302
0.805882634578
-0.23925741958
-0.689011256193
-0.846228737968
-1.85842893086
-0.924092725043
0.103709344515
-0.431112178885
-0.245377415602
0.988794715144
0.480329211181
-0.0287564226841
0.458408458142
-0.833332728795
0.0811891650167
-0.272347864334
0.936969249033
0.00161955702589
-0.446527506816
-0.374753515787
0.954820088541
0.24168807365
0.0391383639145
-0.637557301949
0.393657325468
-0.959340351495
-0.109483881685
0.14397064725
-1.25000272891
-0.196811798126
-0.615199753344
0.839200810418
-0.588906976457
0.36004666394
-0.552946080711
0.648681207503
0.107323226761
-0.947914804964
0.746959265214
0.268498324039
-0.730795488679
0.0284666998735
0.857381106424
-0.96696151283
-0.36841811731
0.526951440094
0.937917900707
0.399706784257
-0.721469932054
-0.00929741009032
0.488274111631
-0.518752095321
0.297410820044
0.0681002880723
-0.335046077537
0.144058639795
-1.38606021449
-0.473431949302
0.71958787101
-0.177426067447
-0.442274814545
-0.453829624648
-0.0729624821728
0.700882693596
-0.348166154628
0.546672726401
0.982642417422
-0.37277699021
-1.41000430666
-0.70212193873
-1.573730167
0.968214344477
0.0284031736748
-0.616309453957
0.0735747168109
-0.792903647677
-0.742726370233
-0.607405799168
-0.614450927639
0.756262690789
-0.496611976491
0.68920557044
