4
0
3
2
1
136
0.0202356235081
-6.93882705448
-1.5821884357
-11.834495224
0.609441016146
-0.501519949912
-8.16371363579
-1.55970901445
-11.9786452867
-0.999872372756
0.754413048404
-0.809763423848
-0.684677728661
0.562391595517
-17.1685978988
-3.92314219189
-3.44987416404
-26.8109264951
-0.13944076929
-0.0745259989056
0.688250861069
0.585179919123
0.530351784321
-0.202286945309
-2.27136584146
-2.08278326874
-0.0188652227083
-1.45886279327
-0.5836456506
0.318021458745
-0.189158269744
-0.949063906922
0.53394364702
-24.9234350434
0.213506590056
-11.9876844272
0.301400689657
-0.739974870194
-1.21163264844
-1.1723896516
-1.52023887219
-0.7733787248
-0.495277594707
0.00880757304492
-0.860073636589
-0.0211130156287
-0.850443385571
0.692504887858
-0.198394625346
0.0460077007347
-0.989195569973
-0.522624269914
0.901421064186
-0.533691562302
0.805882634578
-0.173396422144
-0.689011256193
-0.846228737968
-1.60899007524
-0.924092725043
0.103709344515
-0.431112178885
-0.245377415602
0.988794715144
0.480329211181
-0.00524149915561
0.471790755901
-0.833332728795
0.0811891650167
-0.272347864334
0.936969249033
0.00161955702589
-0.446527506816
-0.374753515787
0.954820088541
0.334748029098
0.0619719849896
-0.501500071155
0.393657325468
-0.959340351495
-0.0164162661584
0.16680596991
-1.11393694363
-0.196811798126
-0.615199753344
0.839200810418
-0.588906976457
0.36004666394
-0.454616154495
0.648681207503
0.107323226761
-0.757051333799
0.746959265214
0.268498324039
-0.730795488679
0.0284666998735
0.857381106424
-0.96696151283
-0.36366925841
0.531507997184
0.937917900707
0.399706784257
-0.721469932054
-0.00929741009032
0.488274111631
-0.518752095321
0.297410820044
0.157918813629
0.0523584740813
0.15821108882
-0.921999660401
-0.473431949302
0.809422606549
0.210041812138
-0.428119556728
0.0102963604565
-0.0729624821728
0.700882693596
-0.348166154628
0.546672726401
0.982642417422
0.0440958436599
-1.13811715848
-0.430228778562
-1.04741307937
0.968214344477
0.0284031736748
-0.616309453957
0.0735747168109
-0.792903647677
-0.742726370233
-0.579228546066
-0.614450927639
0.770537546068
-0.496611976491
0.68920557044
