4
0
3
2
1
136
0.306406899751
-3.06045317878
-1.1228082291
-5.76465183771
0.609441016146
-0.21534867367
-4.28533976009
-1.10032880785
-5.90880190036
-0.999872372756
0.754413048404
-0.809763423848
-0.684677728661
0.562391595517
-9.14074051673
-2.23623782674
-1.76296979889
-13.895564947
-0.13944076929
-0.0745259989056
0.688250861069
0.585179919123
0.530351784321
-0.202286945309
-1.4053211897
-1.38994754732
0.0639738309404
-1.1952839863
-0.320066843628
0.581600265717
-0.189158269744
-0.949063906922
0.53394364702
-12.2716523023
0.213506590056
-6.44499865511
0.301400689657
-0.739974870194
-0.948053841467
-0.908810844631
-1.25666006521
-0.7733787248
-0.382238465267
0.0301464597266
-0.638364076826
-0.0211130156287
-0.850443385571
0.805563113633
-0.177054984917
0.267745155327
-0.989195569973
-0.522624269914
0.901421064186
-0.533691562302
0.805882634578
-0.0730028814196
-0.689011256193
-0.846228737968
-1.22769432167
-0.924092725043
0.103709344515
-0.431112178885
-0.245377415602
0.988794715144
0.480329211181
0.030478846642
0.491935926575
-0.833332728795
0.0811891650167
-0.272347864334
0.936969249033
0.00161955702589
-0.446527506816
-0.374753515787
0.954820088541
0.475282283106
0.0963142420198
-0.294195936471
0.393657325468
-0.959340351495
0.124144074712
0.201154436224
-0.906603611751
-0.196811798126
-0.615199753344
0.839200810418
-0.588906976457
0.36004666394
-0.304688285176
0.648681207503
0.107323226761
-0.467004110565
0.746959265214
0.268498324039
-0.730795488679
0.0284666998735
0.857381106424
-0.96696151283
-0.356298547438
0.538212285717
0.937917900707
0.399706784257
-0.721469932054
-0.00929741009032
0.488274111631
-0.518752095321
0.297410820044
0.255173296848
0.515626949514
0.174664892539
-0.345948528898
-0.473431949302
0.906897899942
0.674107882205
-0.411632356034
0.587188729076
-0.0729624821728
0.700882693596
-0.348166154628
0.546672726401
0.982642417422
0.560984120024
-0.789145096021
-0.0811083578406
-0.383854645094
0.968214344477
0.0284031736748
-0.616309453957
0.0735747168109
-0.792903647677
-0.742726370233
-0.543425384659
-0.614450927639
0.78732412266
-0.496611976491
0.68920557044
