4
0
3
2
1
136
-0.31658543614
-11.5036387843
-2.12287487356
-18.9786471743
0.609441016146
-0.838341009561
-12.7285253656
-2.10039545231
-19.1227972369
-0.999872372756
0.754413048404
-0.809763423848
-0.684677728661
0.562391595517
-26.6173149944
-5.90861370132
-5.43534567346
-42.0121927422
-0.13944076929
-0.0745259989056
0.688250861069
0.585179919123
0.530351784321
-0.202286945309
-3.29069273248
-2.89824478156
-0.116366055764
-1.76909271663
-0.89387557396
0.00779153538464
-0.189158269744
-0.949063906922
0.53394364702
-39.8144713671
0.213506590056
-18.5113765306
0.301400689657
-0.739974870194
-1.5218625718
-1.48261957496
-1.83046879555
-0.7733787248
-0.634147393435
-0.0169169357599
-1.13000258875
-0.0211130156287
-0.850443385571
0.553627226003
-0.224119558873
-0.223933388601
-0.989195569973
-0.522624269914
0.901421064186
-0.533691562302
0.805882634578
-0.295587918401
-0.689011256193
-0.846228737968
-2.07211330066
-0.924092725043
0.103709344515
-0.431112178885
-0.245377415602
0.988794715144
0.480329211181
-0.0488808346879
0.446853723942
-0.833332728795
0.0811891650167
-0.272347864334
0.936969249033
0.00161955702589
-0.446527506816
-0.374753515787
0.954820088541
0.161791705697
0.0194934446053
-0.754004661115
0.393657325468
-0.959340351495
-0.189383857331
0.124324955529
-1.36645409113
-0.196811798126
-0.615199753344
0.839200810418
-0.588906976457
0.36004666394
-0.63708487335
0.648681207503
0.107323226761
-1.11186330914
0.746959265214
0.268498324039
-0.730795488679
0.0284666998735
0.857381106424
-0.96696151283
-0.37245860284
0.522999932965
0.937917900707
0.399706784257
-0.721469932054
-0.00929741009032
0.488274111631
-0.518752095321
0.297410820044
-0.00906892796241
-0.667876246508
0.131878948837
-1.78392997339
-0.473431949302
0.642417752105
-0.510261343459
-0.454454701667
-0.85170472897
-0.0729624821728
0.700882693596
-0.348166154628
0.546672726401
0.982642417422
-0.730049448769
-1.64165667872
-0.933774577398
-2.02619654906
0.968214344477
0.0284031736748
-0.616309453957
0.0735747168109
-0.792903647677
-0.742726370233
-0.631713945183
-0.614450927639
0.74407149635
-0.496611976491
0.68920557044
