4
0
3
2
1
136
0.58237045483
0.678630364282
-0.679747107446
0.0885649152052
0.609441016146
0.0606212356835
-0.546149981022
-0.657266095972
-0.0554698414946
-0.999872372756
0.754413048404
-0.809763423848
-0.684677728661
0.562391595517
-1.39926426388
-0.609350122724
-0.136077669795
-1.45015243827
-0.13944076929
-0.0745259989056
0.688250861069
0.585179919123
0.530351784321
-0.202286945309
-0.570089898057
-0.722071650674
0.143875997079
-0.941144480259
-0.065927084965
0.835740276423
-0.189158269744
-0.949063906922
0.53394364702
-0.0790521226016
0.213506590056
-1.09928468055
0.301400689657
-0.739974870194
-0.693913579297
-0.654670331577
-1.00251930185
-0.7733787248
-0.28368792922
0.0499879271582
-0.440124907351
-0.0211130156287
-0.850443385571
0.904151838554
-0.157212216453
0.466038868848
-0.989195569973
-0.522624269914
0.901421064186
-0.533691562302
0.805882634578
0.0163086430211
-0.689011256193
-0.846228737968
-0.880882404854
-0.924092725043
0.103709344515
-0.431112178885
-0.245377415602
0.988794715144
0.480329211181
0.0618174801873
0.509799750393
-0.833332728795
0.0811891650167
-0.272347864334
0.936969249033
0.00161955702589
-0.446527506816
-0.374753515787
0.954820088541
0.597738799739
0.125921800249
-0.109120798446
0.393657325468
-0.959340351495
0.246651398297
0.230774702848
-0.721471401888
-0.196811798126
-0.615199753344
0.839200810418
-0.588906976457
0.36004666394
-0.170802077046
0.648681207503
0.107323226761
-0.206523254457
0.746959265214
0.268498324039
-0.730795488679
0.0284666998735
0.857381106424
-0.96696151283
-0.349373461338
0.543752164522
0.937917900707
0.399706784257
-0.721469932054
-0.00929741009032
0.488274111631
-0.518752095321
0.297410820044
0.279551562306
0.684017861018
0.180422901106
-0.0980719571677
-0.473431949302
0.931351527615
0.842931717004
-0.405857691752
0.83556074951
-0.0729624821728
0.700882693596
-0.348166154628
0.546672726401
0.982642417422
0.776397512335
-0.642542275526
0.0656040139715
-0.0664782753364
0.968214344477
0.0284031736748
-0.616309453957
0.0735747168109
-0.792903647677
-0.742726370233
-0.525097541498
-0.614450927639
0.791986377381
-0.496611976491
0.68920557044
