4
0
3
2
1
136
-1.02061742548
-21.0451249563
-3.25303148803
-33.9115362131
0.609441016146
-1.5423729989
-22.2700115377
-3.23055206678
-34.0556862758
-0.999872372756
0.754413048404
-0.809763423848
-0.684677728661
0.562391595517
-46.3672650139
-10.0586970067
-9.58542897888
-73.7862680557
-0.13944076929
-0.0745259989056
0.688250861069
0.585179919123
0.530351784321
-0.202286945309
-5.42131585806
-4.60274328204
-0.320164789519
-2.41754323313
-1.54232609046
-0.640658981113
-0.189158269744
-0.949063906922
0.53394364702
-70.940096164
0.213506590056
-32.1473645362
0.301400689657
-0.739974870194
-2.1703130883
-2.13107009146
-2.47891931204
-0.7733787248
-0.929408236689
-0.0717070251933
-1.70237914133
-0.0211130156287
-0.850443385571
0.25836347953
-0.278909929595
-0.79631482926
-0.989195569973
-0.522624269914
0.901421064186
-0.533691562302
0.805882634578
-0.554294835417
-0.689011256193
-0.846228737968
-3.05942200326
-0.924092725043
0.103709344515
-0.431112178885
-0.245377415602
0.988794715144
0.480329211181
-0.141302588212
0.392814964526
-0.833332728795
0.0811891650167
-0.272347864334
0.936969249033
0.00161955702589
-0.446527506816
-0.374753515787
0.954820088541
-0.206721025341
-0.0715648454626
-1.28942890446
0.393657325468
-0.959340351495
-0.557901275075
0.0332656156317
-1.90188334391
-0.196811798126
-0.615199753344
0.839200810418
-0.588906976457
0.36004666394
-1.02410067802
0.648681207503
0.107323226761
-1.87267582456
0.746959265214
0.268498324039
-0.730795488679
0.0284666998735
0.857381106424
-0.96696151283
-0.390950464851
0.504613806103
0.937917900707
0.399706784257
-0.721469932054
-0.00929741009032
0.488274111631
-0.518752095321
0.297410820044
-0.361077524245
-2.18700498037
0.0762992945011
-3.59948691699
-0.473431949302
0.290409062804
-2.02939089911
-0.510034378037
-2.6672625938
-0.0729624821728
0.700882693596
-0.348166154628
0.546672726401
0.982642417422
-2.36034446399
-2.69769863844
-1.98981655995
-4.09771575161
0.968214344477
0.0284031736748
-0.616309453957
0.0735747168109
-0.792903647677
-0.742726370233
-0.742855139594
-0.614450927639
0.688490347983
-0.496611976491
0.68920557044
