4
0
3
2
1
136
0.263354583856
-3.64392535477
-1.19191852567
-6.67781411706
0.609441016146
-0.258400989564
-4.86881193608
-1.16943910441
-6.82196417971
-0.999872372756
0.754413048404
-0.809763423848
-0.684677728661
0.562391595517
-10.3484712733
-2.49001989937
-2.01675187152
-15.8385839408
-0.13944076929
-0.0745259989056
0.688250861069
0.585179919123
0.530351784321
-0.202286945309
-1.53561109306
-1.49417947002
0.0515113184446
-1.23493743506
-0.359720292396
0.541946816948
-0.189158269744
-0.949063906922
0.53394364702
-14.1750178474
0.213506590056
-7.27885403675
0.301400689657
-0.739974870194
-0.987707290236
-0.9484642934
-1.29631351398
-0.7733787248
-0.398730472391
0.0269779193075
-0.670944857254
-0.0211130156287
-0.850443385571
0.789067067896
-0.180223672136
0.235158557649
-0.989195569973
-0.522624269914
0.901421064186
-0.533691562302
0.805882634578
-0.0877442585889
-0.689011256193
-0.846228737968
-1.28395607715
-0.924092725043
0.103709344515
-0.431112178885
-0.245377415602
0.988794715144
0.480329211181
0.0252526154094
0.488992828917
-0.833332728795
0.0811891650167
-0.272347864334
0.936969249033
0.00161955702589
-0.446527506816
-0.374753515787
0.954820088541
0.454791047319
0.0913225635733
-0.324645696013
0.393657325468
-0.959340351495
0.103647387148
0.19616142538
-0.937059475029
-0.196811798126
-0.615199753344
0.839200810418
-0.588906976457
0.36004666394
-0.326719381016
0.648681207503
0.107323226761
-0.509620091687
0.746959265214
0.268498324039
-0.730795488679
0.0284666998735
0.857381106424
-0.96696151283
-0.357398099179
0.537253547122
0.937917900707
0.399706784257
-0.721469932054
-0.00929741009032
0.488274111631
-0.518752095321
0.297410820044
0.247190734875
0.468988623848
0.173057952363
-0.407920028322
-0.473431949302
0.898883808915
0.627331821424
-0.413244784166
0.525068448406
-0.0729624821728
0.700882693596
-0.348166154628
0.546672726401
0.982642417422
0.505890453284
-0.827085454148
-0.119079657233
-0.457879144892
0.968214344477
0.0284031736748
-0.616309453957
0.0735747168109
-0.792903647677
-0.742726370233
-0.547559492194
-0.614450927639
0.785799454493
-0.496611976491
0.68920557044
