4
0
3
2
1
136
0.433031358265
-1.34435854356
-0.919542650998
-3.07888042785
0.609441016146
-0.0887242151551
-2.56924512487
-0.897063229741
-3.22303049049
-0.999872372756
0.754413048404
-0.809763423848
-0.684677728661
0.562391595517
-5.58859123279
-1.48981996605
-1.0165519382
-8.18080327846
-0.13944076929
-0.0745259989056
0.688250861069
0.585179919123
0.530351784321
-0.202286945309
-1.02211559157
-1.08338306924
0.100628279458
-1.07865625217
-0.20343910937
0.698228000106
-0.189158269744
-0.949063906922
0.53394364702
-6.67351835943
0.213506590056
-3.99248282677
0.301400689657
-0.739974870194
-0.831426106947
-0.79218310998
-1.14003233043
-0.7733787248
-0.335279864674
0.0393586807855
-0.544836647106
-0.0211130156287
-0.850443385571
0.852536565795
-0.167842247978
0.361293827405
-0.989195569973
-0.522624269914
0.901421064186
-0.533691562302
0.805882634578
-0.0307556088764
-0.689011256193
-0.846228737968
-1.06528130445
-0.924092725043
0.103709344515
-0.431112178885
-0.245377415602
0.988794715144
0.480329211181
0.0453895520254
0.50036375665
-0.833332728795
0.0811891650167
-0.272347864334
0.936969249033
0.00161955702589
-0.446527506816
-0.374753515787
0.954820088541
0.533619062125
0.110476485442
-0.206832008797
0.393657325468
-0.959340351495
0.182500738796
0.215321618965
-0.819217399705
-0.196811798126
-0.615199753344
0.839200810418
-0.588906976457
0.36004666394
-0.241472258436
0.648681207503
0.107323226761
-0.34448022815
0.746959265214
0.268498324039
-0.730795488679
0.0284666998735
0.857381106424
-0.96696151283
-0.353091525914
0.540895315716
0.937917900707
0.399706784257
-0.721469932054
-0.00929741009032
0.488274111631
-0.518752095321
0.297410820044
0.27011438998
0.613662289557
0.178018218585
-0.20762178435
-0.473431949302
0.921890845004
0.772418833018
-0.408268345237
0.72582306083
-0.0729624821728
0.700882693596
-0.348166154628
0.546672726401
0.982642417422
0.682401288545
-0.705906753444
0.00219727486297
-0.212248694275
0.968214344477
0.0284031736748
-0.616309453957
0.0735747168109
-0.792903647677
-0.742726370233
-0.533605968772
-0.614450927639
0.79020821551
-0.496611976491
0.68920557044
