4
0
3
2
1
136
0.589723454696
0.777625162111
-0.667648001547
0.245435648186
0.609441016146
0.0679927535468
-0.446931417319
-0.645162629021
0.101669936252
-0.999872372756
0.754413048404
-0.809763423848
-0.684677728661
0.562391595517
-1.19032066675
-0.565270934804
-0.0919885341453
-1.12202944788
-0.13944076929
-0.0745259989056
0.688250861069
0.585179919123
0.530351784321
-0.202286945309
-0.547380577229
-0.704138203953
0.146056848913
-0.93419709539
-0.0589795846375
0.842687891948
-0.189158269744
-0.949063906922
0.53394364702
0.243543973937
0.213506590056
-0.954253777114
0.301400689657
-0.739974870194
-0.686965848835
-0.647722486438
-0.995571342297
-0.7733787248
-0.281196572898
0.0505204757387
-0.434996092557
-0.0211130156287
-0.850443385571
0.906644533374
-0.156679622697
0.471169600095
-0.989195569973
-0.522624269914
0.901421064186
-0.533691562302
0.805882634578
0.0186039039523
-0.689011256193
-0.846228737968
-0.871751054709
-0.924092725043
0.103709344515
-0.431112178885
-0.245377415602
0.988794715144
0.480329211181
0.0626117298122
0.510263259569
-0.833332728795
0.0811891650167
-0.272347864334
0.936969249033
0.00161955702589
-0.446527506816
-0.374753515787
0.954820088541
0.600837394376
0.126663976095
-0.104337594113
0.393657325468
-0.959340351495
0.249751758515
0.231517321686
-0.716686204051
-0.196811798126
-0.615199753344
0.839200810418
-0.588906976457
0.36004666394
-0.167345106128
0.648681207503
0.107323226761
-0.199730454597
0.746959265214
0.268498324039
-0.730795488679
0.0284666998735
0.857381106424
-0.96696151283
-0.349186727704
0.543887531448
0.937917900707
0.399706784257
-0.721469932054
-0.00929741009032
0.488274111631
-0.518752095321
0.297410820044
0.279906852845
0.686802711585
0.180518258463
-0.093499963186
-0.473431949302
0.931707537779
0.845721837195
-0.405762134867
0.840139337083
-0.0729624821728
0.700882693596
-0.348166154628
0.546672726401
0.982642417422
0.780269571182
-0.639962530517
0.0681852409998
-0.0601299506035
0.968214344477
0.0284031736748
-0.616309453957
0.0735747168109
-0.792903647677
-0.742726370233
-0.524726476068
-0.614450927639
0.792051781499
-0.496611976491
0.68920557044
