4
0
3
2
1
136
-1.15230686234
-22.829863377
-3.4644276893
-36.7047384794
0.609441016146
-1.67406243576
-24.0547499583
-3.44194826804
-36.848888542
-0.999872372756
0.754413048404
-0.809763423848
-0.684677728661
0.562391595517
-50.0615002694
-10.8349715818
-10.361703554
-79.7296202726
-0.13944076929
-0.0745259989056
0.688250861069
0.585179919123
0.530351784321
-0.202286945309
-5.81984968011
-4.92157033969
-0.358285415977
-2.53883613549
-1.66361899282
-0.761951883479
-0.189158269744
-0.949063906922
0.53394364702
-76.7621554785
0.213506590056
-34.6979809977
0.301400689657
-0.739974870194
-2.29160599066
-2.25236299383
-2.60021221441
-0.7733787248
-0.984811685493
-0.0820325964072
-1.80974134547
-0.0211130156287
-0.850443385571
0.202959940296
-0.289235520054
-0.903677197535
-0.989195569973
-0.522624269914
0.901421064186
-0.533691562302
0.805882634578
-0.60279247478
-0.689011256193
-0.846228737968
-3.2453772418
-0.924092725043
0.103709344515
-0.431112178885
-0.245377415602
0.988794715144
0.480329211181
-0.158624947653
0.382563522841
-0.833332728795
0.0811891650167
-0.272347864334
0.936969249033
0.00161955702589
-0.446527506816
-0.374753515787
0.954820088541
-0.275932276202
-0.0887388802313
-1.38985953786
0.393657325468
-0.959340351495
-0.627112711242
0.0160915207193
-2.00231414929
-0.196811798126
-0.615199753344
0.839200810418
-0.588906976457
0.36004666394
-1.09674051199
0.648681207503
0.107323226761
-2.01640312378
0.746959265214
0.268498324039
-0.730795488679
0.0284666998735
0.857381106424
-0.96696151283
-0.394414535434
0.501152724585
0.937917900707
0.399706784257
-0.721469932054
-0.00929741009032
0.488274111631
-0.518752095321
0.297410820044
-0.426922242384
-2.47117687473
0.0659027600564
-3.93910694143
-0.473431949302
0.224564344662
-2.31356279375
-0.520430912482
-3.00688261892
-0.0729624821728
0.700882693596
-0.348166154628
0.546672726401
0.982642417422
-2.66530942197
-2.89523279355
-2.18735071507
-4.48569405411
0.968214344477
0.0284031736748
-0.616309453957
0.0735747168109
-0.792903647677
-0.742726370233
-0.763648193517
-0.614450927639
0.678093813495
-0.496611976491
0.68920557044
