4
0
3
2
1
136
-0.0608040299412
-8.03712762104
-1.71227840571
-13.5533889263
0.609441016146
-0.582559603361
-9.26201420236
-1.68979898446
-13.697538989
-0.999872372756
0.754413048404
-0.809763423848
-0.684677728661
0.562391595517
-19.4419734406
-4.40084962273
-3.92758159488
-30.4683740132
-0.13944076929
-0.0745259989056
0.688250861069
0.585179919123
0.530351784321
-0.202286945309
-2.51661742426
-2.27898453499
-0.0423240697592
-1.53350457934
-0.658287436671
0.243379672673
-0.189158269744
-0.949063906922
0.53394364702
-28.5062407755
0.213506590056
-13.5572945573
0.301400689657
-0.739974870194
-1.28627443451
-1.24703143768
-1.59488065826
-0.7733787248
-0.528335882137
0.00266585739992
-0.924458385946
-0.0211130156287
-0.850443385571
0.65944375816
-0.204536477008
-0.0183813470061
-0.989195569973
-0.522624269914
0.901421064186
-0.533691562302
0.805882634578
-0.202555468944
-0.689011256193
-0.846228737968
-1.71940023172
-0.924092725043
0.103709344515
-0.431112178885
-0.245377415602
0.988794715144
0.480329211181
-0.0156490778032
0.465883415786
-0.833332728795
0.0811891650167
-0.272347864334
0.936969249033
0.00161955702589
-0.446527506816
-0.374753515787
0.954820088541
0.293605824111
0.0518839432478
-0.561725484273
0.393657325468
-0.959340351495
-0.0575624665103
0.156717030529
-1.1741668229
-0.196811798126
-0.615199753344
0.839200810418
-0.588906976457
0.36004666394
-0.498146522336
0.648681207503
0.107323226761
-0.841453390248
0.746959265214
0.268498324039
-0.730795488679
0.0284666998735
0.857381106424
-0.96696151283
-0.365776423653
0.529501443267
0.937917900707
0.399706784257
-0.721469932054
-0.00929741009032
0.488274111631
-0.518752095321
0.297410820044
0.118435818892
-0.118109716113
0.151993429767
-1.12649330511
-0.473431949302
0.769927308795
0.0395275219268
-0.434339279325
-0.194244894873
-0.0729624821728
0.700882693596
-0.348166154628
0.546672726401
0.982642417422
-0.139657529919
-1.25840445238
-0.550520767535
-1.27917112174
0.968214344477
0.0284031736748
-0.616309453957
0.0735747168109
-0.792903647677
-0.742726370233
-0.591609941283
-0.614450927639
0.764234631477
-0.496611976491
0.68920557044
