4
0
3
2
1
136
-0.620484136575
-15.6222659089
-2.6107122611
-25.4244985579
0.609441016146
-1.14223971
-16.8471524902
-2.58823283985
-25.5686486206
-0.999872372756
0.754413048404
-0.809763423848
-0.684677728661
0.562391595517
-35.1424732762
-7.70001656696
-7.22674853911
-55.7276209351
-0.13944076929
-0.0745259989056
0.688250861069
0.585179919123
0.530351784321
-0.202286945309
-4.21038616798
-3.63399952997
-0.204336732205
-2.0489994144
-1.17378227173
-0.272115162384
-0.189158269744
-0.949063906922
0.53394364702
-53.2499928622
0.213506590056
-24.3974145186
0.301400689657
-0.739974870194
-1.80176926957
-1.76252627273
-2.11037549332
-0.7733787248
-0.761270587465
-0.0404548112177
-1.37651416473
-0.0211130156287
-0.850443385571
0.426501907555
-0.247657610173
-0.470448482437
-0.989195569973
-0.522624269914
0.901421064186
-0.533691562302
0.805882634578
-0.407054095694
-0.689011256193
-0.846228737968
-2.49636987226
-0.924092725043
0.103709344515
-0.431112178885
-0.245377415602
0.988794715144
0.480329211181
-0.0887055458836
0.423735461289
-0.833332728795
0.0811891650167
-0.272347864334
0.936969249033
0.00161955702589
-0.446527506816
-0.374753515787
0.954820088541
0.00322272617434
-0.0196014920312
-0.98460430722
0.393657325468
-0.959340351495
-0.347956145652
0.0852293106767
-1.59705733886
-0.196811798126
-0.615199753344
0.839200810418
-0.588906976457
0.36004666394
-0.803719369102
0.648681207503
0.107323226761
-1.43823813181
0.746959265214
0.268498324039
-0.730795488679
0.0284666998735
0.857381106424
-0.96696151283
-0.380431486211
0.515104888604
0.937917900707
0.399706784257
-0.721469932054
-0.00929741009032
0.488274111631
-0.518752095321
0.297410820044
-0.161010968921
-1.32356305934
0.107888745006
-2.5675690789
-0.473431949302
0.490475619248
-1.16594895387
-0.478444927293
-1.63534472026
-0.0729624821728
0.700882693596
-0.348166154628
0.546672726401
0.982642417422
-1.43372383756
-2.09749876224
-1.38961668354
-2.91948673514
0.968214344477
0.0284031736748
-0.616309453957
0.0735747168109
-0.792903647677
-0.742726370233
-0.67967723513
-0.614450927639
0.720079816712
-0.496611976491
0.68920557044
