4
0
3
2
1
136
-0.215285869329
-10.1307630761
-1.96026241105
-16.8300300464
0.609441016146
-0.737041442749
-11.3556496574
-1.93778298979
-16.974180109
-0.999872372756
0.754413048404
-0.809763423848
-0.684677728661
0.562391595517
-23.7755955672
-5.31147941277
-4.83821138492
-37.4403833446
-0.13944076929
-0.0745259989056
0.688250861069
0.585179919123
0.530351784321
-0.202286945309
-2.98412825398
-2.65299319876
-0.0870424969501
-1.67579048404
-0.80057334137
0.101093767974
-0.189158269744
-0.949063906922
0.53394364702
-35.3359642021
0.213506590056
-16.5493638679
0.301400689657
-0.739974870194
-1.42856033921
-1.38931734237
-1.73716656296
-0.7733787248
-0.592043325674
-0.00913020739111
-1.04827967069
-0.0211130156287
-0.850443385571
0.595732741216
-0.216332737114
-0.142208164192
-0.989195569973
-0.522624269914
0.901421064186
-0.533691562302
0.805882634578
-0.258609938667
-0.689011256193
-0.846228737968
-1.93179232232
-0.924092725043
0.103709344515
-0.431112178885
-0.245377415602
0.988794715144
0.480329211181
-0.0356696543803
0.454449673203
-0.833332728795
0.0811891650167
-0.272347864334
0.936969249033
0.00161955702589
-0.446527506816
-0.374753515787
0.954820088541
0.214264498175
0.032399562136
-0.677555197489
0.393657325468
-0.959340351495
-0.136908923714
0.13723152936
-1.29000225579
-0.196811798126
-0.615199753344
0.839200810418
-0.588906976457
0.36004666394
-0.581847303738
0.648681207503
0.107323226761
-1.00416285174
0.746959265214
0.268498324039
-0.730795488679
0.0284666998735
0.857381106424
-0.96696151283
-0.369807726305
0.525598233274
0.937917900707
0.399706784257
-0.721469932054
-0.00929741009032
0.488274111631
-0.518752095321
0.297410820044
0.0415536599752
-0.449508609702
0.139869899722
-1.52291267272
-0.473431949302
0.693040682675
-0.291891572328
-0.446463673559
-0.590685178489
-0.0729624821728
0.700882693596
-0.348166154628
0.546672726401
0.982642417422
-0.495667696909
-1.48973277195
-0.781850574198
-1.72924394239
0.968214344477
0.0284031736748
-0.616309453957
0.0735747168109
-0.792903647677
-0.742726370233
-0.615758496952
-0.614450927639
0.752067187054
-0.496611976491
0.68920557044
