4
0
3
2
1
136
-0.0987913674955
-8.55195601162
-1.77325807916
-14.3591203493
0.609441016146
-0.620546940916
-9.77684259294
-1.7507786579
-14.5032704119
-0.999872372756
0.754413048404
-0.809763423848
-0.684677728661
0.562391595517
-20.5076182258
-4.62477498093
-4.15150695308
-32.1828025373
-0.13944076929
-0.0745259989056
0.688250861069
0.585179919123
0.530351784321
-0.202286945309
-2.6315791037
-2.37095387854
-0.0533204043144
-1.56849291656
-0.693275773892
0.208391335452
-0.189158269744
-0.949063906922
0.53394364702
-30.1856809623
0.213506590056
-14.2930493058
0.301400689657
-0.739974870194
-1.32126277173
-1.2820197749
-1.62986899548
-0.7733787248
-0.543929401096
-0.000224813556531
-0.954791438911
-0.0211130156287
-0.850443385571
0.643849165312
-0.207427203044
-0.0487160443631
-0.989195569973
-0.522624269914
0.901421064186
-0.533691562302
0.805882634578
-0.216290397537
-0.689011256193
-0.846228737968
-1.77141622323
-0.924092725043
0.103709344515
-0.431112178885
-0.245377415602
0.988794715144
0.480329211181
-0.0205534973676
0.463091190624
-0.833332728795
0.0811891650167
-0.272347864334
0.936969249033
0.00161955702589
-0.446527506816
-0.374753515787
0.954820088541
0.274192182343
0.0471198968272
-0.59010025755
0.393657325468
-0.959340351495
-0.0769776343383
0.151952646929
-1.20254330008
-0.196811798126
-0.615199753344
0.839200810418
-0.588906976457
0.36004666394
-0.518652599778
0.648681207503
0.107323226761
-0.881262848426
0.746959265214
0.268498324039
-0.730795488679
0.0284666998735
0.857381106424
-0.96696151283
-0.366766166681
0.528549975687
0.937917900707
0.399706784257
-0.721469932054
-0.00929741009032
0.488274111631
-0.518752095321
0.297410820044
0.0996207067815
-0.199193215772
0.149028944439
-1.22355811566
-0.473431949302
0.751109987728
-0.0415653010115
-0.437304173985
-0.291319339248
-0.0729624821728
0.700882693596
-0.348166154628
0.546672726401
0.982642417422
-0.22684123652
-1.31518241565
-0.607299494469
-1.38925821111
0.968214344477
0.0284031736748
-0.616309453957
0.0735747168109
-0.792903647677
-0.742726370233
-0.597507684355
-0.614450927639
0.761250521385
-0.496611976491
0.68920557044
