4
0
3
2
1
136
0.273484540537
-3.50663778395
-1.17565727942
-6.46295240427
0.609441016146
-0.248271032883
-4.73152436526
-1.15317785816
-6.60710246692
-0.999872372756
0.754413048404
-0.809763423848
-0.684677728661
0.562391595517
-10.0642993306
-2.43030647052
-1.95703844267
-15.3814030011
-0.13944076929
-0.0745259989056
0.688250861069
0.585179919123
0.530351784321
-0.202286945309
-1.50495464521
-1.46965431174
0.054443674326
-1.22560721181
-0.350390069144
0.5512770402
-0.189158269744
-0.949063906922
0.53394364702
-13.7271671309
0.213506590056
-7.08265277048
0.301400689657
-0.739974870194
-0.978377066984
-0.939134070148
-1.28698329073
-0.7733787248
-0.394829251473
0.0277249822837
-0.663247829608
-0.0211130156287
-0.850443385571
0.792969195593
-0.179476575839
0.2428568938
-0.989195569973
-0.522624269914
0.901421064186
-0.533691562302
0.805882634578
-0.0842609400143
-0.689011256193
-0.846228737968
-1.27067573985
-0.924092725043
0.103709344515
-0.431112178885
-0.245377415602
0.988794715144
0.480329211181
0.0264884022167
0.489688565664
-0.833332728795
0.0811891650167
-0.272347864334
0.936969249033
0.00161955702589
-0.446527506816
-0.374753515787
0.954820088541
0.459638570638
0.092504074188
-0.31745148532
0.393657325468
-0.959340351495
0.108496136654
0.197343234528
-0.929863891637
-0.196811798126
-0.615199753344
0.839200810418
-0.588906976457
0.36004666394
-0.321514425535
0.648681207503
0.107323226761
-0.499553807027
0.746959265214
0.268498324039
-0.730795488679
0.0284666998735
0.857381106424
-0.96696151283
-0.357139015255
0.537481046932
0.937917900707
0.399706784257
-0.721469932054
-0.00929741009032
0.488274111631
-0.518752095321
0.297410820044
0.249253594181
0.480714263956
0.173462990435
-0.392513392012
-0.473431949302
0.900954884024
0.639091793912
-0.412838368477
0.540511963584
-0.0729624821728
0.700882693596
-0.348166154628
0.546672726401
0.982642417422
0.519617453867
-0.817633935393
-0.1096205907
-0.439598567906
0.968214344477
0.0284031736748
-0.616309453957
0.0735747168109
-0.792903647677
-0.742726370233
-0.546544388367
-0.614450927639
0.786190891948
-0.496611976491
0.68920557044
