4
0
3
2
1
136
-0.848408161901
-18.7112362524
-2.97659030176
-30.2588870957
0.609441016146
-1.37016373532
-19.9361228337
-2.9541108805
-30.4030371584
-0.999872372756
0.754413048404
-0.809763423848
-0.684677728661
0.562391595517
-41.5363419876
-9.0435687162
-8.57030068835
-66.0141920798
-0.13944076929
-0.0745259989056
0.688250861069
0.585179919123
0.530351784321
-0.202286945309
-4.90015624461
-4.18581559128
-0.270314739536
-2.25892943772
-1.38371229506
-0.482045185711
-0.189158269744
-0.949063906922
0.53394364702
-63.3266339835
0.213506590056
-28.8119430096
0.301400689657
-0.739974870194
-2.01169929289
-1.97245629606
-2.32030551664
-0.7733787248
-0.856993899959
-0.0582303706279
-1.56204482277
-0.0211130156287
-0.850443385571
0.330778021407
-0.26543324048
-0.655980142335
-0.989195569973
-0.522624269914
0.901421064186
-0.533691562302
0.805882634578
-0.490894974568
-0.689011256193
-0.846228737968
-2.8166662853
-0.924092725043
0.103709344515
-0.431112178885
-0.245377415602
0.988794715144
0.480329211181
-0.118656270938
0.40617151438
-0.833332728795
0.0811891650167
-0.272347864334
0.936969249033
0.00161955702589
-0.446527506816
-0.374753515787
0.954820088541
-0.116279873194
-0.0491536234176
-1.15815566275
0.393657325468
-0.959340351495
-0.467459734344
0.0556769454185
-1.77060972111
-0.196811798126
-0.615199753344
0.839200810418
-0.588906976457
0.36004666394
-0.929175342087
0.648681207503
0.107323226761
-1.68522009855
0.746959265214
0.268498324039
-0.730795488679
0.0284666998735
0.857381106424
-0.96696151283
-0.386421717947
0.509135416983
0.937917900707
0.399706784257
-0.721469932054
-0.00929741009032
0.488274111631
-0.518752095321
0.297410820044
-0.274972895812
-1.81539581562
0.0898947620673
-3.15536879874
-0.473431949302
0.37651369128
-1.65778173252
-0.496438910463
-2.22314447206
-0.0729624821728
0.700882693596
-0.348166154628
0.546672726401
0.982642417422
-1.96154439288
-2.43938474507
-1.73150266658
-3.59047791511
0.968214344477
0.0284031736748
-0.616309453957
0.0735747168109
-0.792903647677
-0.742726370233
-0.715664294816
-0.614450927639
0.702085816136
-0.496611976491
0.68920557044
