4
0
3
2
1
136
-0.0456090949195
-7.83119626481
-1.68788653634
-13.2310963571
0.609441016146
-0.56736466834
-9.05608284613
-1.66540711508
-13.3752464198
-0.999872372756
0.754413048404
-0.809763423848
-0.684677728661
0.562391595517
-19.0157155265
-4.31127947945
-3.8380114516
-29.7826026035
-0.13944076929
-0.0745259989056
0.688250861069
0.585179919123
0.530351784321
-0.202286945309
-2.47063275249
-2.24219679756
-0.0379255359372
-1.51950924445
-0.644292101783
0.257375007562
-0.189158269744
-0.949063906922
0.53394364702
-27.8344647007
0.213506590056
-13.2629926579
0.301400689657
-0.739974870194
-1.27227909962
-1.23303610279
-1.58088532337
-0.7733787248
-0.522114539993
0.00382010914322
-0.912350447195
-0.0211130156287
-0.850443385571
0.66566557277
-0.203382201762
-0.00627268871938
-0.989195569973
-0.522624269914
0.901421064186
-0.533691562302
0.805882634578
-0.197072451907
-0.689011256193
-0.846228737968
-1.69863801621
-0.924092725043
0.103709344515
-0.431112178885
-0.245377415602
0.988794715144
0.480329211181
-0.0136915403154
0.466996351957
-0.833332728795
0.0811891650167
-0.272347864334
0.936969249033
0.00161955702589
-0.446527506816
-0.374753515787
0.954820088541
0.301350047359
0.0537836867053
-0.550399407532
0.393657325468
-0.959340351495
-0.0498175751079
0.158616922645
-1.16283999969
-0.196811798126
-0.615199753344
0.839200810418
-0.588906976457
0.36004666394
-0.489960837607
0.648681207503
0.107323226761
-0.825571310909
0.746959265214
0.268498324039
-0.730795488679
0.0284666998735
0.857381106424
-0.96696151283
-0.365380862395
0.52988021506
0.937917900707
0.399706784257
-0.721469932054
-0.00929741009032
0.488274111631
-0.518752095321
0.297410820044
0.125925276025
-0.0858252257945
0.153172943557
-1.08781979921
-0.473431949302
0.777418088346
0.0718173282848
-0.433159529467
-0.155565898959
-0.0729624821728
0.700882693596
-0.348166154628
0.546672726401
0.982642417422
-0.104915993218
-1.23573834167
-0.52785418382
-1.23532814991
0.968214344477
0.0284031736748
-0.616309453957
0.0735747168109
-0.792903647677
-0.742726370233
-0.589263752506
-0.614450927639
0.765424889767
-0.496611976491
0.68920557044
