4
0
3
2
1
136
0.0683529177436
-6.28671109308
-1.50494751601
-10.8139020883
0.609441016146
-0.453402655677
-7.51159767439
-1.48246809475
-10.9580521509
-0.999872372756
0.754413048404
-0.809763423848
-0.684677728661
0.562391595517
-15.8187811708
-3.63950340483
-3.16623537698
-24.6393170312
-0.13944076929
-0.0745259989056
0.688250861069
0.585179919123
0.530351784321
-0.202286945309
-2.12574771418
-1.96628876691
-0.00493653227178
-1.41454423279
-0.53932709012
0.362340019225
-0.189158269744
-0.949063906922
0.53394364702
-22.7961441401
0.213506590056
-11.0557284124
0.301400689657
-0.739974870194
-1.16731408796
-1.12807109112
-1.47592031171
-0.7733787248
-0.475812094859
0.012436398619
-0.822097877123
-0.0211130156287
-0.850443385571
0.711972498628
-0.194765705454
0.0839866134922
-0.989195569973
-0.522624269914
0.901421064186
-0.533691562302
0.805882634578
-0.156195298352
-0.689011256193
-0.846228737968
-1.54384580591
-0.924092725043
0.103709344515
-0.431112178885
-0.245377415602
0.988794715144
0.480329211181
0.000893958402261
0.475262565938
-0.833332728795
0.0811891650167
-0.272347864334
0.936969249033
0.00161955702589
-0.446527506816
-0.374753515787
0.954820088541
0.358964001222
0.0679040395604
-0.465980345899
0.393657325468
-0.959340351495
0.00780264290674
0.172738696517
-1.07841393293
-0.196811798126
-0.615199753344
0.839200810418
-0.588906976457
0.36004666394
-0.428937938586
0.648681207503
0.107323226761
-0.707323329937
0.746959265214
0.268498324039
-0.730795488679
0.0284666998735
0.857381106424
-0.96696151283
-0.36242137907
0.532681652652
0.937917900707
0.399706784257
-0.721469932054
-0.00929741009032
0.488274111631
-0.518752095321
0.297410820044
0.180382159576
0.150193064329
0.1617594
-0.804076604716
-0.473431949302
0.831903409328
0.307936344515
-0.424568569171
0.128281411507
-0.0729624821728
0.700882693596
-0.348166154628
0.546672726401
0.982642417422
0.150135082785
-1.06804953874
-0.360153709497
-0.913710941672
0.968214344477
0.0284031736748
-0.616309453957
0.0735747168109
-0.792903647677
-0.742726370233
-0.572108077484
-0.614450927639
0.774178023745
-0.496611976491
0.68920557044
