4
0
3
2
1
136
0.377316596519
-2.09944018304
-1.00897950534
-4.26061984818
0.609441016146
-0.144438976901
-3.32432676435
-0.986500084087
-4.40476991083
-0.999872372756
0.754413048404
-0.809763423848
-0.684677728661
0.562391595517
-7.15153691767
-1.81824382475
-1.3449757969
-10.6952983727
-0.13944076929
-0.0745259989056
0.688250861069
0.585179919123
0.530351784321
-0.202286945309
-1.19072605475
-1.21827143936
0.08450032211
-1.12997242676
-0.254755284087
0.646911825265
-0.189158269744
-0.949063906922
0.53394364702
-9.13669728706
0.213506590056
-5.07158979123
0.301400689657
-0.739974870194
-0.882742281911
-0.843499285068
-1.19134850564
-0.7733787248
-0.355628671286
0.0353261677764
-0.585524958965
-0.0211130156287
-0.850443385571
0.832180660275
-0.171875004113
0.32059538205
-0.989195569973
-0.522624269914
0.901421064186
-0.533691562302
0.805882634578
-0.0491187230264
-0.689011256193
-0.846228737968
-1.13613412392
-0.924092725043
0.103709344515
-0.431112178885
-0.245377415602
0.988794715144
0.480329211181
0.0389228612269
0.496700036803
-0.833332728795
0.0811891650167
-0.272347864334
0.936969249033
0.00161955702589
-0.446527506816
-0.374753515787
0.954820088541
0.508340132906
0.104349755382
-0.244829560888
0.393657325468
-0.959340351495
0.157212331924
0.20919252278
-0.857225578407
-0.196811798126
-0.615199753344
0.839200810418
-0.588906976457
0.36004666394
-0.26896701545
0.648681207503
0.107323226761
-0.397831708228
0.746959265214
0.268498324039
-0.730795488679
0.0284666998735
0.857381106424
-0.96696151283
-0.354497195989
0.539741672753
0.937917900707
0.399706784257
-0.721469932054
-0.00929741009032
0.488274111631
-0.518752095321
0.297410820044
0.264724953655
0.576507253123
0.176749508388
-0.261630693508
-0.473431949302
0.916484414773
0.735164644194
-0.409540857492
0.671701407578
-0.0729624821728
0.700882693596
-0.348166154628
0.546672726401
0.982642417422
0.635301968697
-0.738075015969
-0.0299960611894
-0.280541916409
0.968214344477
0.0284031736748
-0.616309453957
0.0735747168109
-0.792903647677
-0.742726370233
-0.5375501584
-0.614450927639
0.789170040824
-0.496611976491
0.68920557044
