4
0
3
2
1
136
0.600174162747
0.922350842295
-0.648090047514
0.480993866245
0.609441016146
0.0785598634016
-0.300993684174
-0.625566009541
0.338805591284
-0.999872372756
0.754413048404
-0.809763423848
-0.684677728661
0.562391595517
-0.865646660657
-0.496947177669
-0.0235914902501
-0.622201758577
-0.13944076929
-0.0745259989056
0.688250861069
0.585179919123
0.530351784321
-0.202286945309
-0.511031755216
-0.675503648336
0.14946762924
-0.922670232827
-0.0474524129237
0.854215372127
-0.189158269744
-0.949063906922
0.53394364702
0.737411187301
0.213506590056
-0.728732377985
0.301400689657
-0.739974870194
-0.675438060876
-0.636194391382
-0.984042940826
-0.7733787248
-0.277075213476
0.0514062315517
-0.426494014371
-0.0211130156287
-0.850443385571
0.910768151735
-0.155793790476
0.479674915411
-0.989195569973
-0.522624269914
0.901421064186
-0.533691562302
0.805882634578
0.0224061940605
-0.689011256193
-0.846228737968
-0.856589068031
-0.924092725043
0.103709344515
-0.431112178885
-0.245377415602
0.988794715144
0.480329211181
0.0639257689477
0.511032114945
-0.833332728795
0.0811891650167
-0.272347864334
0.936969249033
0.00161955702589
-0.446527506816
-0.374753515787
0.954820088541
0.605964008758
0.12789092791
-0.0964089112756
0.393657325468
-0.959340351495
0.254881351161
0.232745020135
-0.708754156346
-0.196811798126
-0.615199753344
0.839200810418
-0.588906976457
0.36004666394
-0.161615574682
0.648681207503
0.107323226761
-0.188460424185
0.746959265214
0.268498324039
-0.730795488679
0.0284666998735
0.857381106424
-0.96696151283
-0.348876058758
0.544110930909
0.937917900707
0.399706784257
-0.721469932054
-0.00929741009032
0.488274111631
-0.518752095321
0.297410820044
0.280479908268
0.691315793103
0.180672824603
-0.0860478718298
-0.473431949302
0.932281728583
0.85024329603
-0.405607251495
0.847601966784
-0.0729624821728
0.700882693596
-0.348166154628
0.546672726401
0.982642417422
0.78657138077
-0.635769877505
0.0723802608168
-0.0497292907154
0.968214344477
0.0284031736748
-0.616309453957
0.0735747168109
-0.792903647677
-0.742726370233
-0.524118799277
-0.614450927639
0.792156983166
-0.496611976491
0.68920557044
