4
0
3
2
1
136
-0.0354791382383
-7.69390869399
-1.67162529009
-13.0162346444
0.609441016146
-0.557234711659
-8.9187952753
-1.64914586883
-13.160384707
-0.999872372756
0.754413048404
-0.809763423848
-0.684677728661
0.562391595517
-18.7315435838
-4.25156605059
-3.77829802274
-29.3254216638
-0.13944076929
-0.0745259989056
0.688250861069
0.585179919123
0.530351784321
-0.202286945309
-2.43997630464
-2.21767163928
-0.0349931800558
-1.51017902119
-0.634961878524
0.266705230821
-0.189158269744
-0.949063906922
0.53394364702
-27.3866139842
0.213506590056
-13.0667913916
0.301400689657
-0.739974870194
-1.26294887636
-1.22370587953
-1.57155510011
-0.7733787248
-0.517972472345
0.0045889457108
-0.904287101241
-0.0211130156287
-0.850443385571
0.669807969986
-0.202613349035
0.001791157848
-0.989195569973
-0.522624269914
0.901421064186
-0.533691562302
0.805882634578
-0.193420862116
-0.689011256193
-0.846228737968
-1.68481130255
-0.924092725043
0.103709344515
-0.431112178885
-0.245377415602
0.988794715144
0.480329211181
-0.0123879722212
0.467736999335
-0.833332728795
0.0811891650167
-0.272347864334
0.936969249033
0.00161955702589
-0.446527506816
-0.374753515787
0.954820088541
0.306505630201
0.0550481921939
-0.542856817231
0.393657325468
-0.959340351495
-0.0446615272483
0.159881531955
-1.15529688975
-0.196811798126
-0.615199753344
0.839200810418
-0.588906976457
0.36004666394
-0.484509422099
0.648681207503
0.107323226761
-0.8149971621
0.746959265214
0.268498324039
-0.730795488679
0.0284666998735
0.857381106424
-0.96696151283
-0.365117268345
0.530132114406
0.937917900707
0.399706784257
-0.721469932054
-0.00929741009032
0.488274111631
-0.518752095321
0.297410820044
0.130902205487
-0.0643647717918
0.153956629663
-1.06210162821
-0.473431949302
0.782396088359
0.0932819870486
-0.432375655882
-0.129843386141
-0.0729624821728
0.700882693596
-0.348166154628
0.546672726401
0.982642417422
-0.0818105932291
-1.22064782682
-0.512763279027
-1.20617732607
0.968214344477
0.0284031736748
-0.616309453957
0.0735747168109
-0.792903647677
-0.742726370233
-0.587704740193
-0.614450927639
0.766216872186
-0.496611976491
0.68920557044
