4
0
3
2
1
136
-0.481197232209
-13.7345618101
-2.38712012515
-22.4701500071
0.609441016146
-1.00295280563
-14.9594483914
-2.36464070389
-22.6143000697
-0.999872372756
0.754413048404
-0.809763423848
-0.684677728661
0.562391595517
-31.2351090637
-6.87895692021
-6.40568889236
-49.4413830133
-0.13944076929
-0.0745259989056
0.688250861069
0.585179919123
0.530351784321
-0.202286945309
-3.78886001004
-3.29677860362
-0.164016838836
-1.92070884459
-1.04549170192
-0.143824592573
-0.189158269744
-0.949063906922
0.53394364702
-47.0920455103
0.213506590056
-21.6996471074
0.301400689657
-0.739974870194
-1.67347869976
-1.63423570292
-1.98208492351
-0.7733787248
-0.702899116542
-0.0296384295784
-1.26335038343
-0.0211130156287
-0.850443385571
0.48487406244
-0.236841163265
-0.357283543644
-0.989195569973
-0.522624269914
0.901421064186
-0.533691562302
0.805882634578
-0.355896556015
-0.689011256193
-0.846228737968
-2.30141712792
-0.924092725043
0.103709344515
-0.431112178885
-0.245377415602
0.988794715144
0.480329211181
-0.0704284780105
0.43438335165
-0.833332728795
0.0811891650167
-0.272347864334
0.936969249033
0.00161955702589
-0.446527506816
-0.374753515787
0.954820088541
0.0760561378004
-0.00162724660544
-0.878746085429
0.393657325468
-0.959340351495
-0.275121632202
0.103203795954
-1.49119793363
-0.196811798126
-0.615199753344
0.839200810418
-0.588906976457
0.36004666394
-0.727218370509
0.648681207503
0.107323226761
-1.28813979368
0.746959265214
0.268498324039
-0.730795488679
0.0284666998735
0.857381106424
-0.96696151283
-0.376774428094
0.518736857556
0.937917900707
0.399706784257
-0.721469932054
-0.00929741009032
0.488274111631
-0.518752095321
0.297410820044
-0.0913680825728
-1.02300876321
0.118884942377
-2.20836933166
-0.473431949302
0.560118512696
-0.86539456601
-0.46744872826
-1.27614486161
-0.0729624821728
0.700882693596
-0.348166154628
0.546672726401
0.982642417422
-1.11117704647
-1.88856880706
-1.18068672684
-2.5097783375
0.968214344477
0.0284031736748
-0.616309453957
0.0735747168109
-0.792903647677
-0.742726370233
-0.657687702858
-0.614450927639
0.731076135408
-0.496611976491
0.68920557044
