4
0
3
2
1
136
-1.00035751212
-20.7705498147
-3.22050899553
-33.4818127876
0.609441016146
-1.52211308554
-21.995436396
-3.19802957427
-33.6259628502
-0.999872372756
0.754413048404
-0.809763423848
-0.684677728661
0.562391595517
-45.7989211285
-9.93927014902
-9.46600212117
-72.8719061762
-0.13944076929
-0.0745259989056
0.688250861069
0.585179919123
0.530351784321
-0.202286945309
-5.36000296236
-4.55369296548
-0.314300077756
-2.39888278661
-1.52366564394
-0.621998534595
-0.189158269744
-0.949063906922
0.53394364702
-70.044394731
0.213506590056
-31.7549620037
0.301400689657
-0.739974870194
-2.15165264178
-2.11240964494
-2.46025886553
-0.7733787248
-0.9208863994
-0.0701198776561
-1.6858649046
-0.0211130156287
-0.850443385571
0.266885334877
-0.27732277861
-0.779800559864
-0.989195569973
-0.522624269914
0.901421064186
-0.533691562302
0.805882634578
-0.546834616207
-0.689011256193
-0.846228737968
-3.03083588048
-0.924092725043
0.103709344515
-0.431112178885
-0.245377415602
0.988794715144
0.480329211181
-0.138637889241
0.394389444232
-0.833332728795
0.0811891650167
-0.272347864334
0.936969249033
0.00161955702589
-0.446527506816
-0.374753515787
0.954820088541
-0.196076439362
-0.068925245014
-1.27398091971
0.393657325468
-0.959340351495
-0.547256653437
0.0359052267877
-1.88643532516
-0.196811798126
-0.615199753344
0.839200810418
-0.588906976457
0.36004666394
-1.01292868566
0.648681207503
0.107323226761
-1.85059100905
0.746959265214
0.268498324039
-0.730795488679
0.0284666998735
0.857381106424
-0.96696151283
-0.390417589743
0.505146068374
0.937917900707
0.399706784257
-0.721469932054
-0.00929741009032
0.488274111631
-0.518752095321
0.297410820044
-0.350947567675
-2.14328623465
0.0778987613275
-3.5472376952
-0.473431949302
0.300539019376
-1.98567215329
-0.50843491121
-2.61501337182
-0.0729624821728
0.700882693596
-0.348166154628
0.546672726401
0.982642417422
-2.31342678618
-2.66730876846
-1.95942668997
-4.03803271259
0.968214344477
0.0284031736748
-0.616309453957
0.0735747168109
-0.792903647677
-0.742726370233
-0.739656210465
-0.614450927639
0.690089814826
-0.496611976491
0.68920557044
