4
0
3
2
1
136
-0.744576105919
-17.3040386515
-2.80991252768
-28.0565545396
0.609441016146
-1.26633167934
-18.5289252328
-2.78743310643
-28.2007046023
-0.999872372756
0.754413048404
-0.809763423848
-0.684677728661
0.562391595517
-38.6235795746
-8.43150607044
-7.95823804258
-61.3280874472
-0.13944076929
-0.0745259989056
0.688250861069
0.585179919123
0.530351784321
-0.202286945309
-4.58592765415
-3.93443271891
-0.240258091752
-2.16329464932
-1.28807750665
-0.386410397306
-0.189158269744
-0.949063906922
0.53394364702
-58.7361641393
0.213506590056
-26.8008800304
0.301400689657
-0.739974870194
-1.91606450449
-1.87682150765
-2.22467072824
-0.7733787248
-0.813363965954
-0.0501225886015
-1.47748621802
-0.0211130156287
-0.850443385571
0.374408158147
-0.257325430547
-0.571421179288
-0.989195569973
-0.522624269914
0.901421064186
-0.533691562302
0.805882634578
-0.45268704266
-0.689011256193
-0.846228737968
-2.67058788596
-0.924092725043
0.103709344515
-0.431112178885
-0.245377415602
0.988794715144
0.480329211181
-0.105007607019
0.414191411196
-0.833332728795
0.0811891650167
-0.272347864334
0.936969249033
0.00161955702589
-0.446527506816
-0.374753515787
0.954820088541
-0.0618032181288
-0.0356729357003
-1.07905695288
0.393657325468
-0.959340351495
-0.412982718462
0.0691577224396
-1.69151064323
-0.196811798126
-0.615199753344
0.839200810418
-0.588906976457
0.36004666394
-0.871991055784
0.648681207503
0.107323226761
-1.57252479694
0.746959265214
0.268498324039
-0.730795488679
0.0284666998735
0.857381106424
-0.96696151283
-0.383692151314
0.511857719991
0.937917900707
0.399706784257
-0.721469932054
-0.00929741009032
0.488274111631
-0.518752095321
0.297410820044
-0.223056879781
-1.59133783686
0.0980920271992
-2.88759236627
-0.473431949302
0.428429707461
-1.43372374945
-0.488241645302
-1.95536803269
-0.0729624821728
0.700882693596
-0.348166154628
0.546672726401
0.982642417422
-1.72109193465
-2.28363666845
-1.57575458994
-3.28473982776
0.968214344477
0.0284031736748
-0.616309453957
0.0735747168109
-0.792903647677
-0.742726370233
-0.699269958739
-0.614450927639
0.71028308358
-0.496611976491
0.68920557044
