4
0
3
2
1
136
-0.357105262865
-12.0527890676
-2.18791985857
-19.8380940254
0.609441016146
-0.878860836285
-13.2776756489
-2.16544043731
-19.9822440881
-0.999872372756
0.754413048404
-0.809763423848
-0.684677728661
0.562391595517
-27.7540027653
-6.14746741673
-5.67419938888
-43.8409165013
-0.13944076929
-0.0745259989056
0.688250861069
0.585179919123
0.530351784321
-0.202286945309
-3.41331852388
-2.99634541468
-0.128095479289
-1.80641360966
-0.931196466996
-0.0295293576512
-0.189158269744
-0.949063906922
0.53394364702
-41.6058742331
0.213506590056
-19.2961815957
0.301400689657
-0.739974870194
-1.55918346484
-1.519940468
-1.86778968858
-0.7733787248
-0.651039167948
-0.0200412055834
-1.16277392542
-0.0211130156287
-0.850443385571
0.536735010095
-0.227243860084
-0.256705440072
-0.989195569973
-0.522624269914
0.901421064186
-0.533691562302
0.805882634578
-0.310412358847
-0.689011256193
-0.846228737968
-2.12842535925
-0.924092725043
0.103709344515
-0.431112178885
-0.245377415602
0.988794715144
0.480329211181
-0.0541774567589
0.443797400408
-0.833332728795
0.0811891650167
-0.272347864334
0.936969249033
0.00161955702589
-0.446527506816
-0.374753515787
0.954820088541
0.140732814166
0.0143094652422
-0.784661145944
0.393657325468
-0.959340351495
-0.21044341443
0.119140835177
-1.39711130923
-0.196811798126
-0.615199753344
0.839200810418
-0.588906976457
0.36004666394
-0.659235293258
0.648681207503
0.107323226761
-1.15512302467
0.746959265214
0.268498324039
-0.730795488679
0.0284666998735
0.857381106424
-0.96696151283
-0.373520157404
0.521954501806
0.937917900707
0.399706784257
-0.721469932054
-0.00929741009032
0.488274111631
-0.518752095321
0.297410820044
-0.0293254813319
-0.755277469486
0.12868083861
-1.88839122429
-0.473431949302
0.622161156456
-0.597662887467
-0.457652821869
-0.956166325993
-0.0729624821728
0.700882693596
-0.348166154628
0.546672726401
0.982642417422
-0.823850721008
-1.7024335497
-0.994551459252
-2.14514380842
0.968214344477
0.0284031736748
-0.616309453957
0.0735747168109
-0.792903647677
-0.742726370233
-0.638104518615
-0.614450927639
0.740872729413
-0.496611976491
0.68920557044
