4
0
3
2
1
136
-0.501457145572
-14.0091369518
-2.41964261765
-22.8998734327
0.609441016146
-1.02321271899
-15.2340235331
-2.39716319639
-23.0440234953
-0.999872372756
0.754413048404
-0.809763423848
-0.684677728661
0.562391595517
-31.8034529492
-6.99838377792
-6.52511575007
-50.3557448929
-0.13944076929
-0.0745259989056
0.688250861069
0.585179919123
0.530351784321
-0.202286945309
-3.85017290574
-3.34582892018
-0.169881550599
-1.9393692911
-1.06415214844
-0.162485039091
-0.189158269744
-0.949063906922
0.53394364702
-47.9877469433
0.213506590056
-22.09204964
0.301400689657
-0.739974870194
-1.69213914628
-1.65289614944
-2.00074537002
-0.7733787248
-0.71138073925
-0.0312090693
-1.2797956794
-0.0211130156287
-0.850443385571
0.476392316623
-0.238411813844
-0.373729045717
-0.989195569973
-0.522624269914
0.901421064186
-0.533691562302
0.805882634578
-0.363332063666
-0.689011256193
-0.846228737968
-2.32972782546
-0.924092725043
0.103709344515
-0.431112178885
-0.245377415602
0.988794715144
0.480329211181
-0.073085046563
0.432839448414
-0.833332728795
0.0811891650167
-0.272347864334
0.936969249033
0.00161955702589
-0.446527506816
-0.374753515787
0.954820088541
0.0654753218296
-0.00423663665937
-0.894129811301
0.393657325468
-0.959340351495
-0.285702642783
0.100594364163
-1.50658187027
-0.196811798126
-0.615199753344
0.839200810418
-0.588906976457
0.36004666394
-0.738334949402
0.648681207503
0.107323226761
-1.30992466758
0.746959265214
0.268498324039
-0.730795488679
0.0284666998735
0.857381106424
-0.96696151283
-0.377306122636
0.518209683623
0.937917900707
0.399706784257
-0.721469932054
-0.00929741009032
0.488274111631
-0.518752095321
0.297410820044
-0.101497873061
-1.06672443598
0.11728551639
-2.2606151822
-0.473431949302
0.549988720123
-0.909110262789
-0.469048154742
-1.3283907403
-0.0729624821728
0.700882693596
-0.348166154628
0.546672726401
0.982642417422
-1.15809165615
-1.91895855561
-1.21107647585
-2.56934935262
0.968214344477
0.0284031736748
-0.616309453957
0.0735747168109
-0.792903647677
-0.742726370233
-0.660885872447
-0.614450927639
0.729476673806
-0.496611976491
0.68920557044
