4
0
3
2
1
136
-0.202623423477
-9.95915361254
-1.93993585323
-16.5614529054
0.609441016146
-0.724378996898
-11.1840401939
-1.91745643198
-16.705602968
-0.999872372756
0.754413048404
-0.809763423848
-0.684677728661
0.562391595517
-23.4203806387
-5.2368376267
-4.76356959885
-36.8689071699
-0.13944076929
-0.0745259989056
0.688250861069
0.585179919123
0.530351784321
-0.202286945309
-2.94580769417
-2.62233675091
-0.0833770520984
-1.66412770496
-0.788910562297
0.112756547048
-0.189158269744
-0.949063906922
0.53394364702
-34.7761508065
0.213506590056
-16.3041122851
0.301400689657
-0.739974870194
-1.41689756014
-1.3776545633
-1.72550378388
-0.7733787248
-0.586795505463
-0.00815949997275
-1.03808897565
-0.0211130156287
-0.850443385571
0.600980783979
-0.215362016316
-0.132017118737
-0.989195569973
-0.522624269914
0.901421064186
-0.533691562302
0.805882634578
-0.253997830477
-0.689011256193
-0.846228737968
-1.91430407421
-0.924092725043
0.103709344515
-0.431112178885
-0.245377415602
0.988794715144
0.480329211181
-0.0340220104328
0.455394194394
-0.833332728795
0.0811891650167
-0.272347864334
0.936969249033
0.00161955702589
-0.446527506816
-0.374753515787
0.954820088541
0.220802738402
0.0340065990977
-0.668022085462
0.393657325468
-0.959340351495
-0.130370358558
0.138838636086
-1.28046878268
-0.196811798126
-0.615199753344
0.839200810418
-0.588906976457
0.36004666394
-0.574959103733
0.648681207503
0.107323226761
-0.99075051801
0.746959265214
0.268498324039
-0.730795488679
0.0284666998735
0.857381106424
-0.96696151283
-0.369476720315
0.525921194853
0.937917900707
0.399706784257
-0.721469932054
-0.00929741009032
0.488274111631
-0.518752095321
0.297410820044
0.0478773990151
-0.422238351646
0.140867869132
-1.49031133082
-0.473431949302
0.699364515998
-0.264620786558
-0.445465683645
-0.558083285378
-0.0729624821728
0.700882693596
-0.348166154628
0.546672726401
0.982642417422
-0.466392776944
-1.47074646078
-0.762864235161
-1.69218467616
0.968214344477
0.0284031736748
-0.616309453957
0.0735747168109
-0.792903647677
-0.742726370233
-0.613767628636
-0.614450927639
0.753066356849
-0.496611976491
0.68920557044
