4
0
3
2
1
136
-0.258338185224
-10.7142352521
-2.02937270762
-17.7431923257
0.609441016146
-0.780093758644
-11.9391218334
-2.00689328636
-17.8873423884
-0.999872372756
0.754413048404
-0.809763423848
-0.684677728661
0.562391595517
-24.9833263237
-5.5652614854
-5.09199345755
-39.3834023386
-0.13944076929
-0.0745259989056
0.688250861069
0.585179919123
0.530351784321
-0.202286945309
-3.11441815734
-2.75722512145
-0.099505009446
-1.71544393289
-0.840226790221
0.0614403191236
-0.189158269744
-0.949063906922
0.53394364702
-37.2393297472
0.213506590056
-17.3832192495
0.301400689657
-0.739974870194
-1.46821378806
-1.42897079122
-1.77682001181
-0.7733787248
-0.609912933611
-0.0124351399163
-1.08297178382
-0.0211130156287
-0.850443385571
0.577862450585
-0.219637712157
-0.176901358754
-0.989195569973
-0.522624269914
0.901421064186
-0.533691562302
0.805882634578
-0.274309185645
-0.689011256193
-0.846228737968
-1.99134243818
-0.924092725043
0.103709344515
-0.431112178885
-0.245377415602
0.988794715144
0.480329211181
-0.041278366632
0.451229726819
-0.833332728795
0.0811891650167
-0.272347864334
0.936969249033
0.00161955702589
-0.446527506816
-0.374753515787
0.954820088541
0.191997538028
0.026924725158
-0.710008721713
0.393657325468
-0.959340351495
-0.159176887064
0.131756477911
-1.32245689316
-0.196811798126
-0.615199753344
0.839200810418
-0.588906976457
0.36004666394
-0.605296368278
0.648681207503
0.107323226761
-1.0498517071
0.746959265214
0.268498324039
-0.730795488679
0.0284666998735
0.857381106424
-0.96696151283
-0.370933768858
0.524496931958
0.937917900707
0.399706784257
-0.721469932054
-0.00929741009032
0.488274111631
-0.518752095321
0.297410820044
0.0200442295931
-0.542280323491
0.136474909431
-1.63381037134
-0.473431949302
0.671531041511
-0.384664539179
-0.449858710728
-0.701584191853
-0.0729624821728
0.700882693596
-0.348166154628
0.546672726401
0.982642417422
-0.595249182352
-1.55429526805
-0.846413130852
-1.85535922923
0.968214344477
0.0284031736748
-0.616309453957
0.0735747168109
-0.792903647677
-0.742726370233
-0.622534528803
-0.614450927639
0.748669373034
-0.496611976491
0.68920557044
