4
0
3
2
1
136
-0.668601430811
-16.2743818703
-2.6879531808
-26.4450916937
0.609441016146
-1.19035700423
-17.4992684516
-2.66547375954
-26.5892417563
-0.999872372756
0.754413048404
-0.809763423848
-0.684677728661
0.562391595517
-36.4922900042
-7.98365535402
-7.51038732617
-57.899230399
-0.13944076929
-0.0745259989056
0.688250861069
0.585179919123
0.530351784321
-0.202286945309
-4.35600429527
-3.7504940318
-0.218265422641
-2.09331797488
-1.21810083221
-0.316433722864
-0.189158269744
-0.949063906922
0.53394364702
-55.3772837656
0.213506590056
-25.3293705334
0.301400689657
-0.739974870194
-1.84608783005
-1.80684483321
-2.1546940538
-0.7733787248
-0.78146217587
-0.044200398892
-1.41565302509
-0.0211130156287
-0.850443385571
0.406310154657
-0.251403215955
-0.509587626514
-0.989195569973
-0.522624269914
0.901421064186
-0.533691562302
0.805882634578
-0.424743643242
-0.689011256193
-0.846228737968
-2.56387131662
-0.924092725043
0.103709344515
-0.431112178885
-0.245377415602
0.988794715144
0.480329211181
-0.0950251570772
0.420040501172
-0.833332728795
0.0811891650167
-0.272347864334
0.936969249033
0.00161955702589
-0.446527506816
-0.374753515787
0.954820088541
-0.0219789588672
-0.0258275731438
-1.02121617826
0.393657325468
-0.959340351495
-0.373158105589
0.0790031674927
-1.6336695001
-0.196811798126
-0.615199753344
0.839200810418
-0.588906976457
0.36004666394
-0.830181345796
0.648681207503
0.107323226761
-1.49025198901
0.746959265214
0.268498324039
-0.730795488679
0.0284666998735
0.857381106424
-0.96696151283
-0.381695593239
0.513846786884
0.937917900707
0.399706784257
-0.721469932054
-0.00929741009032
0.488274111631
-0.518752095321
0.297410820044
-0.185069571956
-1.42739368677
0.10409002134
-2.69165926833
-0.473431949302
0.466417015659
-1.26977959127
-0.482243651082
-1.7594349231
-0.0729624821728
0.700882693596
-0.348166154628
0.546672726401
0.982642417422
-1.54515186158
-2.1696746747
-1.46179259611
-3.06109373627
0.968214344477
0.0284031736748
-0.616309453957
0.0735747168109
-0.792903647677
-0.742726370233
-0.687274303593
-0.614450927639
0.71628108379
-0.496611976491
0.68920557044
