4
0
3
2
1
136
-0.595159244872
-15.2790469819
-2.57005914547
-24.887344276
0.609441016146
-1.11691481829
-16.5039335632
-2.54757972422
-25.0314943386
-0.999872372756
0.754413048404
-0.809763423848
-0.684677728661
0.562391595517
-34.4320434194
-7.55073299483
-7.07746496697
-54.5846685857
-0.13944076929
-0.0745259989056
0.688250861069
0.585179919123
0.530351784321
-0.202286945309
-4.13374504836
-3.57268663427
-0.197005842502
-2.02567385625
-1.15045671358
-0.248789604237
-0.189158269744
-0.949063906922
0.53394364702
-52.1303660709
0.213506590056
-23.9069113529
0.301400689657
-0.739974870194
-1.77844371142
-1.73920071459
-2.08704993517
-0.7733787248
-0.750648224113
-0.0384851886877
-1.3559229741
-0.0211130156287
-0.850443385571
0.437124370162
-0.245687977284
-0.449857121752
-0.989195569973
-0.522624269914
0.901421064186
-0.533691562302
0.805882634578
-0.397746794829
-0.689011256193
-0.846228737968
-2.46087218362
-0.924092725043
0.103709344515
-0.431112178885
-0.245377415602
0.988794715144
0.480329211181
-0.0853804297711
0.425676975085
-0.833332728795
0.0811891650167
-0.272347864334
0.936969249033
0.00161955702589
-0.446527506816
-0.374753515787
0.954820088541
0.0164793469414
-0.0163278008673
-0.965342532337
0.393657325468
-0.959340351495
-0.334699361321
0.0885030381823
-1.5777953901
-0.196811798126
-0.615199753344
0.839200810418
-0.588906976457
0.36004666394
-0.78979830075
0.648681207503
0.107323226761
-1.41089359913
0.746959265214
0.268498324039
-0.730795488679
0.0284666998735
0.857381106424
-0.96696151283
-0.379766304836
0.51576643721
0.937917900707
0.399706784257
-0.721469932054
-0.00929741009032
0.488274111631
-0.518752095321
0.297410820044
-0.148348561696
-1.26891570719
0.109888069528
-2.50225883994
-0.473431949302
0.503138026958
-1.11130159387
-0.476445602662
-1.57003447111
-0.0729624821728
0.700882693596
-0.348166154628
0.546672726401
0.982642417422
-1.3750778613
-2.05951145054
-1.35162937175
-2.8449696353
0.968214344477
0.0284031736748
-0.616309453957
0.0735747168109
-0.792903647677
-0.742726370233
-0.675678868056
-0.614450927639
0.722079149442
-0.496611976491
0.68920557044
