4
0
3
2
1
136
-1.06620223055
-21.662919025
-3.32620709616
-34.8784139207
0.609441016146
-1.58795780397
-22.8878056063
-3.30372767491
-35.0225639833
-0.999872372756
0.754413048404
-0.809763423848
-0.684677728661
0.562391595517
-47.6460387562
-10.3274074366
-9.85413940873
-75.8435822847
-0.13944076929
-0.0745259989056
0.688250861069
0.585179919123
0.530351784321
-0.202286945309
-5.55926987339
-4.7131064943
-0.333360390985
-2.45952923779
-1.58431209512
-0.682644985778
-0.189158269744
-0.949063906922
0.53394364702
-72.9554243883
0.213506590056
-33.0302702344
0.301400689657
-0.739974870194
-2.21229909296
-2.17305609613
-2.52090531671
-0.7733787248
-0.948584261244
-0.0752795384317
-1.73953941509
-0.0211130156287
-0.850443385571
0.239187418814
-0.282482450085
-0.833475168562
-0.989195569973
-0.522624269914
0.901421064186
-0.533691562302
0.805882634578
-0.57108136166
-0.689011256193
-0.846228737968
-3.1237636456
-0.924092725043
0.103709344515
-0.431112178885
-0.245377415602
0.988794715144
0.480329211181
-0.147298465221
0.389269672057
-0.833332728795
0.0811891650167
-0.272347864334
0.936969249033
0.00161955702589
-0.446527506816
-0.374753515787
0.954820088541
-0.230674824955
-0.0775065469138
-1.32418994936
0.393657325468
-0.959340351495
-0.581855147295
0.0273238916208
-1.93664445722
-0.196811798126
-0.615199753344
0.839200810418
-0.588906976457
0.36004666394
-1.04924116315
0.648681207503
0.107323226761
-1.92239409199
0.746959265214
0.268498324039
-0.730795488679
0.0284666998735
0.857381106424
-0.96696151283
-0.392149496397
0.503415987923
0.937917900707
0.399706784257
-0.721469932054
-0.00929741009032
0.488274111631
-0.518752095321
0.297410820044
-0.383869926617
-2.28537216726
0.0727004941263
-3.7170476814
-0.473431949302
0.26761666043
-2.12775808613
-0.513633178412
-2.78482335853
-0.0729624821728
0.700882693596
-0.348166154628
0.546672726401
0.982642417422
-2.46590924903
-2.76607584594
-2.05819376746
-4.23200885481
0.968214344477
0.0284031736748
-0.616309453957
0.0735747168109
-0.792903647677
-0.742726370233
-0.750052732913
-0.614450927639
0.684891547583
-0.496611976491
0.68920557044
