4
0
3
2
1
136
-0.496392167231
-13.9404931664
-2.41151199452
-22.7924425763
0.609441016146
-1.01814774065
-15.1653797477
-2.38903257327
-22.9365926389
-0.999872372756
0.754413048404
-0.809763423848
-0.684677728661
0.562391595517
-31.6613669778
-6.96852706349
-6.49525903564
-50.127154423
-0.13944076929
-0.0745259989056
0.688250861069
0.585179919123
0.530351784321
-0.202286945309
-3.83484468182
-3.33356634104
-0.168415372658
-1.93470417947
-1.05948703681
-0.157819927462
-0.189158269744
-0.949063906922
0.53394364702
-47.763821585
0.213506590056
-21.9939490068
0.301400689657
-0.739974870194
-1.68747403465
-1.64823103781
-1.99608025839
-0.7733787248
-0.709260009806
-0.0308163185785
-1.27568380842
-0.0211130156287
-0.850443385571
0.478513075968
-0.238019060457
-0.369617124593
-0.989195569973
-0.522624269914
0.901421064186
-0.533691562302
0.805882634578
-0.361472978925
-0.689011256193
-0.846228737968
-2.32264855339
-0.924092725043
0.103709344515
-0.431112178885
-0.245377415602
0.988794715144
0.480329211181
-0.0724208324845
0.433225591432
-0.833332728795
0.0811891650167
-0.272347864334
0.936969249033
0.00161955702589
-0.446527506816
-0.374753515787
0.954820088541
0.0681210041804
-0.00358411315711
-0.890283371591
0.393657325468
-0.959340351495
-0.283056913043
0.101246897845
-1.50273537929
-0.196811798126
-0.615199753344
0.839200810418
-0.588906976457
0.36004666394
-0.735555413492
0.648681207503
0.107323226761
-1.30447681504
0.746959265214
0.268498324039
-0.730795488679
0.0284666998735
0.857381106424
-0.96696151283
-0.377173190277
0.518341518024
0.937917900707
0.399706784257
-0.721469932054
-0.00929741009032
0.488274111631
-0.518752095321
0.297410820044
-0.0989654209441
-1.05579545441
0.117685374011
-2.24755365381
-0.473431949302
0.552521172704
-0.898181275743
-0.468648297011
-1.31532920546
-0.0729624821728
0.700882693596
-0.348166154628
0.546672726401
0.982642417422
-1.14636294252
-1.911361115
-1.20347903514
-2.55445575641
0.968214344477
0.0284031736748
-0.616309453957
0.0735747168109
-0.792903647677
-0.742726370233
-0.660086315802
-0.614450927639
0.729876539378
-0.496611976491
0.68920557044
