4
0
3
2
1
136
-0.612886669064
-15.5193002308
-2.59851632641
-25.2633522734
0.609441016146
-1.13464224248
-16.7441868121
-2.57603690516
-25.407502336
-0.999872372756
0.754413048404
-0.809763423848
-0.684677728661
0.562391595517
-34.9293443192
-7.65523149532
-7.18196346747
-55.3847352303
-0.13944076929
-0.0745259989056
0.688250861069
0.585179919123
0.530351784321
-0.202286945309
-4.1873938321
-3.61560566126
-0.202137465294
-2.04200174695
-1.16678460428
-0.26511749494
-0.189158269744
-0.949063906922
0.53394364702
-52.9141048248
0.213506590056
-24.2502635689
0.301400689657
-0.739974870194
-1.79477160212
-1.75552860529
-2.10337782587
-0.7733787248
-0.75808350807
-0.0398637944742
-1.37033617353
-0.0211130156287
-0.850443385571
0.429689015742
-0.247066590384
-0.464270441821
-0.989195569973
-0.522624269914
0.901421064186
-0.533691562302
0.805882634578
-0.404261673392
-0.689011256193
-0.846228737968
-2.48571835926
-0.924092725043
0.103709344515
-0.431112178885
-0.245377415602
0.988794715144
0.480329211181
-0.0877079333572
0.424318154621
-0.833332728795
0.0811891650167
-0.272347864334
0.936969249033
0.00161955702589
-0.446527506816
-0.374753515787
0.954820088541
0.00720028277913
-0.0186191447691
-0.978825185576
0.393657325468
-0.959340351495
-0.343978541437
0.0862116685565
-1.59127816669
-0.196811798126
-0.615199753344
0.839200810418
-0.588906976457
0.36004666394
-0.79954256814
0.648681207503
0.107323226761
-1.430032443
0.746959265214
0.268498324039
-0.730795488679
0.0284666998735
0.857381106424
-0.96696151283
-0.380231921206
0.515303400371
0.937917900707
0.399706784257
-0.721469932054
-0.00929741009032
0.488274111631
-0.518752095321
0.297410820044
-0.157212245323
-1.30716882337
0.108488542711
-2.54797597374
-0.473431949302
0.494274342973
-1.14955471578
-0.47784512956
-1.61575161231
-0.0729624821728
0.700882693596
-0.348166154628
0.546672726401
0.982642417422
-1.41613001404
-2.08610256773
-1.37822048901
-2.89713061517
0.968214344477
0.0284031736748
-0.616309453957
0.0735747168109
-0.792903647677
-0.742726370233
-0.678477717244
-0.614450927639
0.720679616569
-0.496611976491
0.68920557044
