4
0
3
2
1
136
0.425433890754
-1.44732422165
-0.931738585668
-3.24002671244
0.609441016146
-0.0963216826659
-2.67221080297
-0.909259164411
-3.38417677508
-0.999872372756
0.754413048404
-0.809763423848
-0.684677728661
0.562391595517
-5.8017201898
-1.53460503769
-1.06133700984
-8.52368895574
-0.13944076929
-0.0745259989056
0.688250861069
0.585179919123
0.530351784321
-0.202286945309
-1.04510792746
-1.10177693774
0.0984290125465
-1.0856539015
-0.210436758742
0.691230350692
-0.189158269744
-0.949063906922
0.53394364702
-7.00940639036
0.213506590056
-4.13963377646
0.301400689657
-0.739974870194
-0.838423756403
-0.799180759478
-1.14702997997
-0.7733787248
-0.338022903103
0.0388108413625
-0.55033801875
-0.0211130156287
-0.850443385571
0.84979250636
-0.168390122102
0.355790999606
-0.989195569973
-0.522624269914
0.901421064186
-0.533691562302
0.805882634578
-0.0332366017959
-0.689011256193
-0.846228737968
-1.0748821502
-0.924092725043
0.103709344515
-0.431112178885
-0.245377415602
0.988794715144
0.480329211181
0.0445173720784
0.499868518473
-0.833332728795
0.0811891650167
-0.272347864334
0.936969249033
0.00161955702589
-0.446527506816
-0.374753515787
0.954820088541
0.53021133582
0.109651614417
-0.211968644968
0.393657325468
-0.959340351495
0.179091651956
0.214496407337
-0.82435556211
-0.196811798126
-0.615199753344
0.839200810418
-0.588906976457
0.36004666394
-0.245188941546
0.648681207503
0.107323226761
-0.35169964423
0.746959265214
0.268498324039
-0.730795488679
0.0284666998735
0.857381106424
-0.96696151283
-0.353282659301
0.540740649032
0.937917900707
0.399706784257
-0.721469932054
-0.00929741009032
0.488274111631
-0.518752095321
0.297410820044
0.269461046765
0.609043861171
0.17786054728
-0.214460737422
-0.473431949302
0.921235569841
0.767788592997
-0.4084264674
0.718970507229
-0.0729624821728
0.700882693596
-0.348166154628
0.546672726401
0.982642417422
0.676462282187
-0.709950763592
-0.0018497781594
-0.221006342423
0.968214344477
0.0284031736748
-0.616309453957
0.0735747168109
-0.792903647677
-0.742726370233
-0.534113988304
-0.614450927639
0.790082909944
-0.496611976491
0.68920557044
