4
0
3
2
1
136
0.511538522414
-0.28038010677
-0.793518045192
-1.41370219072
0.609441016146
-0.0102170509956
-1.50526667986
-0.771038623712
-1.55785225129
-0.999872372756
0.754413048404
-0.809763423848
-0.684677728661
0.562391595517
-3.38625901326
-1.02704091057
-0.553772882453
-4.63767113195
-0.13944076929
-0.0745259989056
0.688250861069
0.585179919123
0.530351784321
-0.202286945309
-0.784528140416
-0.893313671971
0.123354037537
-1.00634999046
-0.131132840741
0.770534275634
-0.189158269744
-0.949063906922
0.53394364702
-3.20269029634
0.213506590056
-2.47192301945
0.301400689657
-0.739974870194
-0.759119824536
-0.719876820702
-1.0677260343
-0.7733787248
-0.307582901642
0.0449792782263
-0.488946610949
-0.0211130156287
-0.850443385571
0.88024504411
-0.162221262544
0.417200279514
-0.989195569973
-0.522624269914
0.901421064186
-0.533691562302
0.805882634578
-0.00559213712207
-0.689011256193
-0.846228737968
-0.96729526076
-0.924092725043
0.103709344515
-0.431112178885
-0.245377415602
0.988794715144
0.480329211181
0.054203668058
0.505395912368
-0.833332728795
0.0811891650167
-0.272347864334
0.936969249033
0.00161955702589
-0.446527506816
-0.374753515787
0.954820088541
0.568032947184
0.118785545678
-0.154664775767
0.393657325468
-0.959340351495
0.216929918685
0.223634520215
-0.767032986619
-0.196811798126
-0.615199753344
0.839200810418
-0.588906976457
0.36004666394
-0.203732425543
0.648681207503
0.107323226761
-0.2709959761
0.746959265214
0.268498324039
-0.730795488679
0.0284666998735
0.857381106424
-0.96696151283
-0.351127681923
0.542441575946
0.937917900707
0.399706784257
-0.721469932054
-0.00929741009032
0.488274111631
-0.518752095321
0.297410820044
0.275745227021
0.654810121266
0.179423691002
-0.144871763001
-0.473431949302
0.927536724144
0.813664162501
-0.40685916714
0.788687730451
-0.0729624821728
0.700882693596
-0.348166154628
0.546672726401
0.982642417422
0.736518321603
-0.669262809863
0.0388669914147
-0.130139131375
0.968214344477
0.0284031736748
-0.616309453957
0.0735747168109
-0.792903647677
-0.742726370233
-0.528820482221
-0.614450927639
0.791277764111
-0.496611976491
0.68920557044
