4
0
3
2
1
136
-0.731913660068
-17.1324291879
-2.78958596987
-27.7879773986
0.609441016146
-1.25366923349
-18.3573157693
-2.76710654861
-27.9321274613
-0.999872372756
0.754413048404
-0.809763423848
-0.684677728661
0.562391595517
-38.2683646462
-8.35686428437
-7.88359625652
-60.7566112725
-0.13944076929
-0.0745259989056
0.688250861069
0.585179919123
0.530351784321
-0.202286945309
-4.54760709433
-3.90377627106
-0.2365926469
-2.15163187024
-1.27641472758
-0.374747618233
-0.189158269744
-0.949063906922
0.53394364702
-58.1763507437
0.213506590056
-26.5556284476
0.301400689657
-0.739974870194
-1.90440172542
-1.86515872858
-2.21300794916
-0.7733787248
-0.80804549138
-0.0491349103864
-1.46717808185
-0.0211130156287
-0.850443385571
0.379726663203
-0.256337748472
-0.56111298969
-0.989195569973
-0.522624269914
0.901421064186
-0.533691562302
0.805882634578
-0.448028888261
-0.689011256193
-0.846228737968
-2.65279107927
-0.924092725043
0.103709344515
-0.431112178885
-0.245377415602
0.988794715144
0.480329211181
-0.103343566298
0.415167453721
-0.833332728795
0.0811891650167
-0.272347864334
0.936969249033
0.00161955702589
-0.446527506816
-0.374753515787
0.954820088541
-0.0551634200232
-0.0340308764623
-1.06941439852
0.393657325468
-0.959340351495
-0.406342867406
0.0707997942789
-1.68186803412
-0.196811798126
-0.615199753344
0.839200810418
-0.588906976457
0.36004666394
-0.865020659243
0.648681207503
0.107323226761
-1.55880100403
0.746959265214
0.268498324039
-0.730795488679
0.0284666998735
0.857381106424
-0.96696151283
-0.383359346372
0.512189423215
0.937917900707
0.399706784257
-0.721469932054
-0.00929741009032
0.488274111631
-0.518752095321
0.297410820044
-0.216725659884
-1.56401375258
0.099091693332
-2.85493677896
-0.473431949302
0.434760927396
-1.40639966424
-0.487241979161
-1.92271244398
-0.0729624821728
0.700882693596
-0.348166154628
0.546672726401
0.982642417422
-1.69176852721
-2.26464300157
-1.55676092304
-3.24746123114
0.968214344477
0.0284031736748
-0.616309453957
0.0735747168109
-0.792903647677
-0.742726370233
-0.697270666465
-0.614450927639
0.711282750317
-0.496611976491
0.68920557044
