4
0
3
2
1
136
-1.1295144598
-22.5209663427
-3.42783988523
-36.2212996256
0.609441016146
-1.65127003322
-23.745852924
-3.40536046398
-36.3654496883
-0.999872372756
0.754413048404
-0.809763423848
-0.684677728661
0.562391595517
-49.4221133983
-10.7006163669
-10.2273483391
-78.7009631582
-0.13944076929
-0.0745259989056
0.688250861069
0.585179919123
0.530351784321
-0.202286945309
-5.75087267245
-4.86638873356
-0.351687615244
-2.51784313316
-1.64262599049
-0.740958881147
-0.189158269744
-0.949063906922
0.53394364702
-75.7544913664
0.213506590056
-34.2565281486
0.301400689657
-0.739974870194
-2.27061298833
-2.2313699915
-2.57921921208
-0.7733787248
-0.975221393105
-0.0802444258688
-1.79115732841
-0.0211130156287
-0.850443385571
0.212550245492
-0.28744734654
-0.885093157199
-0.989195569973
-0.522624269914
0.901421064186
-0.533691562302
0.805882634578
-0.594397999615
-0.689011256193
-0.846228737968
-3.21317590448
-0.924092725043
0.103709344515
-0.431112178885
-0.245377415602
0.988794715144
0.480329211181
-0.15562665883
0.384339821117
-0.833332728795
0.0811891650167
-0.272347864334
0.936969249033
0.00161955702589
-0.446527506816
-0.374753515787
0.954820088541
-0.263951059034
-0.0857645154378
-1.37247530583
0.393657325468
-0.959340351495
-0.615131466998
0.0190658948828
-1.98492989272
-0.196811798126
-0.615199753344
0.839200810418
-0.588906976457
0.36004666394
-1.08416577949
0.648681207503
0.107323226761
-1.99150666202
0.746959265214
0.268498324039
-0.730795488679
0.0284666998735
0.857381106424
-0.96696151283
-0.393814943461
0.501751903427
0.937917900707
0.399706784257
-0.721469932054
-0.00929741009032
0.488274111631
-0.518752095321
0.297410820044
-0.415526041138
-2.42199327385
0.0677021602534
-3.88032654554
-0.473431949302
0.235960545907
-2.26437919284
-0.518631512285
-2.94810222296
-0.0729624821728
0.700882693596
-0.348166154628
0.546672726401
0.982642417422
-2.6125270212
-2.86104418976
-2.15316211128
-4.41853975419
0.968214344477
0.0284031736748
-0.616309453957
0.0735747168109
-0.792903647677
-0.742726370233
-0.760049394548
-0.614450927639
0.679893213695
-0.496611976491
0.68920557044
