4
0
3
2
1
136
-0.934512793691
-19.8781806044
-3.1148108949
-32.0852116544
0.609441016146
-1.45626836711
-21.1030671857
-3.09233147364
-32.2293617171
-0.999872372756
0.754413048404
-0.809763423848
-0.684677728661
0.562391595517
-43.9518035008
-9.55113286146
-9.07786483361
-69.9002300677
-0.13944076929
-0.0745259989056
0.688250861069
0.585179919123
0.530351784321
-0.202286945309
-5.16073605134
-4.39427943666
-0.295239764527
-2.33823633542
-1.46301919276
-0.561352083412
-0.189158269744
-0.949063906922
0.53394364702
-67.1333650738
0.213506590056
-30.4796537729
0.301400689657
-0.739974870194
-2.0910061906
-2.05176319376
-2.39961241434
-0.7733787248
-0.893194577242
-0.0649645560836
-1.63220077581
-0.0211130156287
-0.850443385571
0.294577225685
-0.272167444774
-0.726136307296
-0.989195569973
-0.522624269914
0.901421064186
-0.533691562302
0.805882634578
-0.522591213822
-0.689011256193
-0.846228737968
-2.93797754973
-0.924092725043
0.103709344515
-0.431112178885
-0.245377415602
0.988794715144
0.480329211181
-0.129978307789
0.39950101596
-0.833332728795
0.0811891650167
-0.272347864334
0.936969249033
0.00161955702589
-0.446527506816
-0.374753515787
0.954820088541
-0.161489019909
-0.0603517946125
-1.22378172561
0.393657325468
-0.959340351495
-0.512669101397
0.0444787152855
-1.83623600267
-0.196811798126
-0.615199753344
0.839200810418
-0.588906976457
0.36004666394
-0.976627068289
0.648681207503
0.107323226761
-1.77887045359
0.746959265214
0.268498324039
-0.730795488679
0.0284666998735
0.857381106424
-0.96696151283
-0.388685881604
0.506875414093
0.937917900707
0.399706784257
-0.721469932054
-0.00929741009032
0.488274111631
-0.518752095321
0.297410820044
-0.318025209133
-2.00120033759
0.083097028457
-3.37742776723
-0.473431949302
0.333461377926
-1.84358625579
-0.503236644079
-2.44520344293
-0.0729624821728
0.700882693596
-0.348166154628
0.546672726401
0.982642417422
-2.16094436248
-2.56854169121
-1.86065961273
-3.84407630733
0.968214344477
0.0284031736748
-0.616309453957
0.0735747168109
-0.792903647677
-0.742726370233
-0.729259698937
-0.614450927639
0.695288082067
-0.496611976491
0.68920557044
