4
0
3
2
1
136
0.52166847839
-0.143093096303
-0.777256881213
-1.19884059687
0.609441016146
-8.70949597923e-05
-1.3679796495
-0.754777459361
-1.34299065061
-0.999872372756
0.754413048404
-0.809763423848
-0.684677728661
0.562391595517
-3.10208785632
-0.967327531463
-0.494059502606
-4.18051775885
-0.13944076929
-0.0745259989056
0.688250861069
0.585179919123
0.530351784321
-0.202286945309
-0.75387174129
-0.868789411759
0.126286393412
-0.997021795463
-0.121804641025
0.779862480063
-0.189158269744
-0.949063906922
0.53394364702
-2.7548621358
0.213506590056
-2.27572177752
0.301400689657
-0.739974870194
-0.749791615406
-0.710548606881
-1.0583978158
-0.7733787248
-0.304100752724
0.045698906
-0.481870502672
-0.0211130156287
-0.850443385571
0.883728803326
-0.161501580754
0.42427868454
-0.989195569973
-0.522624269914
0.901421064186
-0.533691562302
0.805882634578
-0.00241259867437
-0.689011256193
-0.846228737968
-0.954823449191
-0.924092725043
0.103709344515
-0.431112178885
-0.245377415602
0.988794715144
0.480329211181
0.0553127096338
0.50603347792
-0.833332728795
0.0811891650167
-0.272347864334
0.936969249033
0.00161955702589
-0.446527506816
-0.374753515787
0.954820088541
0.572360676328
0.119827451599
-0.148062285195
0.393657325468
-0.959340351495
0.221259780327
0.22467696251
-0.760428096902
-0.196811798126
-0.615199753344
0.839200810418
-0.588906976457
0.36004666394
-0.198957185633
0.648681207503
0.107323226761
-0.261670361548
0.746959265214
0.268498324039
-0.730795488679
0.0284666998735
0.857381106424
-0.96696151283
-0.350875874151
0.542633937258
0.937917900707
0.399706784257
-0.721469932054
-0.00929741009032
0.488274111631
-0.518752095321
0.297410820044
0.276350504123
0.659378622186
0.179579875934
-0.137684667715
-0.473431949302
0.92814344075
0.818242558401
-0.406702607268
0.795886753819
-0.0729624821728
0.700882693596
-0.348166154628
0.546672726401
0.982642417422
0.74267070651
-0.665123373981
0.0430091153306
-0.120510128409
0.968214344477
0.0284031736748
-0.616309453957
0.0735747168109
-0.792903647677
-0.742726370233
-0.528257535515
-0.614450927639
0.791391347422
-0.496611976491
0.68920557044
