4
0
3
2
1
136
0.59840966339
0.89685562345
-0.651878437396
0.438508055064
0.609441016146
0.0767625831272
-0.326827267544
-0.629367820535
0.295864385913
-0.999872372756
0.754413048404
-0.809763423848
-0.684677728661
0.562391595517
-0.926199871703
-0.509578406871
-0.0362464901133
-0.714648623173
-0.13944076929
-0.0745259989056
0.688250861069
0.585179919123
0.530351784321
-0.202286945309
-0.518019347253
-0.68103528697
0.1488364878
-0.924969171836
-0.0497514280161
0.851916281118
-0.189158269744
-0.949063906922
0.53394364702
0.64576683149
0.213506590056
-0.770618171129
0.301400689657
-0.739974870194
-0.677737227636
-0.638493633726
-0.986342258587
-0.7733787248
-0.277896371461
0.0512292641547
-0.428189797348
-0.0211130156287
-0.850443385571
0.909946539213
-0.155970773266
0.477978480773
-0.989195569973
-0.522624269914
0.901421064186
-0.533691562302
0.805882634578
0.0216480710209
-0.689011256193
-0.846228737968
-0.85961573071
-0.924092725043
0.103709344515
-0.431112178885
-0.245377415602
0.988794715144
0.480329211181
0.0636639405421
0.510878711169
-0.833332728795
0.0811891650167
-0.272347864334
0.936969249033
0.00161955702589
-0.446527506816
-0.374753515787
0.954820088541
0.604942484273
0.127646544763
-0.0979902819938
0.393657325468
-0.959340351495
0.25385922754
0.232500486855
-0.710336204194
-0.196811798126
-0.615199753344
0.839200810418
-0.588906976457
0.36004666394
-0.162758245917
0.648681207503
0.107323226761
-0.190709266186
0.746959265214
0.268498324039
-0.730795488679
0.0284666998735
0.857381106424
-0.96696151283
-0.34893813659
0.544066472826
0.937917900707
0.399706784257
-0.721469932054
-0.00929741009032
0.488274111631
-0.518752095321
0.297410820044
0.280367148932
0.690425672876
0.180642336289
-0.0875218840956
-0.473431949302
0.932168748304
0.849351539471
-0.405637801778
0.846125890488
-0.0729624821728
0.700882693596
-0.348166154628
0.546672726401
0.982642417422
0.785325825273
-0.636597971269
0.071551703689
-0.0517918360994
0.968214344477
0.0284031736748
-0.616309453957
0.0735747168109
-0.792903647677
-0.742726370233
-0.524239279041
-0.614450927639
0.792136311456
-0.496611976491
0.68920557044
