4
0
3
2
1
136
-1.08392965474
-21.903172274
-3.3546642771
-35.2544219181
0.609441016146
-1.60568522816
-23.1280588553
-3.33218485585
-35.3985719807
-0.999872372756
0.754413048404
-0.809763423848
-0.684677728661
0.562391595517
-48.143339656
-10.4319059371
-9.95863790922
-76.6436489292
-0.13944076929
-0.0745259989056
0.688250861069
0.585179919123
0.530351784321
-0.202286945309
-5.61291865713
-4.7560255213
-0.338492013778
-2.47585712849
-1.60063998583
-0.698972876481
-0.189158269744
-0.949063906922
0.53394364702
-73.7391631422
0.213506590056
-33.3736224504
0.301400689657
-0.739974870194
-2.22862698367
-2.18938398683
-2.53723320741
-0.7733787248
-0.956042247743
-0.0766693602668
-1.75399173264
-0.0211130156287
-0.850443385571
0.231729419759
-0.283872274562
-0.847927508905
-0.989195569973
-0.522624269914
0.901421064186
-0.533691562302
0.805882634578
-0.577609802517
-0.689011256193
-0.846228737968
-3.14879355207
-0.924092725043
0.103709344515
-0.431112178885
-0.245377415602
0.988794715144
0.480329211181
-0.149630296581
0.387889975442
-0.833332728795
0.0811891650167
-0.272347864334
0.936969249033
0.00161955702589
-0.446527506816
-0.374753515787
0.954820088541
-0.239991391937
-0.079818141405
-1.33770918142
0.393657325468
-0.959340351495
-0.591171739913
0.0250122888853
-1.95016371315
-0.196811798126
-0.615199753344
0.839200810418
-0.588906976457
0.36004666394
-1.05901924452
0.648681207503
0.107323226761
-1.94173884602
0.746959265214
0.268498324039
-0.730795488679
0.0284666998735
0.857381106424
-0.96696151283
-0.392615807846
0.502950092762
0.937917900707
0.399706784257
-0.721469932054
-0.00929741009032
0.488274111631
-0.518752095321
0.297410820044
-0.392733638673
-2.32362607582
0.0713009606435
-3.76276576097
-0.473431949302
0.258752948373
-2.16601199474
-0.515032711895
-2.8305414382
-0.0729624821728
0.700882693596
-0.348166154628
0.546672726401
0.982642417422
-2.50696222382
-2.7926669822
-2.08478490372
-4.28423610932
0.968214344477
0.0284031736748
-0.616309453957
0.0735747168109
-0.792903647677
-0.742726370233
-0.752851797772
-0.614450927639
0.683492014095
-0.496611976491
0.68920557044
