4
0
3
2
1
136
0.427966379925
-1.41300232895
-0.92767327411
-3.18631128424
0.609441016146
-0.0937891934956
-2.63788891027
-0.905193852853
-3.33046134689
-0.999872372756
0.754413048404
-0.809763423848
-0.684677728661
0.562391595517
-5.73067720413
-1.51967668048
-1.04640865263
-8.40939372861
-0.13944076929
-0.0745259989056
0.688250861069
0.585179919123
0.530351784321
-0.202286945309
-1.03744381549
-1.09564564823
0.0991621015169
-1.08332135097
-0.208104208197
0.693562901249
-0.189158269744
-0.949063906922
0.53394364702
-6.89744371292
0.213506590056
-4.0905834599
0.301400689657
-0.739974870194
-0.836091205833
-0.796848208896
-1.14469742938
-0.7733787248
-0.337107398306
0.0389935281831
-0.548502515223
-0.0211130156287
-0.850443385571
0.850708349634
-0.168207423769
0.357626985902
-0.989195569973
-0.522624269914
0.901421064186
-0.533691562302
0.805882634578
-0.0324087613684
-0.689011256193
-0.846228737968
-1.07167966231
-0.924092725043
0.103709344515
-0.431112178885
-0.245377415602
0.988794715144
0.480329211181
0.0448084513875
0.500033754321
-0.833332728795
0.0811891650167
-0.272347864334
0.936969249033
0.00161955702589
-0.446527506816
-0.374753515787
0.954820088541
0.53134867798
0.109926956669
-0.210254800421
0.393657325468
-0.959340351495
0.180229445242
0.214771862498
-0.822641211526
-0.196811798126
-0.615199753344
0.839200810418
-0.588906976457
0.36004666394
-0.243948858189
0.648681207503
0.107323226761
-0.349291153764
0.746959265214
0.268498324039
-0.730795488679
0.0284666998735
0.857381106424
-0.96696151283
-0.353218928177
0.540792299778
0.937917900707
0.399706784257
-0.721469932054
-0.00929741009032
0.488274111631
-0.518752095321
0.297410820044
0.269681364621
0.610597695789
0.177913594268
-0.212164063238
-0.473431949302
0.92145654334
0.769346419414
-0.408373267987
0.721271771936
-0.0729624821728
0.700882693596
-0.348166154628
0.546672726401
0.982642417422
0.67845758117
-0.708591677599
-0.000489665590133
-0.218069135787
0.968214344477
0.0284031736748
-0.616309453957
0.0735747168109
-0.792903647677
-0.742726370233
-0.533943670054
-0.614450927639
0.790125186853
-0.496611976491
0.68920557044
