4
0
3
2
1
136
0.379849085689
-2.06511829033
-1.00491419378
-4.20690441998
0.609441016146
-0.141906487731
-3.29000487164
-0.982434772525
-4.35105448263
-0.999872372756
0.754413048404
-0.809763423848
-0.684677728661
0.562391595517
-7.080493932
-1.80331546754
-1.33004743969
-10.5810031383
-0.13944076929
-0.0745259989056
0.688250861069
0.585179919123
0.530351784321
-0.202286945309
-1.18306194278
-1.21214014979
0.0852334110804
-1.12763987141
-0.252422728732
0.649244380621
-0.189158269744
-0.949063906922
0.53394364702
-9.02473460796
0.213506590056
-5.02253947467
0.301400689657
-0.739974870194
-0.880409726555
-0.84116672971
-1.18901595028
-0.7733787248
-0.354692414492
0.0355102017558
-0.583658750626
-0.0211130156287
-0.850443385571
0.833117220272
-0.171690959645
0.322462023756
-0.989195569973
-0.522624269914
0.901421064186
-0.533691562302
0.805882634578
-0.0482758504137
-0.689011256193
-0.846228737968
-1.13289175337
-0.924092725043
0.103709344515
-0.431112178885
-0.245377415602
0.988794715144
0.480329211181
0.0392202190007
0.496868142517
-0.833332728795
0.0811891650167
-0.272347864334
0.936969249033
0.00161955702589
-0.446527506816
-0.374753515787
0.954820088541
0.509503210447
0.104632016851
-0.243086431171
0.393657325468
-0.959340351495
0.158375815186
0.209474885174
-0.855481994018
-0.196811798126
-0.615199753344
0.839200810418
-0.588906976457
0.36004666394
-0.267705666172
0.648681207503
0.107323226761
-0.395386664565
0.746959265214
0.268498324039
-0.730795488679
0.0284666998735
0.857381106424
-0.96696151283
-0.354433106525
0.539795064822
0.937917900707
0.399706784257
-0.721469932054
-0.00929741009032
0.488274111631
-0.518752095321
0.297410820044
0.265003378744
0.578374953558
0.17681331393
-0.258967720664
-0.473431949302
0.916763773633
0.737037532591
-0.409476851961
0.674370207986
-0.0729624821728
0.700882693596
-0.348166154628
0.546672726401
0.982642417422
0.637634399097
-0.73647730163
-0.0283970603691
-0.277218362962
0.968214344477
0.0284031736748
-0.616309453957
0.0735747168109
-0.792903647677
-0.742726370233
-0.537359217292
-0.614450927639
0.789223861914
-0.496611976491
0.68920557044
