4
0
3
2
1
136
-0.762303530111
-17.5442919004
-2.83836970862
-28.432562537
0.609441016146
-1.28405910353
-18.7691784817
-2.81589028737
-28.5767125996
-0.999872372756
0.754413048404
-0.809763423848
-0.684677728661
0.562391595517
-39.1208804744
-8.53600457093
-8.06273654308
-62.1281540918
-0.13944076929
-0.0745259989056
0.688250861069
0.585179919123
0.530351784321
-0.202286945309
-4.63957643789
-3.9773517459
-0.245389714544
-2.17962254002
-1.30440539735
-0.402738288009
-0.189158269744
-0.949063906922
0.53394364702
-59.5199028932
0.213506590056
-27.1442322464
0.301400689657
-0.739974870194
-1.93239239519
-1.89314939836
-2.24099861894
-0.7733787248
-0.820810736245
-0.0515057500815
-1.49191917377
-0.0211130156287
-0.850443385571
0.366961347517
-0.258708597252
-0.585854205916
-0.989195569973
-0.522624269914
0.901421064186
-0.533691562302
0.805882634578
-0.45920900668
-0.689011256193
-0.846228737968
-2.69551019913
-0.924092725043
0.103709344515
-0.431112178885
-0.245377415602
0.988794715144
0.480329211181
-0.10733744019
0.41282418948
-0.833332728795
0.0811891650167
-0.272347864334
0.936969249033
0.00161955702589
-0.446527506816
-0.374753515787
0.954820088541
-0.0711004077928
-0.0379725581552
-1.0925579882
0.393657325468
-0.959340351495
-0.422279978657
0.0668580830313
-1.70501175124
-0.196811798126
-0.615199753344
0.839200810418
-0.588906976457
0.36004666394
-0.881750910102
0.648681207503
0.107323226761
-1.59174556058
0.746959265214
0.268498324039
-0.730795488679
0.0284666998735
0.857381106424
-0.96696151283
-0.384158105756
0.511393220429
0.937917900707
0.399706784257
-0.721469932054
-0.00929741009032
0.488274111631
-0.518752095321
0.297410820044
-0.231920588448
-1.62959158317
0.0966924944314
-2.9333102235
-0.473431949302
0.419565998751
-1.47197749687
-0.489641178078
-2.00108589161
-0.0729624821728
0.700882693596
-0.348166154628
0.546672726401
0.982642417422
-1.76214473493
-2.31022780261
-1.6023457241
-3.33693245707
0.968214344477
0.0284031736748
-0.616309453957
0.0735747168109
-0.792903647677
-0.742726370233
-0.702068975926
-0.614450927639
0.708883550134
-0.496611976491
0.68920557044
