4
0
3
2
1
136
-0.509054613082
-14.1121026299
-2.43183855234
-23.0610197173
0.609441016146
-1.0308101865
-15.3369892112
-2.40935913108
-23.2051697799
-0.999872372756
0.754413048404
-0.809763423848
-0.684677728661
0.562391595517
-32.0165819062
-7.04316884956
-6.56990082171
-50.6986305977
-0.13944076929
-0.0745259989056
0.688250861069
0.585179919123
0.530351784321
-0.202286945309
-3.87316524163
-3.36422278889
-0.17208081751
-1.94636695855
-1.07114981588
-0.169482706536
-0.189158269744
-0.949063906922
0.53394364702
-48.3236349807
0.213506590056
-22.2392005897
0.301400689657
-0.739974870194
-1.69913681372
-1.65989381688
-2.00774303747
-0.7733787248
-0.714562224549
-0.0317983070575
-1.28596414748
-0.0211130156287
-0.850443385571
0.473210787531
-0.239001055542
-0.379897587324
-0.989195569973
-0.522624269914
0.901421064186
-0.533691562302
0.805882634578
-0.366120941404
-0.689011256193
-0.846228737968
-2.34034869237
-0.924092725043
0.103709344515
-0.431112178885
-0.245377415602
0.988794715144
0.480329211181
-0.0740814542081
0.432260028275
-0.833332728795
0.0811891650167
-0.272347864334
0.936969249033
0.00161955702589
-0.446527506816
-0.374753515787
0.954820088541
0.0615062185928
-0.00521563732647
-0.899900085551
0.393657325468
-0.959340351495
-0.289671815576
0.0996153485343
-1.5123522197
-0.196811798126
-0.615199753344
0.839200810418
-0.588906976457
0.36004666394
-0.742504728299
0.648681207503
0.107323226761
-1.31809845462
0.746959265214
0.268498324039
-0.730795488679
0.0284666998735
0.857381106424
-0.96696151283
-0.377505531765
0.518011882544
0.937917900707
0.399706784257
-0.721469932054
-0.00929741009032
0.488274111631
-0.518752095321
0.297410820044
-0.105296556125
-1.08311797955
0.116685728735
-2.28020754894
-0.473431949302
0.546190036422
-0.925503813981
-0.469647942548
-1.34798311608
-0.0729624821728
0.700882693596
-0.348166154628
0.546672726401
0.982642417422
-1.17568479563
-1.93035472028
-1.22247264066
-2.59169076455
0.968214344477
0.0284031736748
-0.616309453957
0.0735747168109
-0.792903647677
-0.742726370233
-0.662085223623
-0.614450927639
0.728876875266
-0.496611976491
0.68920557044
