4
0
3
2
1
136
-0.364702730376
-12.1557547457
-2.20011579326
-19.99924031
0.609441016146
-0.886458303796
-13.380641327
-2.177636372
-20.1433903727
-0.999872372756
0.754413048404
-0.809763423848
-0.684677728661
0.562391595517
-27.9671317224
-6.19225248838
-5.71898446053
-44.1838022061
-0.13944076929
-0.0745259989056
0.688250861069
0.585179919123
0.530351784321
-0.202286945309
-3.43631085977
-3.01473928339
-0.1302947462
-1.81341127711
-0.93819413444
-0.0365270250954
-0.189158269744
-0.949063906922
0.53394364702
-41.9417622705
0.213506590056
-19.4433325454
0.301400689657
-0.739974870194
-1.56618113228
-1.52693813544
-1.87478735603
-0.7733787248
-0.65420901737
-0.0206275636128
-1.16892291811
-0.0211130156287
-0.850443385571
0.533565085157
-0.227830223665
-0.262854555711
-0.989195569973
-0.522624269914
0.901421064186
-0.533691562302
0.805882634578
-0.313193679732
-0.689011256193
-0.846228737968
-2.13899429051
-0.924092725043
0.103709344515
-0.431112178885
-0.245377415602
0.988794715144
0.480329211181
-0.0551711998581
0.443223302393
-0.833332728795
0.0811891650167
-0.272347864334
0.936969249033
0.00161955702589
-0.446527506816
-0.374753515787
0.954820088541
0.136780543277
0.013336273558
-0.790413306103
0.393657325468
-0.959340351495
-0.214395799973
0.118167619217
-1.40286359543
-0.196811798126
-0.615199753344
0.839200810418
-0.588906976457
0.36004666394
-0.66339147256
0.648681207503
0.107323226761
-1.16324451387
0.746959265214
0.268498324039
-0.730795488679
0.0284666998735
0.857381106424
-0.96696151283
-0.373719264341
0.521758157479
0.937917900707
0.399706784257
-0.721469932054
-0.00929741009032
0.488274111631
-0.518752095321
0.297410820044
-0.0331237841867
-0.771666927083
0.128081144931
-1.90797944385
-0.473431949302
0.618362848182
-0.614052389013
-0.458252516837
-0.975754593409
-0.0729624821728
0.700882693596
-0.348166154628
0.546672726401
0.982642417422
-0.841440036311
-1.71382939327
-1.00594730418
-2.16745408629
0.968214344477
0.0284031736748
-0.616309453957
0.0735747168109
-0.792903647677
-0.742726370233
-0.639303055384
-0.614450927639
0.740272949301
-0.496611976491
0.68920557044
