4
0
3
2
1
136
-0.686328855003
-16.5146351192
-2.71641036174
-26.8210996911
0.609441016146
-1.20808442842
-17.7395217006
-2.69393094048
-26.9652497537
-0.999872372756
0.754413048404
-0.809763423848
-0.684677728661
0.562391595517
-36.989590904
-8.08815385452
-7.61488582667
-58.6992970435
-0.13944076929
-0.0745259989056
0.688250861069
0.585179919123
0.530351784321
-0.202286945309
-4.40965307901
-3.79341305879
-0.223397045434
-2.10964586558
-1.23442872291
-0.332761613567
-0.189158269744
-0.949063906922
0.53394364702
-56.1610225195
0.213506590056
-25.6727227494
0.301400689657
-0.739974870194
-1.86241572075
-1.82317272392
-2.1710219445
-0.7733787248
-0.788903873999
-0.0455813886045
-1.43007723187
-0.0211130156287
-0.850443385571
0.398868403009
-0.252784211858
-0.524011926153
-0.989195569973
-0.522624269914
0.901421064186
-0.533691562302
0.805882634578
-0.43126251193
-0.689011256193
-0.846228737968
-2.58875764895
-0.924092725043
0.103709344515
-0.431112178885
-0.245377415602
0.988794715144
0.480329211181
-0.0973539851821
0.418677290614
-0.833332728795
0.0811891650167
-0.272347864334
0.936969249033
0.00161955702589
-0.446527506816
-0.374753515787
0.954820088541
-0.0312680129023
-0.0281232804168
-1.03470906513
0.393657325468
-0.959340351495
-0.382447250266
0.0767074394077
-1.64716248202
-0.196811798126
-0.615199753344
0.839200810418
-0.588906976457
0.36004666394
-0.839934106193
0.648681207503
0.107323226761
-1.50943359186
0.746959265214
0.268498324039
-0.730795488679
0.0284666998735
0.857381106424
-0.96696151283
-0.382161395631
0.513382932657
0.937917900707
0.399706784257
-0.721469932054
-0.00929741009032
0.488274111631
-0.518752095321
0.297410820044
-0.193933274045
-1.46564723233
0.102690490086
-2.73737688543
-0.473431949302
0.457553313444
-1.30803313935
-0.483643182363
-1.80515254372
-0.0729624821728
0.700882693596
-0.348166154628
0.546672726401
0.982642417422
-1.58620445222
-2.19626580455
-1.48838372599
-3.11327209383
0.968214344477
0.0284031736748
-0.616309453957
0.0735747168109
-0.792903647677
-0.742726370233
-0.690073265248
-0.614450927639
0.714881550468
-0.496611976491
0.68920557044
