4
0
3
2
1
136
0.3874465532
-1.96215261222
-0.992718259093
-4.04575813539
0.609441016146
-0.13430902022
-3.18703919353
-0.970238837836
-4.18990819804
-0.999872372756
0.754413048404
-0.809763423848
-0.684677728661
0.562391595517
-6.86736497497
-1.7585303959
-1.28526236805
-10.2381174356
-0.13944076929
-0.0745259989056
0.688250861069
0.585179919123
0.530351784321
-0.202286945309
-1.1600696069
-1.19374628109
0.0874326779914
-1.12064220576
-0.245425063084
0.656242046274
-0.189158269744
-0.949063906922
0.53394364702
-8.68884657071
0.213506590056
-4.87538852497
0.301400689657
-0.739974870194
-0.873412060897
-0.834169064049
-1.18201828462
-0.7733787248
-0.351889877254
0.0360618915989
-0.578069356266
-0.0211130156287
-0.850443385571
0.835920678201
-0.171139238021
0.328052733686
-0.989195569973
-0.522624269914
0.901421064186
-0.533691562302
0.805882634578
-0.0457517322894
-0.689011256193
-0.846228737968
-1.12317672202
-0.924092725043
0.103709344515
-0.431112178885
-0.245377415602
0.988794715144
0.480329211181
0.0401104161927
0.497371580043
-0.833332728795
0.0811891650167
-0.272347864334
0.936969249033
0.00161955702589
-0.446527506816
-0.374753515787
0.954820088541
0.512984697017
0.105476718352
-0.237865850717
0.393657325468
-0.959340351495
0.161858533215
0.210319893235
-0.850260033409
-0.196811798126
-0.615199753344
0.839200810418
-0.588906976457
0.36004666394
-0.263927998935
0.648681207503
0.107323226761
-0.388062619934
0.746959265214
0.268498324039
-0.730795488679
0.0284666998735
0.857381106424
-0.96696151283
-0.354240945902
0.539954708784
0.937917900707
0.399706784257
-0.721469932054
-0.00929741009032
0.488274111631
-0.518752095321
0.297410820044
0.265817447771
0.583867661046
0.177000930616
-0.251106165986
-0.473431949302
0.917580539963
0.742545385553
-0.409288652144
0.682248815837
-0.0729624821728
0.700882693596
-0.348166154628
0.546672726401
0.982642417422
0.644514270894
-0.73176711508
-0.0236831025855
-0.267381841464
0.968214344477
0.0284031736748
-0.616309453957
0.0735747168109
-0.792903647677
-0.742726370233
-0.536793452906
-0.614450927639
0.789381146838
-0.496611976491
0.68920557044
