4
0
3
2
1
136
-1.06366974138
-21.6285971323
-3.3221417846
-34.8246984925
0.609441016146
-1.5854253148
-22.8534837136
-3.29966236334
-34.9688485551
-0.999872372756
0.754413048404
-0.809763423848
-0.684677728661
0.562391595517
-47.5749957705
-10.3124790794
-9.83921105151
-75.7292870497
-0.13944076929
-0.0745259989056
0.688250861069
0.585179919123
0.530351784321
-0.202286945309
-5.55160576143
-4.70697520473
-0.332627302015
-2.45719668198
-1.58197953931
-0.680312429963
-0.189158269744
-0.949063906922
0.53394364702
-72.8434617092
0.213506590056
-32.9812199178
0.301400689657
-0.739974870194
-2.20996653715
-2.17072354031
-2.5185727609
-0.7733787248
-0.947518862615
-0.0750810152697
-1.73747484609
-0.0211130156287
-0.850443385571
0.240252819302
-0.282283926537
-0.831410596189
-0.989195569973
-0.522624269914
0.901421064186
-0.533691562302
0.805882634578
-0.570148742267
-0.689011256193
-0.846228737968
-3.12018830856
-0.924092725043
0.103709344515
-0.431112178885
-0.245377415602
0.988794715144
0.480329211181
-0.146965350819
0.389466728131
-0.833332728795
0.0811891650167
-0.272347864334
0.936969249033
0.00161955702589
-0.446527506816
-0.374753515787
0.954820088541
-0.229343939427
-0.0771763608684
-1.32225867609
0.393657325468
-0.959340351495
-0.580524257991
0.0276540788672
-1.93471318043
-0.196811798126
-0.615199753344
0.839200810418
-0.588906976457
0.36004666394
-1.04784434855
0.648681207503
0.107323226761
-1.91963099817
0.746959265214
0.268498324039
-0.730795488679
0.0284666998735
0.857381106424
-0.96696151283
-0.392082881409
0.50348254104
0.937917900707
0.399706784257
-0.721469932054
-0.00929741009032
0.488274111631
-0.518752095321
0.297410820044
-0.382603682039
-2.27990732328
0.0729004274809
-3.71051652736
-0.473431949302
0.268882905009
-2.12229324215
-0.513433245057
-2.77829220448
-0.0729624821728
0.700882693596
-0.348166154628
0.546672726401
0.982642417422
-2.46004453846
-2.76227711219
-2.05439503371
-4.22454791301
0.968214344477
0.0284031736748
-0.616309453957
0.0735747168109
-0.792903647677
-0.742726370233
-0.749652866535
-0.614450927639
0.685091480939
-0.496611976491
0.68920557044
