4
0
3
2
1
136
0.453291271628
-1.06978340215
-0.887020158698
-2.64915700231
0.609441016146
-0.0684643017928
-2.29466998345
-0.86454073744
-2.79330706496
-0.999872372756
0.754413048404
-0.809763423848
-0.684677728661
0.562391595517
-5.0202473477
-1.37039310835
-0.897125080497
-7.26644158778
-0.13944076929
-0.0745259989056
0.688250861069
0.585179919123
0.530351784321
-0.202286945309
-0.960802695884
-1.03433275498
0.10649299122
-1.0599959072
-0.18477876416
0.716888345553
-0.189158269744
-0.949063906922
0.53394364702
-5.77781699332
0.213506590056
-3.60008029425
0.301400689657
-0.739974870194
-0.812765761265
-0.773522764063
-1.12137198428
-0.7733787248
-0.328017020969
0.0408163041934
-0.530243079221
-0.0211130156287
-0.850443385571
0.859802213721
-0.1663845296
0.375891393396
-0.989195569973
-0.522624269914
0.901421064186
-0.533691562302
0.805882634578
-0.0241774508235
-0.689011256193
-0.846228737968
-1.03977763611
-0.924092725043
0.103709344515
-0.431112178885
-0.245377415602
0.988794715144
0.480329211181
0.0476995302339
0.501677433472
-0.833332728795
0.0811891650167
-0.272347864334
0.936969249033
0.00161955702589
-0.446527506816
-0.374753515787
0.954820088541
0.542642144842
0.112658894
-0.193207438312
0.393657325468
-0.959340351495
0.191527554232
0.217504963201
-0.805588640381
-0.196811798126
-0.615199753344
0.839200810418
-0.588906976457
0.36004666394
-0.231614414767
0.648681207503
0.107323226761
-0.325318604067
0.746959265214
0.268498324039
-0.730795488679
0.0284666998735
0.857381106424
-0.96696151283
-0.352582733225
0.541303524528
0.937917900707
0.399706784257
-0.721469932054
-0.00929741009032
0.488274111631
-0.518752095321
0.297410820044
0.271751140719
0.625373470242
0.178418067141
-0.19010495214
-0.473431949302
0.923532269496
0.784159222664
-0.407867383792
0.743373763488
-0.0729624821728
0.700882693596
-0.348166154628
0.546672726401
0.982642417422
0.697577728989
-0.695591454346
0.0125201685875
-0.189656758885
0.968214344477
0.0284031736748
-0.616309453957
0.0735747168109
-0.792903647677
-0.742726370233
-0.532292911793
-0.614450927639
0.790521188862
-0.496611976491
0.68920557044
