4
0
3
2
1
136
0.417836423244
-1.55028989976
-0.943934520347
-3.40117299703
0.609441016146
-0.103919150177
-2.77517648107
-0.921455099091
-3.54532305967
-0.999872372756
0.754413048404
-0.809763423848
-0.684677728661
0.562391595517
-6.01484914683
-1.57939010933
-1.10612208148
-8.86657464305
-0.13944076929
-0.0745259989056
0.688250861069
0.585179919123
0.530351784321
-0.202286945309
-1.06810026334
-1.12017080634
0.0962297456355
-1.09265155662
-0.217434413887
0.684232695518
-0.189158269744
-0.949063906922
0.53394364702
-7.34529442445
0.213506590056
-4.28678472616
0.301400689657
-0.739974870194
-0.845421411605
-0.806178414709
-1.15402763523
-0.7733787248
-0.340776292083
0.0382623420699
-0.555854694036
-0.0211130156287
-0.850443385571
0.847038113106
-0.168938655603
0.3502728917
-0.989195569973
-0.522624269914
0.901421064186
-0.533691562302
0.805882634578
-0.0357251194048
-0.689011256193
-0.846228737968
-1.08450272507
-0.924092725043
0.103709344515
-0.431112178885
-0.245377415602
0.988794715144
0.480329211181
0.043642044152
0.499371878365
-0.833332728795
0.0811891650167
-0.272347864334
0.936969249033
0.00161955702589
-0.446527506816
-0.374753515787
0.954820088541
0.526790800648
0.108823300591
-0.217119867437
0.393657325468
-0.959340351495
0.175669777741
0.213667758554
-0.829508286436
-0.196811798126
-0.615199753344
0.839200810418
-0.588906976457
0.36004666394
-0.248916244159
0.648681207503
0.107323226761
-0.358937116387
0.746959265214
0.268498324039
-0.730795488679
0.0284666998735
0.857381106424
-0.96696151283
-0.353473971308
0.540585129668
0.937917900707
0.399706784257
-0.721469932054
-0.00929741009032
0.488274111631
-0.518752095321
0.297410820044
0.26878433439
0.604293875362
0.177698385345
-0.221455348786
-0.473431949302
0.920556817498
0.763026294744
-0.408589099857
0.711961772925
-0.0729624821728
0.700882693596
-0.348166154628
0.546672726401
0.982642417422
0.670380309461
-0.71409613028
-0.0059982999876
-0.229928452991
0.968214344477
0.0284031736748
-0.616309453957
0.0735747168109
-0.792903647677
-0.742726370233
-0.534630931297
-0.614450927639
0.789952924755
-0.496611976491
0.68920557044
