4
0
3
2
1
136
0.587311087927
0.745127080189
-0.671668824607
0.193738877277
0.609441016146
0.0655715270073
-0.479531759937
-0.649185570344
0.0498484846302
-0.999872372756
0.754413048404
-0.809763423848
-0.684677728661
0.562391595517
-1.25944086275
-0.579863250546
-0.106585530429
-1.23005966047
-0.13944076929
-0.0745259989056
0.688250861069
0.585179919123
0.530351784321
-0.202286945309
-0.554916230792
-0.710077996216
0.145333284039
-0.936510794862
-0.0612933273357
0.840374106122
-0.189158269744
-0.949063906922
0.53394364702
0.137238307883
0.213506590056
-1.00227761021
0.301400689657
-0.739974870194
-0.689279677693
-0.65003635823
-0.997885256926
-0.7733787248
-0.282025490246
0.0503430502662
-0.436703416569
-0.0211130156287
-0.850443385571
0.905815168428
-0.156857063284
0.469461635084
-0.989195569973
-0.522624269914
0.901421064186
-0.533691562302
0.805882634578
0.0178399653638
-0.689011256193
-0.846228737968
-0.874792009544
-0.924092725043
0.103709344515
-0.431112178885
-0.245377415602
0.988794715144
0.480329211181
0.0623474618181
0.510108938934
-0.833332728795
0.0811891650167
-0.272347864334
0.936969249033
0.00161955702589
-0.446527506816
-0.374753515787
0.954820088541
0.599806403134
0.126417081747
-0.105929843784
0.393657325468
-0.959340351495
0.248720176931
0.231270279248
-0.718279120376
-0.196811798126
-0.615199753344
0.839200810418
-0.588906976457
0.36004666394
-0.16849583683
0.648681207503
0.107323226761
-0.20199217071
0.746959265214
0.268498324039
-0.730795488679
0.0284666998735
0.857381106424
-0.96696151283
-0.349248944808
0.543842519477
0.937917900707
0.399706784257
-0.721469932054
-0.00929741009032
0.488274111631
-0.518752095321
0.297410820044
0.279789402757
0.685880992206
0.180486695779
-0.0950153989478
-0.473431949302
0.931589851133
0.844798382161
-0.405793763271
0.838621726644
-0.0729624821728
0.700882693596
-0.348166154628
0.546672726401
0.982642417422
0.778986621084
-0.640816988097
0.0673302947163
-0.0622368897898
0.968214344477
0.0284031736748
-0.616309453957
0.0735747168109
-0.792903647677
-0.742726370233
-0.524849617146
-0.614450927639
0.792030175596
-0.496611976491
0.68920557044
