4
0
3
2
1
136
-0.440677405485
-13.1854115268
-2.32207514014
-21.6107031559
0.609441016146
-0.962432978905
-14.4102981081
-2.29959571888
-21.7548532186
-0.999872372756
0.754413048404
-0.809763423848
-0.684677728661
0.562391595517
-30.0984212928
-6.64010320479
-6.16683517694
-47.6126592543
-0.13944076929
-0.0745259989056
0.688250861069
0.585179919123
0.530351784321
-0.202286945309
-3.66623421864
-3.1986779705
-0.152287415311
-1.88338795155
-1.00817080888
-0.106503699538
-0.189158269744
-0.949063906922
0.53394364702
-45.3006426443
0.213506590056
-20.9148420424
0.301400689657
-0.739974870194
-1.63615780672
-1.59691480989
-1.94476403047
-0.7733787248
-0.685946973079
-0.0265001512817
-1.23047850013
-0.0211130156287
-0.850443385571
0.501826482252
-0.233702861634
-0.324411200662
-0.989195569973
-0.522624269914
0.901421064186
-0.533691562302
0.805882634578
-0.341032692396
-0.689011256193
-0.846228737968
-2.24484890767
-0.924092725043
0.103709344515
-0.431112178885
-0.245377415602
0.988794715144
0.480329211181
-0.0651178297581
0.437465626853
-0.833332728795
0.0811891650167
-0.272347864334
0.936969249033
0.00161955702589
-0.446527506816
-0.374753515787
0.954820088541
0.0972014702617
0.00358565425643
-0.84799602044
0.393657325468
-0.959340351495
-0.253975867273
0.10841678907
-1.46044739838
-0.196811798126
-0.615199753344
0.839200810418
-0.588906976457
0.36004666394
-0.704998489825
0.648681207503
0.107323226761
-1.24462417135
0.746959265214
0.268498324039
-0.730795488679
0.0284666998735
0.857381106424
-0.96696151283
-0.375711335036
0.519789805575
0.937917900707
0.399706784257
-0.721469932054
-0.00929741009032
0.488274111631
-0.518752095321
0.297410820044
-0.0711086942645
-0.93557995221
0.122083746143
-2.1038802411
-0.473431949302
0.580377907597
-0.77796568556
-0.464249922919
-1.17165569132
-0.0729624821728
0.700882693596
-0.348166154628
0.546672726401
0.982642417422
-1.01735025499
-1.82778946202
-1.1199073803
-2.39066526224
0.968214344477
0.0284031736748
-0.616309453957
0.0735747168109
-0.792903647677
-0.742726370233
-0.65129191773
-0.614450927639
0.73427505079
-0.496611976491
0.68920557044
