4
0
3
2
1
136
-0.977565109586
-20.4616527804
-3.18392119146
-32.9983739338
0.609441016146
-1.49932068301
-21.6865393617
-3.16144177021
-33.1425239964
-0.999872372756
0.754413048404
-0.809763423848
-0.684677728661
0.562391595517
-45.1595342573
-9.8049149341
-9.33164690625
-71.8432490617
-0.13944076929
-0.0745259989056
0.688250861069
0.585179919123
0.530351784321
-0.202286945309
-5.2910259547
-4.49851135935
-0.307702277023
-2.37788978427
-1.50267264161
-0.601005532262
-0.189158269744
-0.949063906922
0.53394364702
-69.0367306189
0.213506590056
-31.3135091546
0.301400689657
-0.739974870194
-2.13065963945
-2.09141664261
-2.43926586319
-0.7733787248
-0.91130001519
-0.0683348279591
-1.66728756192
-0.0211130156287
-0.850443385571
0.276471741033
-0.275537724857
-0.761223177545
-0.989195569973
-0.522624269914
0.901421064186
-0.533691562302
0.805882634578
-0.538442247339
-0.689011256193
-0.846228737968
-2.99868435257
-0.924092725043
0.103709344515
-0.431112178885
-0.245377415602
0.988794715144
0.480329211181
-0.135640215214
0.396159805464
-0.833332728795
0.0811891650167
-0.272347864334
0.936969249033
0.00161955702589
-0.446527506816
-0.374753515787
0.954820088541
-0.184102520415
-0.0659565832959
-1.25660304883
0.393657325468
-0.959340351495
-0.535282691624
0.0388739010974
-1.86905741309
-0.196811798126
-0.615199753344
0.839200810418
-0.588906976457
0.36004666394
-1.00036142293
0.648681207503
0.107323226761
-1.82575493444
0.746959265214
0.268498324039
-0.730795488679
0.0284666998735
0.857381106424
-0.96696151283
-0.389818127698
0.505744780383
0.937917900707
0.399706784257
-0.721469932054
-0.00929741009032
0.488274111631
-0.518752095321
0.297410820044
-0.339551366576
-2.09410264963
0.0796981614996
-3.48845732716
-0.473431949302
0.311935220476
-1.93648856816
-0.506635511038
-2.55623300352
-0.0729624821728
0.700882693596
-0.348166154628
0.546672726401
0.982642417422
-2.26064440296
-2.63312016476
-1.92523808627
-3.97089152651
0.968214344477
0.0284031736748
-0.616309453957
0.0735747168109
-0.792903647677
-0.742726370233
-0.736057416404
-0.614450927639
0.691889215026
-0.496611976491
0.68920557044
