4
0
3
2
1
136
-0.592626755702
-15.2447250892
-2.56599383391
-24.8336288478
0.609441016146
-1.11438232912
-16.4696116705
-2.54351441266
-24.9777789104
-0.999872372756
0.754413048404
-0.809763423848
-0.684677728661
0.562391595517
-34.3610004337
-7.53580463761
-7.06253660976
-54.4703733507
-0.13944076929
-0.0745259989056
0.688250861069
0.585179919123
0.530351784321
-0.202286945309
-4.1260809364
-3.5665553447
-0.196272753531
-2.02334130043
-1.14812415777
-0.246457048422
-0.189158269744
-0.949063906922
0.53394364702
-52.0184033918
0.213506590056
-23.8578610364
0.301400689657
-0.739974870194
-1.77611115561
-1.73686815877
-2.08471737935
-0.7733787248
-0.749586186621
-0.0382882953158
-1.35386419519
-0.0211130156287
-0.850443385571
0.438186418108
-0.245491082843
-0.447798324974
-0.989195569973
-0.522624269914
0.901421064186
-0.533691562302
0.805882634578
-0.396816189508
-0.689011256193
-0.846228737968
-2.45732358612
-0.924092725043
0.103709344515
-0.431112178885
-0.245377415602
0.988794715144
0.480329211181
-0.0850479600164
0.425870999725
-0.833332728795
0.0811891650167
-0.272347864334
0.936969249033
0.00161955702589
-0.446527506816
-0.374753515787
0.954820088541
0.0178047035868
-0.0160005591613
-0.963416670924
0.393657325468
-0.959340351495
-0.333373987537
0.0888302836756
-1.57586951043
-0.196811798126
-0.615199753344
0.839200810418
-0.588906976457
0.36004666394
-0.788406450688
0.648681207503
0.107323226761
-1.40816037994
0.746959265214
0.268498324039
-0.730795488679
0.0284666998735
0.857381106424
-0.96696151283
-0.379699792367
0.515832566744
0.937917900707
0.399706784257
-0.721469932054
-0.00929741009032
0.488274111631
-0.518752095321
0.297410820044
-0.1470823218
-1.26345098908
0.110088001779
-2.49572783484
-0.473431949302
0.504404266912
-1.10583687485
-0.476245670398
-1.56350346485
-0.0729624821728
0.700882693596
-0.348166154628
0.546672726401
0.982642417422
-1.36921328091
-2.05571271995
-1.34783064115
-2.83751845535
0.968214344477
0.0284031736748
-0.616309453957
0.0735747168109
-0.792903647677
-0.742726370233
-0.675279035701
-0.614450927639
0.722279082693
-0.496611976491
0.68920557044
