4
0
3
2
1
136
0.509006033292
-0.31470193771
-0.797583345726
-1.46741760785
0.609441016146
-0.0127495401217
-1.53958851296
-0.775103924294
-1.61156766905
-0.999872372756
0.754413048404
-0.809763423848
-0.684677728661
0.562391595517
-3.45730191162
-1.0419692627
-0.568701234654
-4.75196251678
-0.13944076929
-0.0745259989056
0.688250861069
0.585179919123
0.530351784321
-0.202286945309
-0.792192247124
-0.899444840724
0.122620948567
-1.00868218206
-0.133465033191
0.768202082338
-0.189158269744
-0.949063906922
0.53394364702
-3.31464990612
0.213506590056
-2.520973334
0.301400689657
-0.739974870194
-0.761452018676
-0.722209015685
-1.07005823013
-0.7733787248
-0.308456867781
0.0447991640319
-0.490720710508
-0.0211130156287
-0.850443385571
0.879370679697
-0.162401390101
0.415425612004
-0.989195569973
-0.522624269914
0.901421064186
-0.533691562302
0.805882634578
-0.00638955280201
-0.689011256193
-0.846228737968
-0.970419595632
-0.924092725043
0.103709344515
-0.431112178885
-0.245377415602
0.988794715144
0.480329211181
0.0539253449785
0.505236090478
-0.833332728795
0.0811891650167
-0.272347864334
0.936969249033
0.00161955702589
-0.446527506816
-0.374753515787
0.954820088541
0.566946804779
0.118523942364
-0.1563202114
0.393657325468
-0.959340351495
0.215843248637
0.223372784193
-0.768689015713
-0.196811798126
-0.615199753344
0.839200810418
-0.588906976457
0.36004666394
-0.204929773851
0.648681207503
0.107323226761
-0.273333179033
0.746959265214
0.268498324039
-0.730795488679
0.0284666998735
0.857381106424
-0.96696151283
-0.351190693676
0.542393223452
0.937917900707
0.399706784257
-0.721469932054
-0.00929741009032
0.488274111631
-0.518752095321
0.297410820044
0.27559023084
0.653644830778
0.179383858575
-0.14669745527
-0.473431949302
0.927381353707
0.812496316843
-0.406899096409
0.78685896836
-0.0729624821728
0.700882693596
-0.348166154628
0.546672726401
0.982642417422
0.734953898619
-0.670316320449
0.0378127890686
-0.132577152143
0.968214344477
0.0284031736748
-0.616309453957
0.0735747168109
-0.792903647677
-0.742726370233
-0.528962985164
-0.614450927639
0.79124862823
-0.496611976491
0.68920557044
