4
0
3
2
1
136
0.420368912414
-1.51596800706
-0.939869208787
-3.34745756883
0.609441016146
-0.101386661006
-2.74085458837
-0.91738978753
-3.49160763148
-0.999872372756
0.754413048404
-0.809763423848
-0.684677728661
0.562391595517
-5.94380616115
-1.56446175212
-1.09119372427
-8.75227941312
-0.13944076929
-0.0745259989056
0.688250861069
0.585179919123
0.530351784321
-0.202286945309
-1.06043615138
-1.1140395168
0.0969628346058
-1.0903190044
-0.215101861659
0.686565247755
-0.189158269744
-0.949063906922
0.53394364702
-7.23333174619
0.213506590056
-4.2377344096
0.301400689657
-0.739974870194
-0.84308885936
-0.803845862455
-1.15169508297
-0.7733787248
-0.339857356436
0.0384452480357
-0.554014117579
-0.0211130156287
-0.850443385571
0.847957381651
-0.168755738289
0.352113943083
-0.989195569973
-0.522624269914
0.901421064186
-0.533691562302
0.805882634578
-0.0348947858407
-0.689011256193
-0.846228737968
-1.08129369195
-0.924092725043
0.103709344515
-0.431112178885
-0.245377415602
0.988794715144
0.480329211181
0.0439341662993
0.499537579979
-0.833332728795
0.0811891650167
-0.272347864334
0.936969249033
0.00161955702589
-0.446527506816
-0.374753515787
0.954820088541
0.527932389513
0.109099784342
-0.215401187318
0.393657325468
-0.959340351495
0.176811810564
0.213944353329
-0.827789108408
-0.196811798126
-0.615199753344
0.839200810418
-0.588906976457
0.36004666394
-0.247672641308
0.648681207503
0.107323226761
-0.356522634702
0.746959265214
0.268498324039
-0.730795488679
0.0284666998735
0.857381106424
-0.96696151283
-0.353410180978
0.540637063643
0.937917900707
0.399706784257
-0.721469932054
-0.00929741009032
0.488274111631
-0.518752095321
0.297410820044
0.269012577661
0.605892148537
0.177752949751
-0.219106172841
-0.473431949302
0.920785753196
0.764628729041
-0.408534376369
0.714315715858
-0.0729624821728
0.700882693596
-0.348166154628
0.546672726401
0.982642417422
0.672423840567
-0.712702853543
-0.00460395882751
-0.22693578547
0.968214344477
0.0284031736748
-0.616309453957
0.0735747168109
-0.792903647677
-0.742726370233
-0.534457608983
-0.614450927639
0.789996787773
-0.496611976491
0.68920557044
