4
0
3
2
1
136
-0.914252880329
-19.6036054627
-3.08228840239
-31.6554882288
0.609441016146
-1.43600845375
-20.828492044
-3.05980898114
-31.7996382915
-0.999872372756
0.754413048404
-0.809763423848
-0.684677728661
0.562391595517
-43.3834596153
-9.43170600375
-8.9584379759
-68.9858681882
-0.13944076929
-0.0745259989056
0.688250861069
0.585179919123
0.530351784321
-0.202286945309
-5.09942315564
-4.3452291201
-0.289375052765
-2.31957588891
-1.44435874624
-0.542691636894
-0.189158269744
-0.949063906922
0.53394364702
-66.2376636408
0.213506590056
-30.0872512404
0.301400689657
-0.739974870194
-2.07234574408
-2.03310274724
-2.38095196783
-0.7733787248
-0.8846754579
-0.0633792522798
-1.61569122266
-0.0211130156287
-0.850443385571
0.303096369653
-0.270582136843
-0.709626709919
-0.989195569973
-0.522624269914
0.901421064186
-0.533691562302
0.805882634578
-0.515132519378
-0.689011256193
-0.846228737968
-2.90942099044
-0.924092725043
0.103709344515
-0.431112178885
-0.245377415602
0.988794715144
0.480329211181
-0.12731406712
0.401072022753
-0.833332728795
0.0811891650167
-0.272347864334
0.936969249033
0.00161955702589
-0.446527506816
-0.374753515787
0.954820088541
-0.150849295536
-0.0577155166143
-1.20833816548
0.393657325468
-0.959340351495
-0.502029330439
0.0471150061363
-1.82079239679
-0.196811798126
-0.615199753344
0.839200810418
-0.588906976457
0.36004666394
-0.965459810183
0.648681207503
0.107323226761
-1.75682041446
0.746959265214
0.268498324039
-0.730795488679
0.0284666998735
0.857381106424
-0.96696151283
-0.388153095155
0.507407342929
0.937917900707
0.399706784257
-0.721469932054
-0.00929741009032
0.488274111631
-0.518752095321
0.297410820044
-0.307895252815
-1.95748161169
0.0846964952367
-3.3251785766
-0.473431949302
0.343591334249
-1.79986752967
-0.501637177299
-2.39295425189
-0.0729624821728
0.700882693596
-0.348166154628
0.546672726401
0.982642417422
-2.11402670642
-2.53815182138
-1.8302697429
-3.78440201367
0.968214344477
0.0284031736748
-0.616309453957
0.0735747168109
-0.792903647677
-0.742726370233
-0.726060775858
-0.614450927639
0.696887548909
-0.496611976491
0.68920557044
