4
0
3
2
1
136
-0.00255677902454
-7.24772408882
-1.61877623977
-12.3179340778
0.609441016146
-0.524312352445
-8.47261067014
-1.59629681851
-12.4620841404
-0.999872372756
0.754413048404
-0.809763423848
-0.684677728661
0.562391595517
-17.8079847699
-4.05749740681
-3.58422937896
-27.8395836096
-0.13944076929
-0.0745259989056
0.688250861069
0.585179919123
0.530351784321
-0.202286945309
-2.34034284913
-2.13796487487
-0.0254630234414
-1.4798557956
-0.604638652932
0.297028456412
-0.189158269744
-0.949063906922
0.53394364702
-25.9310991556
0.213506590056
-12.4291372763
0.301400689657
-0.739974870194
-1.23262565077
-1.19338265394
-1.54123187452
-0.7733787248
-0.504543268215
0.00708386341243
-0.878132026368
-0.0211130156287
-0.850443385571
0.683238331021
-0.200118375976
0.027947982357
-0.989195569973
-0.522624269914
0.901421064186
-0.533691562302
0.805882634578
-0.18157546892
-0.689011256193
-0.846228737968
-1.63996004026
-0.924092725043
0.103709344515
-0.431112178885
-0.245377415602
0.988794715144
0.480329211181
-0.00816005591153
0.470136571616
-0.833332728795
0.0811891650167
-0.272347864334
0.936969249033
0.00161955702589
-0.446527506816
-0.374753515787
0.954820088541
0.32321861907
0.0591461507498
-0.518391379615
0.393657325468
-0.959340351495
-0.0279469121411
0.16397985582
-1.13082963423
-0.196811798126
-0.615199753344
0.839200810418
-0.588906976457
0.36004666394
-0.466826008803
0.648681207503
0.107323226761
-0.780711598547
0.746959265214
0.268498324039
-0.730795488679
0.0284666998735
0.857381106424
-0.96696151283
-0.364261251423
0.530947178452
0.937917900707
0.399706784257
-0.721469932054
-0.00929741009032
0.488274111631
-0.518752095321
0.297410820044
0.146956385555
0.00492978881152
0.156484346623
-0.978982349133
-0.473431949302
0.798455133863
0.162594910515
-0.429847116401
-0.0467051453266
-0.0729624821728
0.700882693596
-0.348166154628
0.546672726401
0.982642417422
-0.00712194867876
-1.17175995653
-0.463873572024
-1.11198346248
0.968214344477
0.0284031736748
-0.616309453957
0.0735747168109
-0.792903647677
-0.742726370233
-0.582672802511
-0.614450927639
0.768779029123
-0.496611976491
0.68920557044
