4
0
3
2
1
136
-0.372300197887
-12.2587204238
-2.21231172794
-20.1603865946
0.609441016146
-0.894055771307
-13.4836070051
-2.18983230669
-20.3045366573
-0.999872372756
0.754413048404
-0.809763423848
-0.684677728661
0.562391595517
-28.1802606794
-6.23703756002
-5.76376953217
-44.5266879109
-0.13944076929
-0.0745259989056
0.688250861069
0.585179919123
0.530351784321
-0.202286945309
-3.45930319566
-3.0331331521
-0.132494013111
-1.82040894455
-0.945191801884
-0.0435246925396
-0.189158269744
-0.949063906922
0.53394364702
-42.2776503079
0.213506590056
-19.5904834951
0.301400689657
-0.739974870194
-1.57317879972
-1.53393580289
-1.88178502347
-0.7733787248
-0.657379645303
-0.0212140919961
-1.17507320172
-0.0211130156287
-0.850443385571
0.53039438384
-0.2284167575
-0.269004958998
-0.989195569973
-0.522624269914
0.901421064186
-0.533691562302
0.805882634578
-0.315975511427
-0.689011256193
-0.846228737968
-2.14956637862
-0.924092725043
0.103709344515
-0.431112178885
-0.245377415602
0.988794715144
0.480329211181
-0.0561651261158
0.442648887996
-0.833332728795
0.0811891650167
-0.272347864334
0.936969249033
0.00161955702589
-0.446527506816
-0.374753515787
0.954820088541
0.132827167543
0.0123627221546
-0.796166668507
0.393657325468
-0.959340351495
-0.218349287366
0.11719404417
-1.4086170805
-0.196811798126
-0.615199753344
0.839200810418
-0.588906976457
0.36004666394
-0.667548535606
0.648681207503
0.107323226761
-1.17136913394
0.746959265214
0.268498324039
-0.730795488679
0.0284666998735
0.857381106424
-0.96696151283
-0.373918390785
0.521561716703
0.937917900707
0.399706784257
-0.721469932054
-0.00929741009032
0.488274111631
-0.518752095321
0.297410820044
-0.0369221336878
-0.788056815852
0.127481439881
-1.92756809698
-0.473431949302
0.614564493849
-0.630442317741
-0.458852223039
-0.995343290196
-0.0729624821728
0.700882693596
-0.348166154628
0.546672726401
0.982642417422
-0.859029747669
-1.72522527813
-1.01734319024
-2.18976655506
0.968214344477
0.0284031736748
-0.616309453957
0.0735747168109
-0.792903647677
-0.742726370233
-0.640501671036
-0.614450927639
0.739673166665
-0.496611976491
0.68920557044
