4
0
3
2
1
136
0.539395881263
0.0971540679925
-0.748800271774
-0.822834515542
0.609441016146
0.0176403097063
-1.12773225757
-0.726320846832
-0.966984455314
-0.999872372756
0.754413048404
-0.809763423848
-0.684677728661
0.562391595517
-2.60479522543
-0.86282966156
-0.389561623359
-3.38062949044
-0.13944076929
-0.0745259989056
0.688250861069
0.585179919123
0.530351784321
-0.202286945309
-0.700223505109
-0.825876545444
0.131418015829
-0.980701252963
-0.105484081421
0.79618305673
-0.189158269744
-0.949063906922
0.53394364702
-1.97127512343
0.213506590056
-1.93237005971
0.301400689657
-0.739974870194
-0.733471021714
-0.694227996205
-1.04207718818
-0.7733787248
-0.298060725924
0.0469550206099
-0.469566836655
-0.0211130156287
-0.850443385571
0.889771713172
-0.16024536943
0.436586464661
-0.989195569973
-0.522624269914
0.901421064186
-0.533691562302
0.805882634578
0.00311185636512
-0.689011256193
-0.846228737968
-0.933097602047
-0.924092725043
0.103709344515
-0.431112178885
-0.245377415602
0.988794715144
0.480329211181
0.0572368466364
0.507142525496
-0.833332728795
0.0811891650167
-0.272347864334
0.936969249033
0.00161955702589
-0.446527506816
-0.374753515787
0.954820088541
0.579868281928
0.121633158352
-0.136583328931
0.393657325468
-0.959340351495
0.228771200604
0.226483628694
-0.748944846298
-0.196811798126
-0.615199753344
0.839200810418
-0.588906976457
0.36004666394
-0.190656006269
0.648681207503
0.107323226761
-0.245441156466
0.746959265214
0.268498324039
-0.730795488679
0.0284666998735
0.857381106424
-0.96696151283
-0.35043615027
0.542966496541
0.937917900707
0.399706784257
-0.721469932054
-0.00929741009032
0.488274111631
-0.518752095321
0.297410820044
0.277356369354
0.667033988223
0.179841677251
-0.125533677885
-0.473431949302
0.92915162052
0.825914062398
-0.406440194693
0.808057342317
-0.0729624821728
0.700882693596
-0.348166154628
0.546672726401
0.982642417422
0.753049573795
-0.65815398036
0.0499829252258
-0.104113490102
0.968214344477
0.0284031736748
-0.616309453957
0.0735747168109
-0.792903647677
-0.742726370233
-0.527298597324
-0.614450927639
0.791579385296
-0.496611976491
0.68920557044
