4
0
3
2
1
136
-0.949707728713
-20.0841119606
-3.13920276427
-32.4075042236
0.609441016146
-1.47146330213
-21.3089985419
-3.11672334302
-32.5516542863
-0.999872372756
0.754413048404
-0.809763423848
-0.684677728661
0.562391595517
-44.3780614149
-9.64070300475
-9.1674349769
-70.5860014774
-0.13944076929
-0.0745259989056
0.688250861069
0.585179919123
0.530351784321
-0.202286945309
-5.20672072311
-4.43106717408
-0.299638298349
-2.35223167031
-1.47701452764
-0.5753474183
-0.189158269744
-0.949063906922
0.53394364702
-67.8051411485
0.213506590056
-30.7739556723
0.301400689657
-0.739974870194
-2.10500152548
-2.06575852865
-2.41360774923
-0.7733787248
-0.899584387661
-0.0661538352297
-1.64458375381
-0.0211130156287
-0.850443385571
0.288187397947
-0.273356726902
-0.738519316458
-0.989195569973
-0.522624269914
0.901421064186
-0.533691562302
0.805882634578
-0.52818550226
-0.689011256193
-0.846228737968
-2.95939981216
-0.924092725043
0.103709344515
-0.431112178885
-0.245377415602
0.988794715144
0.480329211181
-0.131976569544
0.398322195202
-0.833332728795
0.0811891650167
-0.272347864334
0.936969249033
0.00161955702589
-0.446527506816
-0.374753515787
0.954820088541
-0.169469643082
-0.0623295440771
-1.23536516186
0.393657325468
-0.959340351495
-0.520649757618
0.0425009565488
-1.84781947118
-0.196811798126
-0.615199753344
0.839200810418
-0.588906976457
0.36004666394
-0.985003306735
0.648681207503
0.107323226761
-1.79541361979
0.746959265214
0.268498324039
-0.730795488679
0.0284666998735
0.857381106424
-0.96696151283
-0.389085486676
0.506476409247
0.937917900707
0.399706784257
-0.721469932054
-0.00929741009032
0.488274111631
-0.518752095321
0.297410820044
-0.325622676431
-2.03398938623
0.0818974283609
-3.41661466657
-0.473431949302
0.325863910625
-1.87637530456
-0.504436244176
-2.48439034253
-0.0729624821728
0.700882693596
-0.348166154628
0.546672726401
0.982642417422
-2.19613260913
-2.59133409362
-1.88345201514
-3.88883351875
0.968214344477
0.0284031736748
-0.616309453957
0.0735747168109
-0.792903647677
-0.742726370233
-0.731658892522
-0.614450927639
0.694088481935
-0.496611976491
0.68920557044
