4
0
3
2
1
136
0.0835478527653
-6.08077973684
-1.48055564663
-10.4916095191
0.609441016146
-0.438207720655
-7.30566631816
-1.45807622538
-10.6357595817
-0.999872372756
0.754413048404
-0.809763423848
-0.684677728661
0.562391595517
-15.3925232567
-3.54993326155
-3.0766652337
-23.9535456216
-0.13944076929
-0.0745259989056
0.688250861069
0.585179919123
0.530351784321
-0.202286945309
-2.0797630424
-1.92950102949
-0.000537998449722
-1.4005488979
-0.525331755231
0.376335354113
-0.189158269744
-0.949063906922
0.53394364702
-22.1243680653
0.213506590056
-10.761426513
0.301400689657
-0.739974870194
-1.15331875307
-1.11407575624
-1.46192497682
-0.7733787248
-0.469694748932
0.0135793430439
-0.810151177043
-0.0211130156287
-0.850443385571
0.718090586651
-0.193622728914
0.095934415779
-0.989195569973
-0.522624269914
0.901421064186
-0.533691562302
0.805882634578
-0.150783877349
-0.689011256193
-0.846228737968
-1.52334556241
-0.924092725043
0.103709344515
-0.431112178885
-0.245377415602
0.988794715144
0.480329211181
0.00282333102085
0.476352842289
-0.833332728795
0.0811891650167
-0.272347864334
0.936969249033
0.00161955702589
-0.446527506816
-0.374753515787
0.954820088541
0.36657280119
0.0697669585799
-0.454806877376
0.393657325468
-0.959340351495
0.0154124705607
0.17460185286
-1.06723931453
-0.196811798126
-0.615199753344
0.839200810418
-0.588906976457
0.36004666394
-0.420859465941
0.648681207503
0.107323226761
-0.691686600082
0.746959265214
0.268498324039
-0.730795488679
0.0284666998735
0.857381106424
-0.96696151283
-0.362027888414
0.533049126838
0.937917900707
0.399706784257
-0.721469932054
-0.00929741009032
0.488274111631
-0.518752095321
0.297410820044
0.187196339948
0.180180881834
0.16284196368
-0.767780255137
-0.473431949302
0.838725601133
0.337950827985
-0.42348482514
0.164605383445
-0.0729624821728
0.700882693596
-0.348166154628
0.546672726401
0.982642417422
0.182786132718
-1.04633506688
-0.338435580548
-0.872505107717
0.968214344477
0.0284031736748
-0.616309453957
0.0735747168109
-0.792903647677
-0.742726370233
-0.569915202932
-0.614450927639
0.775296739196
-0.496611976491
0.68920557044
