4
0
3
2
1
136
0.405173977392
-1.72189936328
-0.964261078155
-3.66975013801
0.609441016146
-0.116581596028
-2.94678594459
-0.941781656899
-3.81390020066
-0.999872372756
0.754413048404
-0.809763423848
-0.684677728661
0.562391595517
-6.37006407521
-1.6540318954
-1.18076386755
-9.43805080123
-0.13944076929
-0.0745259989056
0.688250861069
0.585179919123
0.530351784321
-0.202286945309
-1.10642082316
-1.15082725412
0.0925643007838
-1.10431432326
-0.229097180556
0.672569928821
-0.189158269744
-0.949063906922
0.53394364702
-7.90510781777
0.213506590056
-4.532036309
0.301400689657
-0.739974870194
-0.857084178332
-0.817841181464
-1.16569040202
-0.7733787248
-0.345387802501
0.0373467299934
-0.565082470524
-0.0211130156287
-0.850443385571
0.842424966105
-0.169854323602
0.341042779748
-0.989195569973
-0.522624269914
0.901421064186
-0.533691562302
0.805882634578
-0.039889002127
-0.689011256193
-0.846228737968
-1.10058009842
-0.924092725043
0.103709344515
-0.431112178885
-0.245377415602
0.988794715144
0.480329211181
0.042176327099
0.498541067441
-0.833332728795
0.0811891650167
-0.272347864334
0.936969249033
0.00161955702589
-0.446527506816
-0.374753515787
0.954820088541
0.521062004913
0.107435276258
-0.225737004
0.393657325468
-0.959340351495
0.169938798101
0.212279188555
-0.838127871899
-0.196811798126
-0.615199753344
0.839200810418
-0.588906976457
0.36004666394
-0.255151517503
0.648681207503
0.107323226761
-0.371039022847
0.746959265214
0.268498324039
-0.730795488679
0.0284666998735
0.857381106424
-0.96696151283
-0.353793213444
0.540324060547
0.937917900707
0.399706784257
-0.721469932054
-0.00929741009032
0.488274111631
-0.518752095321
0.297410820044
0.267601102279
0.596070195888
0.177417620175
-0.233474336484
-0.473431949302
0.919369925649
0.754780922668
-0.408870695448
0.69991802871
-0.0729624821728
0.700882693596
-0.348166154628
0.546672726401
0.982642417422
0.659911563375
-0.721240428039
-0.0131481160792
-0.245180110754
0.968214344477
0.0284031736748
-0.616309453957
0.0735747168109
-0.792903647677
-0.742726370233
-0.535513069267
-0.614450927639
0.789725220529
-0.496611976491
0.68920557044
