4
0
3
2
1
136
-1.00542249046
-20.8391936001
-3.22863961865
-33.5892436439
0.609441016146
-1.52717806388
-22.0640801814
-3.2061601974
-33.7333937066
-0.999872372756
0.754413048404
-0.809763423848
-0.684677728661
0.562391595517
-45.9410070998
-9.96912686345
-9.4958588356
-73.1004966461
-0.13944076929
-0.0745259989056
0.688250861069
0.585179919123
0.530351784321
-0.202286945309
-5.37533118629
-4.56595554462
-0.315766255697
-2.40354789824
-1.52833075557
-0.626663646224
-0.189158269744
-0.949063906922
0.53394364702
-70.2683200893
0.213506590056
-31.8530626368
0.301400689657
-0.739974870194
-2.15631775341
-2.11707475657
-2.46492397716
-0.7733787248
-0.923016806856
-0.0705166265995
-1.68999337469
-0.0211130156287
-0.850443385571
0.264754922783
-0.277719528429
-0.783929038345
-0.989195569973
-0.522624269914
0.901421064186
-0.533691562302
0.805882634578
-0.548699642428
-0.689011256193
-0.846228737968
-3.03798180446
-0.924092725043
0.103709344515
-0.431112178885
-0.245377415602
0.988794715144
0.480329211181
-0.139304055511
0.393995896076
-0.833332728795
0.0811891650167
-0.272347864334
0.936969249033
0.00161955702589
-0.446527506816
-0.374753515787
0.954820088541
-0.198737491223
-0.0695850763986
-1.27784283142
0.393657325468
-0.959340351495
-0.549917714422
0.0352453926846
-1.89029724559
-0.196811798126
-0.615199753344
0.839200810418
-0.588906976457
0.36004666394
-1.01572158954
0.648681207503
0.107323226761
-1.85611148964
0.746959265214
0.268498324039
-0.730795488679
0.0284666998735
0.857381106424
-0.96696151283
-0.390550806811
0.505013009098
0.937917900707
0.399706784257
-0.721469932054
-0.00929741009032
0.488274111631
-0.518752095321
0.297410820044
-0.353480056814
-2.1542159208
0.0774988946214
-3.56030000018
-0.473431949302
0.298006530236
-1.99660183947
-0.508834777916
-2.62807567685
-0.0729624821728
0.700882693596
-0.348166154628
0.546672726401
0.982642417422
-2.32515620532
-2.67490623595
-1.96702415747
-4.05295330197
0.968214344477
0.0284031736748
-0.616309453957
0.0735747168109
-0.792903647677
-0.742726370233
-0.740455942661
-0.614450927639
0.689689948115
-0.496611976491
0.68920557044
