4
0
3
2
1
136
-0.861070607753
-18.8828457159
-2.99691685957
-30.5274642367
0.609441016146
-1.38282618117
-20.1077322972
-2.97443743832
-30.6716142993
-0.999872372756
0.754413048404
-0.809763423848
-0.684677728661
0.562391595517
-41.891556916
-9.11821050227
-8.64494247442
-66.5856682545
-0.13944076929
-0.0745259989056
0.688250861069
0.585179919123
0.530351784321
-0.202286945309
-4.93847680442
-4.21647203913
-0.273980184387
-2.2705922168
-1.39537507413
-0.493707964784
-0.189158269744
-0.949063906922
0.53394364702
-63.8864473791
0.213506590056
-29.0571945925
0.301400689657
-0.739974870194
-2.02336207197
-1.98411907513
-2.33196829572
-0.7733787248
-0.862316555442
-0.0592201250354
-1.57236019063
-0.0211130156287
-0.850443385571
0.325455346089
-0.26642299788
-0.666295545542
-0.989195569973
-0.522624269914
0.901421064186
-0.533691562302
0.805882634578
-0.495555622215
-0.689011256193
-0.846228737968
-2.83449701738
-0.924092725043
0.103709344515
-0.431112178885
-0.245377415602
0.988794715144
0.480329211181
-0.120321102273
0.405191618218
-0.833332728795
0.0811891650167
-0.272347864334
0.936969249033
0.00161955702589
-0.446527506816
-0.374753515787
0.954820088541
-0.122926601206
-0.0507993987495
-1.16780497343
0.393657325468
-0.959340351495
-0.474106498655
0.0540311606694
-1.78025906819
-0.196811798126
-0.615199753344
0.839200810418
-0.588906976457
0.36004666394
-0.936151971404
0.648681207503
0.107323226761
-1.69898172035
0.746959265214
0.268498324039
-0.730795488679
0.0284666998735
0.857381106424
-0.96696151283
-0.386754652171
0.508803185209
0.937917900707
0.399706784257
-0.721469932054
-0.00929741009032
0.488274111631
-0.518752095321
0.297410820044
-0.281304118143
-1.84271999763
0.0888950954033
-3.18802451177
-0.473431949302
0.370182468941
-1.6851059148
-0.497438577129
-2.25580018557
-0.0729624821728
0.700882693596
-0.348166154628
0.546672726401
0.982642417422
-1.99086790438
-2.45837841349
-1.750496335
-3.62776879641
0.968214344477
0.0284031736748
-0.616309453957
0.0735747168109
-0.792903647677
-0.742726370233
-0.717663615247
-0.614450927639
0.701086149363
-0.496611976491
0.68920557044
