4
0
3
2
1
136
-0.116518791688
-8.79220926056
-1.8017152601
-14.7351283467
0.609441016146
-0.638274365108
-10.0170958419
-1.77923583884
-14.8792784093
-0.999872372756
0.754413048404
-0.809763423848
-0.684677728661
0.562391595517
-21.0049191256
-4.72927348143
-4.25600545358
-32.9828691819
-0.13944076929
-0.0745259989056
0.688250861069
0.585179919123
0.530351784321
-0.202286945309
-2.68522788744
-2.41387290553
-0.0584520271068
-1.58482080726
-0.709603664595
0.192063444749
-0.189158269744
-0.949063906922
0.53394364702
-30.9694197162
0.213506590056
-14.6364015218
0.301400689657
-0.739974870194
-1.33759066244
-1.2983476656
-1.64619688618
-0.7733787248
-0.551224423898
-0.00157615660323
-0.968975387087
-0.0211130156287
-0.850443385571
0.636553689848
-0.208778570094
-0.0629006898041
-0.989195569973
-0.522624269914
0.901421064186
-0.533691562302
0.805882634578
-0.22271230324
-0.689011256193
-0.846228737968
-1.7957413349
-0.924092725043
0.103709344515
-0.431112178885
-0.245377415602
0.988794715144
0.480329211181
-0.0228469401025
0.461783546059
-0.833332728795
0.0811891650167
-0.272347864334
0.936969249033
0.00161955702589
-0.446527506816
-0.374753515787
0.954820088541
0.265108520124
0.0448899979622
-0.603368675257
0.393657325468
-0.959340351495
-0.0860619433105
0.149722606187
-1.21581243938
-0.196811798126
-0.615199753344
0.839200810418
-0.588906976457
0.36004666394
-0.528240992193
0.648681207503
0.107323226761
-0.899888850993
0.746959265214
0.268498324039
-0.730795488679
0.0284666998735
0.857381106424
-0.96696151283
-0.367228429598
0.528103898187
0.937917900707
0.399706784257
-0.721469932054
-0.00929741009032
0.488274111631
-0.518752095321
0.297410820044
0.0908096297226
-0.237163933369
0.147640027655
-1.26898949761
-0.473431949302
0.742298253981
-0.0795389592033
-0.438693217629
-0.336753763085
-0.0729624821728
0.700882693596
-0.348166154628
0.546672726401
0.982642417422
-0.26764330433
-1.34171561604
-0.633832913483
-1.44081027051
0.968214344477
0.0284031736748
-0.616309453957
0.0735747168109
-0.792903647677
-0.742726370233
-0.600272196181
-0.614450927639
0.7598551833
-0.496611976491
0.68920557044
