4
0
3
2
1
136
0.245627159664
-3.88417860371
-1.22037570661
-7.05382211445
0.609441016146
-0.276128413756
-5.10906518502
-1.19789628535
-7.19797217709
-0.999872372756
0.754413048404
-0.809763423848
-0.684677728661
0.562391595517
-10.8457721731
-2.59451839987
-2.12125037202
-16.6386505854
-0.13944076929
-0.0745259989056
0.688250861069
0.585179919123
0.530351784321
-0.202286945309
-1.5892598768
-1.53709849701
0.0463796956522
-1.25126532576
-0.376048183093
0.525618926251
-0.189158269744
-0.949063906922
0.53394364702
-14.9587566013
0.213506590056
-7.62220625272
0.301400689657
-0.739974870194
-1.00403518093
-0.964792184097
-1.31264140468
-0.7733787248
-0.405586602652
0.0256683762035
-0.684458012546
-0.0211130156287
-0.850443385571
0.782209413151
-0.181533271799
0.221643198916
-0.989195569973
-0.522624269914
0.901421064186
-0.533691562302
0.805882634578
-0.0938606324681
-0.689011256193
-0.846228737968
-1.30725646702
-0.924092725043
0.103709344515
-0.431112178885
-0.245377415602
0.988794715144
0.480329211181
0.0230815324675
0.48777065599
-0.833332728795
0.0811891650167
-0.272347864334
0.936969249033
0.00161955702589
-0.446527506816
-0.374753515787
0.954820088541
0.44627138779
0.089245121957
-0.337276951466
0.393657325468
-0.959340351495
0.095125663108
0.194083482793
-0.949693041544
-0.196811798126
-0.615199753344
0.839200810418
-0.588906976457
0.36004666394
-0.335857623435
0.648681207503
0.107323226761
-0.527291297432
0.746959265214
0.268498324039
-0.730795488679
0.0284666998735
0.857381106424
-0.96696151283
-0.357852010479
0.536852707561
0.937917900707
0.399706784257
-0.721469932054
-0.00929741009032
0.488274111631
-0.518752095321
0.297410820044
0.243274347066
0.447287097005
0.172306328422
-0.436167632764
-0.473431949302
0.894951888165
0.605567871378
-0.41399892933
0.496754091033
-0.0729624821728
0.700882693596
-0.348166154628
0.546672726401
0.982642417422
0.480678359692
-0.844433592633
-0.136441232802
-0.491213556778
0.968214344477
0.0284031736748
-0.616309453957
0.0735747168109
-0.792903647677
-0.742726370233
-0.549401111278
-0.614450927639
0.785062094118
-0.496611976491
0.68920557044
