4
0
3
2
1
136
-0.891460477796
-19.2947084284
-3.04570059833
-31.1720493751
0.609441016146
-1.41321605122
-20.5195950097
-3.02322117707
-31.3161994377
-0.999872372756
0.754413048404
-0.809763423848
-0.684677728661
0.562391595517
-42.7440727442
-9.29735078883
-8.82408276098
-67.9572110737
-0.13944076929
-0.0745259989056
0.688250861069
0.585179919123
0.530351784321
-0.202286945309
-5.03044614797
-4.29004751397
-0.282777252032
-2.29858288657
-1.42336574391
-0.521698634561
-0.189158269744
-0.949063906922
0.53394364702
-65.2299995286
0.213506590056
-29.6457983913
0.301400689657
-0.739974870194
-2.05135274175
-2.01210974491
-2.35995896549
-0.7733787248
-0.875092366005
-0.0615963523431
-1.59711956078
-0.0211130156287
-0.850443385571
0.312679491506
-0.268799232047
-0.691054994345
-0.989195569973
-0.522624269914
0.901421064186
-0.533691562302
0.805882634578
-0.506742013288
-0.689011256193
-0.846228737968
-2.87730398833
-0.924092725043
0.103709344515
-0.431112178885
-0.245377415602
0.988794715144
0.480329211181
-0.124316956799
0.402838343106
-0.833332728795
0.0811891650167
-0.272347864334
0.936969249033
0.00161955702589
-0.446527506816
-0.374753515787
0.954820088541
-0.138881208185
-0.0547507200154
-1.19096565196
0.393657325468
-0.959340351495
-0.490061187002
0.0500798179062
-1.80341982782
-0.196811798126
-0.615199753344
0.839200810418
-0.588906976457
0.36004666394
-0.952898165297
0.648681207503
0.107323226761
-1.73202467906
0.746959265214
0.268498324039
-0.730795488679
0.0284666998735
0.857381106424
-0.96696151283
-0.387553739921
0.508005648993
0.937917900707
0.399706784257
-0.721469932054
-0.00929741009032
0.488274111631
-0.518752095321
0.297410820044
-0.296499052099
-1.90829805436
0.0864958953363
-3.26639825095
-0.473431949302
0.354987534971
-1.75068397205
-0.499837777198
-2.33417392569
-0.0729624821728
0.700882693596
-0.348166154628
0.546672726401
0.982642417422
-2.06124435351
-2.50396321791
-1.79608113943
-3.71727130944
0.968214344477
0.0284031736748
-0.616309453957
0.0735747168109
-0.792903647677
-0.742726370233
-0.722461990207
-0.614450927639
0.698686949105
-0.496611976491
0.68920557044
