4
0
3
2
1
136
0.440628825776
-1.24139286548
-0.907346716347
-2.91773414326
0.609441016146
-0.0811267476442
-2.46627944679
-0.88486729509
-3.06188420591
-0.999872372756
0.754413048404
-0.809763423848
-0.684677728661
0.562391595517
-5.3754622758
-1.44503489441
-0.971766866559
-7.83791761771
-0.13944076929
-0.0745259989056
0.688250861069
0.585179919123
0.530351784321
-0.202286945309
-0.999123255685
-1.06498920096
0.102827546369
-1.07165861134
-0.196441468482
0.705225641056
-0.189158269744
-0.949063906922
0.53394364702
-6.33763033474
0.213506590056
-3.84533187707
0.301400689657
-0.739974870194
-0.824428465935
-0.785185468907
-1.1330346893
-0.7733787248
-0.332547350783
0.039905853025
-0.539350833901
-0.0211130156287
-0.850443385571
0.855270117393
-0.16729504054
0.366781120301
-0.989195569973
-0.522624269914
0.901421064186
-0.533691562302
0.805882634578
-0.0282822767023
-0.689011256193
-0.846228737968
-1.05570046831
-0.924092725043
0.103709344515
-0.431112178885
-0.245377415602
0.988794715144
0.480329211181
0.0462585255315
0.50085757909
-0.833332728795
0.0811891650167
-0.272347864334
0.936969249033
0.00161955702589
-0.446527506816
-0.374753515787
0.954820088541
0.537013773447
0.111297858861
-0.20171019767
0.393657325468
-0.959340351495
0.185896832092
0.21614333861
-0.814094037998
-0.196811798126
-0.615199753344
0.839200810418
-0.588906976457
0.36004666394
-0.237766378032
0.648681207503
0.107323226761
-0.337279115259
0.746959265214
0.268498324039
-0.730795488679
0.0284666998735
0.857381106424
-0.96696151283
-0.352900574172
0.541049120835
0.937917900707
0.399706784257
-0.721469932054
-0.00929741009032
0.488274111631
-0.518752095321
0.297410820044
0.270745544153
0.618154316277
0.178171579576
-0.200933063272
-0.473431949302
0.922523829856
0.77692219178
-0.408114552153
0.732524880771
-0.0729624821728
0.700882693596
-0.348166154628
0.546672726401
0.982642417422
0.688202410363
-0.701960523675
0.00614643907414
-0.203649865929
0.968214344477
0.0284031736748
-0.616309453957
0.0735747168109
-0.792903647677
-0.742726370233
-0.533106611043
-0.614450927639
0.790329070532
-0.496611976491
0.68920557044
