4
0
3
2
1
136
0.326666813113
-2.78587803714
-1.0902857366
-5.33492841213
0.609441016146
-0.195088760307
-4.01076461845
-1.06780631534
-5.47907847478
-0.999872372756
0.754413048404
-0.809763423848
-0.684677728661
0.562391595517
-8.57239663128
-2.11681096903
-1.64354294118
-12.9812030677
-0.13944076929
-0.0745259989056
0.688250861069
0.585179919123
0.530351784321
-0.202286945309
-1.344008294
-1.34089723076
0.0698385427032
-1.17662353994
-0.301406397276
0.600260712069
-0.189158269744
-0.949063906922
0.53394364702
-11.3759508694
0.213506590056
-6.05259612257
0.301400689657
-0.739974870194
-0.929393395115
-0.890150398278
-1.23799961886
-0.7733787248
-0.374561380997
0.0316315043137
-0.623156870026
-0.0211130156287
-0.850443385571
0.81324226983
-0.175569866438
0.282955337279
-0.989195569973
-0.522624269914
0.901421064186
-0.533691562302
0.805882634578
-0.0661255665704
-0.689011256193
-0.846228737968
-1.20138735703
-0.924092725043
0.103709344515
-0.431112178885
-0.245377415602
0.988794715144
0.480329211181
0.0329135349841
0.493308053418
-0.833332728795
0.0811891650167
-0.272347864334
0.936969249033
0.00161955702589
-0.446527506816
-0.374753515787
0.954820088541
0.48482011308
0.0986350299047
-0.279985925651
0.393657325468
-0.959340351495
0.133684692917
0.203475910133
-0.892390478597
-0.196811798126
-0.615199753344
0.839200810418
-0.588906976457
0.36004666394
-0.294406301389
0.648681207503
0.107323226761
-0.447105425687
0.746959265214
0.268498324039
-0.730795488679
0.0284666998735
0.857381106424
-0.96696151283
-0.355782582925
0.538655822443
0.937917900707
0.399706784257
-0.721469932054
-0.00929741009032
0.488274111631
-0.518752095321
0.297410820044
0.258294399041
0.534863117863
0.175324830454
-0.319783727612
-0.473431949302
0.910030902359
0.693400901868
-0.410970182921
0.613415684164
-0.0729624821728
0.700882693596
-0.348166154628
0.546672726401
0.982642417422
0.584135297797
-0.773210716131
-0.0651606960969
-0.352159324827
0.968214344477
0.0284031736748
-0.616309453957
0.0735747168109
-0.792903647677
-0.742726370233
-0.541635813
-0.614450927639
0.787926103035
-0.496611976491
0.68920557044
