4
0
3
2
1
136
-0.331780371162
-11.7095701405
-2.14726674294
-19.3009397434
0.609441016146
-0.853535944582
-12.9344567218
-2.12478732168
-19.4450898061
-0.999872372756
0.754413048404
-0.809763423848
-0.684677728661
0.562391595517
-27.0435729085
-5.9981838446
-5.52491581675
-42.6979641518
-0.13944076929
-0.0745259989056
0.688250861069
0.585179919123
0.530351784321
-0.202286945309
-3.33667740426
-2.93503251898
-0.120764589586
-1.78308805152
-0.907870908848
-0.0062037995038
-0.189158269744
-0.949063906922
0.53394364702
-40.4862474419
0.213506590056
-18.80567843
0.301400689657
-0.739974870194
-1.53585790669
-1.49661490985
-1.84446413044
-0.7733787248
-0.64047891426
-0.0180879387704
-1.1422870633
-0.0211130156287
-0.850443385571
0.547295531714
-0.225290574015
-0.236218143299
-0.989195569973
-0.522624269914
0.901421064186
-0.533691562302
0.805882634578
-0.301145175763
-0.689011256193
-0.846228737968
-2.09321908331
-0.924092725043
0.103709344515
-0.431112178885
-0.245377415602
0.988794715144
0.480329211181
-0.0508663784394
0.445708717141
-0.833332728795
0.0811891650167
-0.272347864334
0.936969249033
0.00161955702589
-0.446527506816
-0.374753515787
0.954820088541
0.153898694579
0.0175507471803
-0.76549639053
0.393657325468
-0.959340351495
-0.19727712913
0.122382202861
-1.37794610804
-0.196811798126
-0.615199753344
0.839200810418
-0.588906976457
0.36004666394
-0.645388034475
0.648681207503
0.107323226761
-1.12807462663
0.746959265214
0.268498324039
-0.730795488679
0.0284666998735
0.857381106424
-0.96696151283
-0.372856614539
0.52260825264
0.937917900707
0.399706784257
-0.721469932054
-0.00929741009032
0.488274111631
-0.518752095321
0.297410820044
-0.0166648885209
-0.700649629212
0.130679716699
-1.82310085993
-0.473431949302
0.634821772579
-0.543034866221
-0.455653938263
-0.890875765899
-0.0729624821728
0.700882693596
-0.348166154628
0.546672726401
0.982642417422
-0.765223038501
-1.66444777917
-0.95656568278
-2.07079320627
0.968214344477
0.0284031736748
-0.616309453957
0.0735747168109
-0.792903647677
-0.742726370233
-0.634110052316
-0.614450927639
0.742871973117
-0.496611976491
0.68920557044
