4
0
3
2
1
136
0.562186695518
0.405934206469
-0.7122180853
-0.339461144528
0.609441016146
0.0404312570176
-0.8189470329
-0.689738601311
-0.483606954127
-0.999872372756
0.754413048404
-0.809763423848
-0.684677728661
0.562391595517
-1.96555358119
-0.728489151232
-0.255220895451
-2.35355777837
-0.13944076929
-0.0745259989056
0.688250861069
0.585179919123
0.530351784321
-0.202286945309
-0.631256863946
-0.770751414414
0.138015761496
-0.95973514523
-0.0845179112052
0.817149289284
-0.189158269744
-0.949063906922
0.53394364702
-0.964999167618
0.213506590056
-1.49094002691
0.301400689657
-0.739974870194
-0.712504726966
-0.673261639408
-1.02111076948
-0.7733787248
-0.290398297517
0.0485638454681
-0.453900879039
-0.0211130156287
-0.850443385571
0.897437965717
-0.158636416142
0.452257884604
-0.989195569973
-0.522624269914
0.901421064186
-0.533691562302
0.805882634578
0.0101380810164
-0.689011256193
-0.846228737968
-0.905355783361
-0.924092725043
0.103709344515
-0.431112178885
-0.245377415602
0.988794715144
0.480329211181
0.059678551859
0.508555743982
-0.833332728795
0.0811891650167
-0.272347864334
0.936969249033
0.00161955702589
-0.446527506816
-0.374753515787
0.954820088541
0.589394339049
0.123920984871
-0.121969600067
0.393657325468
-0.959340351495
0.238302311571
0.228772725704
-0.734325422469
-0.196811798126
-0.615199753344
0.839200810418
-0.588906976457
0.36004666394
-0.180089898275
0.648681207503
0.107323226761
-0.224748506444
0.746959265214
0.268498324039
-0.730795488679
0.0284666998735
0.857381106424
-0.96696151283
-0.349872606909
0.543386352975
0.937917900707
0.399706784257
-0.721469932054
-0.00929741009032
0.488274111631
-0.518752095321
0.297410820044
0.278559003317
0.676291303747
0.180158411949
-0.110653635037
-0.473431949302
0.93035689433
0.83519013998
-0.406122749579
0.822960418534
-0.0729624821728
0.700882693596
-0.348166154628
0.546672726401
0.982642417422
0.765719610587
-0.649670348373
0.058471744643
-0.0838241266497
0.968214344477
0.0284031736748
-0.616309453957
0.0735747168109
-0.792903647677
-0.742726370233
-0.526111836304
-0.614450927639
0.791802955602
-0.496611976491
0.68920557044
