4
0
3
2
1
136
-0.471067275528
-13.5972742393
-2.3708588789
-22.2552882943
0.609441016146
-0.992822848948
-14.8221608206
-2.34837945764
-22.3994383569
-0.999872372756
0.754413048404
-0.809763423848
-0.684677728661
0.562391595517
-30.950937121
-6.81924349135
-6.3459754635
-48.9842020736
-0.13944076929
-0.0745259989056
0.688250861069
0.585179919123
0.530351784321
-0.202286945309
-3.75820356219
-3.27225344534
-0.161084482955
-1.91137862133
-1.03616147866
-0.134494369314
-0.189158269744
-0.949063906922
0.53394364702
-46.6441947938
0.213506590056
-21.5034458412
0.301400689657
-0.739974870194
-1.6641484765
-1.62490547966
-1.97275470025
-0.7733787248
-0.69865964118
-0.0288534782507
-1.25512999003
-0.0211130156287
-0.850443385571
0.489113602977
-0.236056206311
-0.349063041474
-0.989195569973
-0.522624269914
0.901421064186
-0.533691562302
0.805882634578
-0.352179661145
-0.689011256193
-0.846228737968
-2.28726828403
-0.924092725043
0.103709344515
-0.431112178885
-0.245377415602
0.988794715144
0.480329211181
-0.069100491775
0.435154624339
-0.833332728795
0.0811891650167
-0.272347864334
0.936969249033
0.00161955702589
-0.446527506816
-0.374753515787
0.954820088541
0.0813445775001
-0.000323269250903
-0.871056317524
0.393657325468
-0.959340351495
-0.269833089987
0.10450779523
-1.48350805447
-0.196811798126
-0.615199753344
0.839200810418
-0.588906976457
0.36004666394
-0.721661687779
0.648681207503
0.107323226761
-1.27725399528
0.746959265214
0.268498324039
-0.730795488679
0.0284666998735
0.857381106424
-0.96696151283
-0.376508616653
0.519000275847
0.937917900707
0.399706784257
-0.721469932054
-0.00929741009032
0.488274111631
-0.518752095321
0.297410820044
-0.086303207756
-1.00115120644
0.119684650258
-2.18224669554
-0.473431949302
0.565183388813
-0.843536994899
-0.466649020069
-1.25002220883
-0.0729624821728
0.700882693596
-0.348166154628
0.546672726401
0.982642417422
-1.08772001074
-1.87337394871
-1.1654918682
-2.47999630814
0.968214344477
0.0284031736748
-0.616309453957
0.0735747168109
-0.792903647677
-0.742726370233
-0.656088680189
-0.614450927639
0.731875865408
-0.496611976491
0.68920557044
