4
0
3
2
1
136
-0.187428488456
-9.75322225631
-1.91554398386
-16.2391603362
0.609441016146
-0.709184061876
-10.9781088376
-1.8930645626
-16.3833103988
-0.999872372756
0.754413048404
-0.809763423848
-0.684677728661
0.562391595517
-22.9941227247
-5.14726748341
-4.67399945556
-36.1831357602
-0.13944076929
-0.0745259989056
0.688250861069
0.585179919123
0.530351784321
-0.202286945309
-2.89982302239
-2.58554901349
-0.0789785182764
-1.65013237008
-0.774915227408
0.126751881936
-0.189158269744
-0.949063906922
0.53394364702
-34.1043747317
0.213506590056
-16.0098103857
0.301400689657
-0.739974870194
-1.40290222525
-1.36365922841
-1.711508449
-0.7733787248
-0.580503316113
-0.00699548409747
-1.02586851833
-0.0211130156287
-0.850443385571
0.607273254589
-0.214197983829
-0.119796219909
-0.989195569973
-0.522624269914
0.901421064186
-0.533691562302
0.805882634578
-0.248466786954
-0.689011256193
-0.846228737968
-1.89333497199
-0.924092725043
0.103709344515
-0.431112178885
-0.245377415602
0.988794715144
0.480329211181
-0.0320461416656
0.456526035267
-0.833332728795
0.0811891650167
-0.272347864334
0.936969249033
0.00161955702589
-0.446527506816
-0.374753515787
0.954820088541
0.228641563059
0.0359329834355
-0.656590198082
0.393657325468
-0.959340351495
-0.122531124557
0.140765108532
-1.2690364401
-0.196811798126
-0.615199753344
0.839200810418
-0.588906976457
0.36004666394
-0.566698838034
0.648681207503
0.107323226761
-0.974671862186
0.746959265214
0.268498324039
-0.730795488679
0.0284666998735
0.857381106424
-0.96696151283
-0.36907963105
0.526308131803
0.937917900707
0.399706784257
-0.721469932054
-0.00929741009032
0.488274111631
-0.518752095321
0.297410820044
0.0554636714434
-0.389526662997
0.142064963766
-1.45120243782
-0.473431949302
0.706950929412
-0.231908333729
-0.444268558768
-0.518973595763
-0.0729624821728
0.700882693596
-0.348166154628
0.546672726401
0.982642417422
-0.431274008524
-1.44796523926
-0.740082971296
-1.64773802294
0.968214344477
0.0284031736748
-0.616309453957
0.0735747168109
-0.792903647677
-0.742726370233
-0.61138018369
-0.614450927639
0.754265192512
-0.496611976491
0.68920557044
