4
0
3
2
1
136
-0.74964108426
-17.3726824369
-2.81804315081
-28.163985396
0.609441016146
-1.27139665768
-18.5975690182
-2.79556372955
-28.3081354587
-0.999872372756
0.754413048404
-0.809763423848
-0.684677728661
0.562391595517
-38.765665546
-8.46136278486
-7.98809475701
-61.5566779171
-0.13944076929
-0.0745259989056
0.688250861069
0.585179919123
0.530351784321
-0.202286945309
-4.60125587807
-3.94669529805
-0.241724269692
-2.16795976095
-1.29274261828
-0.391075508936
-0.189158269744
-0.949063906922
0.53394364702
-58.9600894976
0.213506590056
-26.8989806635
0.301400689657
-0.739974870194
-1.92072961612
-1.88148661928
-2.22933583987
-0.7733787248
-0.815491509028
-0.05051772904
-1.48160973721
-0.0211130156287
-0.850443385571
0.372280603276
-0.257720572499
-0.575544719183
-0.989195569973
-0.522624269914
0.901421064186
-0.533691562302
0.805882634578
-0.454550397209
-0.689011256193
-0.846228737968
-2.67770774818
-0.924092725043
0.103709344515
-0.431112178885
-0.245377415602
0.988794715144
0.480329211181
-0.105673253181
0.413800866282
-0.833332728795
0.0811891650167
-0.272347864334
0.936969249033
0.00161955702589
-0.446527506816
-0.374753515787
0.954820088541
-0.0644593860099
-0.0363298835806
-1.08291422139
0.393657325468
-0.959340351495
-0.415638906914
0.0685007696353
-1.69536793298
-0.196811798126
-0.615199753344
0.839200810418
-0.588906976457
0.36004666394
-0.874779433447
0.648681207503
0.107323226761
-1.57801556458
0.746959265214
0.268498324039
-0.730795488679
0.0284666998735
0.857381106424
-0.96696151283
-0.383825277939
0.511725019234
0.937917900707
0.399706784257
-0.721469932054
-0.00929741009032
0.488274111631
-0.518752095321
0.297410820044
-0.225589367883
-1.6022674755
0.0976921607138
-2.90065460726
-0.473431949302
0.425897219345
-1.44465338843
-0.48864151179
-1.96843027419
-0.0729624821728
0.700882693596
-0.348166154628
0.546672726401
0.982642417422
-1.73282130281
-2.2912341353
-1.58335205678
-3.29965170423
0.968214344477
0.0284031736748
-0.616309453957
0.0735747168109
-0.792903647677
-0.742726370233
-0.700069677037
-0.614450927639
0.709883216882
-0.496611976491
0.68920557044
