4
0
3
2
1
136
0.227899735472
-4.12443185264
-1.24883288755
-7.42983011183
0.609441016146
-0.293855837948
-5.34931843396
-1.22635346629
-7.57398017447
-0.999872372756
0.754413048404
-0.809763423848
-0.684677728661
0.562391595517
-11.3430730729
-2.69901690036
-2.22574887251
-17.43871723
-0.13944076929
-0.0745259989056
0.688250861069
0.585179919123
0.530351784321
-0.202286945309
-1.64290866054
-1.580017524
0.0412480728598
-1.26759321646
-0.392376073794
0.509291035551
-0.189158269744
-0.949063906922
0.53394364702
-15.7424953551
0.213506590056
-7.96555846868
0.301400689657
-0.739974870194
-1.02036307163
-0.981120074798
-1.32896929538
-0.7733787248
-0.412478036822
0.0243561238566
-0.698024050795
-0.0211130156287
-0.850443385571
0.775316531834
-0.182845578527
0.208075064427
-0.989195569973
-0.522624269914
0.901421064186
-0.533691562302
0.805882634578
-0.100001997855
-0.689011256193
-0.846228737968
-1.33063036762
-0.924092725043
0.103709344515
-0.431112178885
-0.245377415602
0.988794715144
0.480329211181
0.0209001964888
0.48654274506
-0.833332728795
0.0811891650167
-0.272347864334
0.936969249033
0.00161955702589
-0.446527506816
-0.374753515787
0.954820088541
0.43770721421
0.0871557315057
-0.349958674803
0.393657325468
-0.959340351495
0.0865595259677
0.191993617955
-0.962376962812
-0.196811798126
-0.615199753344
0.839200810418
-0.588906976457
0.36004666394
-0.345031866968
0.648681207503
0.107323226761
-0.545030414856
0.746959265214
0.268498324039
-0.730795488679
0.0284666998735
0.857381106424
-0.96696151283
-0.358306551361
0.536448526443
0.937917900707
0.399706784257
-0.721469932054
-0.00929741009032
0.488274111631
-0.518752095321
0.297410820044
0.238939003757
0.424033851353
0.171497968701
-0.466094258083
-0.473431949302
0.890599677697
0.582249984595
-0.414809922277
0.466758705114
-0.0729624821728
0.700882693596
-0.348166154628
0.546672726401
0.982642417422
0.453914087173
-0.862825118271
-0.154846272343
-0.526300375184
0.968214344477
0.0284031736748
-0.616309453957
0.0735747168109
-0.792903647677
-0.742726370233
-0.551327129991
-0.614450927639
0.784255348897
-0.496611976491
0.68920557044
