4
0
3
2
1
136
-0.597691734043
-15.3133688746
-2.57412445704
-24.9410597042
0.609441016146
-1.11944730746
-16.5382554559
-2.55164503578
-25.0852097668
-0.999872372756
0.754413048404
-0.809763423848
-0.684677728661
0.562391595517
-34.5030864051
-7.56566135204
-7.09239332419
-54.6989638206
-0.13944076929
-0.0745259989056
0.688250861069
0.585179919123
0.530351784321
-0.202286945309
-4.14140916032
-3.57881792384
-0.197738931472
-2.02800641206
-1.1527892694
-0.251122160051
-0.189158269744
-0.949063906922
0.53394364702
-52.2423287501
0.213506590056
-23.9559616695
0.301400689657
-0.739974870194
-1.78077626724
-1.7415332704
-2.08938249098
-0.7733787248
-0.75171029876
-0.038682094747
-1.35798181653
-0.0211130156287
-0.850443385571
0.436062285159
-0.245884884406
-0.451915981884
-0.989195569973
-0.522624269914
0.901421064186
-0.533691562302
0.805882634578
-0.398677423502
-0.689011256193
-0.846228737968
-2.46442099733
-0.924092725043
0.103709344515
-0.431112178885
-0.245377415602
0.988794715144
0.480329211181
-0.0857129073771
0.425482927102
-0.833332728795
0.0811891650167
-0.272347864334
0.936969249033
0.00161955702589
-0.446527506816
-0.374753515787
0.954820088541
0.0151539333819
-0.0166550660992
-0.967268452765
0.393657325468
-0.959340351495
-0.336024791874
0.0881757691919
-1.57972132863
-0.196811798126
-0.615199753344
0.839200810418
-0.588906976457
0.36004666394
-0.791190198556
0.648681207503
0.107323226761
-1.41362704561
0.746959265214
0.268498324039
-0.730795488679
0.0284666998735
0.857381106424
-0.96696151283
-0.379832818361
0.515700302944
0.937917900707
0.399706784257
-0.721469932054
-0.00929741009032
0.488274111631
-0.518752095321
0.297410820044
-0.149614801758
-1.27438042867
0.109688137237
-2.50878984872
-0.473431949302
0.501871786838
-1.11676631624
-0.476645534966
-1.57656548104
-0.0729624821728
0.700882693596
-0.348166154628
0.546672726401
0.982642417422
-1.38094244507
-2.06331018125
-1.35542810247
-2.852420914
0.968214344477
0.0284031736748
-0.616309453957
0.0735747168109
-0.792903647677
-0.742726370233
-0.676078701263
-0.614450927639
0.721879216187
-0.496611976491
0.68920557044
