4
0
3
2
1
136
-0.326715392822
-11.6409263551
-2.13913611981
-19.1935088871
0.609441016146
-0.848470966242
-12.8658129364
-2.11665669856
-19.3376589497
-0.999872372756
0.754413048404
-0.809763423848
-0.684677728661
0.562391595517
-26.9014869372
-5.96832713017
-5.49505910232
-42.469373682
-0.13944076929
-0.0745259989056
0.688250861069
0.585179919123
0.530351784321
-0.202286945309
-3.32134918033
-2.92276993984
-0.119298411645
-1.77842293989
-0.903205797219
-0.00153868787432
-0.189158269744
-0.949063906922
0.53394364702
-40.2623220836
0.213506590056
-18.7075777969
0.301400689657
-0.739974870194
-1.53119279506
-1.49194979822
-1.83979901881
-0.7733787248
-0.638368006859
-0.0176975232497
-1.13819157869
-0.0211130156287
-0.850443385571
0.549406495838
-0.2249001545
-0.232122566979
-0.989195569973
-0.522624269914
0.901421064186
-0.533691562302
0.805882634578
-0.299292492319
-0.689011256193
-0.846228737968
-2.0861822897
-0.924092725043
0.103709344515
-0.431112178885
-0.245377415602
0.988794715144
0.480329211181
-0.0502044347391
0.446090537517
-0.833332728795
0.0811891650167
-0.272347864334
0.936969249033
0.00161955702589
-0.446527506816
-0.374753515787
0.954820088541
0.156530260235
0.0181984902577
-0.761665198906
0.393657325468
-0.959340351495
-0.194645478113
0.123029964024
-1.37411482231
-0.196811798126
-0.615199753344
0.839200810418
-0.588906976457
0.36004666394
-0.642619866723
0.648681207503
0.107323226761
-1.12266934686
0.746959265214
0.268498324039
-0.730795488679
0.0284666998735
0.857381106424
-0.96696151283
-0.372723934172
0.522738861941
0.937917900707
0.399706784257
-0.721469932054
-0.00929741009032
0.488274111631
-0.518752095321
0.297410820044
-0.0141328634189
-0.689724855908
0.13107946986
-1.8100435845
-0.473431949302
0.637353803521
-0.532110049213
-0.455254183725
-0.877818443454
-0.0729624821728
0.700882693596
-0.348166154628
0.546672726401
0.982642417422
-0.753498225423
-1.65685071029
-0.948968612393
-2.05592644565
0.968214344477
0.0284031736748
-0.616309453957
0.0735747168109
-0.792903647677
-0.742726370233
-0.633311297105
-0.614450927639
0.743271816468
-0.496611976491
0.68920557044
