4
0
3
2
1
136
-0.942110261202
-19.9811462825
-3.12700682958
-32.246357939
0.609441016146
-1.46386583462
-21.2060328638
-3.10452740833
-32.3905080017
-0.999872372756
0.754413048404
-0.809763423848
-0.684677728661
0.562391595517
-44.1649324578
-9.59591793311
-9.12264990526
-70.2431157726
-0.13944076929
-0.0745259989056
0.688250861069
0.585179919123
0.530351784321
-0.202286945309
-5.18372838722
-4.41267330537
-0.297439031438
-2.34523400287
-1.4700168602
-0.568349750856
-0.189158269744
-0.949063906922
0.53394364702
-67.4692531111
0.213506590056
-30.6268047226
0.301400689657
-0.739974870194
-2.09800385804
-2.0587608612
-2.40661008179
-0.7733787248
-0.896389433598
-0.0655591638721
-1.63839218049
-0.0211130156287
-0.850443385571
0.291382360551
-0.272762054066
-0.732327727769
-0.989195569973
-0.522624269914
0.901421064186
-0.533691562302
0.805882634578
-0.525388330379
-0.689011256193
-0.846228737968
-2.94868817044
-0.924092725043
0.103709344515
-0.431112178885
-0.245377415602
0.988794715144
0.480329211181
-0.130977430292
0.398911665307
-0.833332728795
0.0811891650167
-0.272347864334
0.936969249033
0.00161955702589
-0.446527506816
-0.374753515787
0.954820088541
-0.165479245033
-0.0613406122276
-1.22957336424
0.393657325468
-0.959340351495
-0.516659343241
0.0434898929961
-1.84202765763
-0.196811798126
-0.615199753344
0.839200810418
-0.588906976457
0.36004666394
-0.980815104315
0.648681207503
0.107323226761
-1.78714144075
0.746959265214
0.268498324039
-0.730795488679
0.0284666998735
0.857381106424
-0.96696151283
-0.388885682556
0.506675917697
0.937917900707
0.399706784257
-0.721469932054
-0.00929741009032
0.488274111631
-0.518752095321
0.297410820044
-0.321823942776
-2.0175948615
0.08249722841
-3.39702121627
-0.473431949302
0.329662644281
-1.85998077977
-0.503836444127
-2.46479689211
-0.0729624821728
0.700882693596
-0.348166154628
0.546672726401
0.982642417422
-2.17853848536
-2.57993789241
-1.87205581393
-3.86645475761
0.968214344477
0.0284031736748
-0.616309453957
0.0735747168109
-0.792903647677
-0.742726370233
-0.730459295605
-0.614450927639
0.694688282001
-0.496611976491
0.68920557044
