4
0
3
2
1
136
-0.390027622079
-12.4989736727
-2.24076890888
-20.536394592
0.609441016146
-0.911783195499
-13.723860254
-2.21828948763
-20.6805446546
-0.999872372756
0.754413048404
-0.809763423848
-0.684677728661
0.562391595517
-28.6775615792
-6.34153606051
-5.86826803266
-45.3267545555
-0.13944076929
-0.0745259989056
0.688250861069
0.585179919123
0.530351784321
-0.202286945309
-3.51295197939
-3.07605217909
-0.137625635904
-1.83673683526
-0.961519692587
-0.0598525832428
-0.189158269744
-0.949063906922
0.53394364702
-43.0613890618
0.213506590056
-19.933835711
0.301400689657
-0.739974870194
-1.58950669043
-1.55026369359
-1.89811291417
-0.7733787248
-0.664780685095
-0.0225833080964
-1.18942869375
-0.0211130156287
-0.850443385571
0.52299318078
-0.22978598594
-0.283360718026
-0.989195569973
-0.522624269914
0.901421064186
-0.533691562302
0.805882634578
-0.322468356819
-0.689011256193
-0.846228737968
-2.17424656816
-0.924092725043
0.103709344515
-0.431112178885
-0.245377415602
0.988794715144
0.480329211181
-0.0584849683695
0.44130738206
-0.833332728795
0.0811891650167
-0.272347864334
0.936969249033
0.00161955702589
-0.446527506816
-0.374753515787
0.954820088541
0.123598484033
0.010089741733
-0.809595677968
0.393657325468
-0.959340351495
-0.227578220207
0.11492101094
-1.42204636352
-0.196811798126
-0.615199753344
0.839200810418
-0.588906976457
0.36004666394
-0.677251665869
0.648681207503
0.107323226761
-1.19033849499
0.746959265214
0.268498324039
-0.730795488679
0.0284666998735
0.857381106424
-0.96696151283
-0.374383092487
0.521102993859
0.937917900707
0.399706784257
-0.721469932054
-0.00929741009032
0.488274111631
-0.518752095321
0.297410820044
-0.0457851028464
-0.826301359189
0.12608209046
-1.97327643391
-0.473431949302
0.605701515351
-0.668686940842
-0.46025157469
-1.04105171476
-0.0729624821728
0.700882693596
-0.348166154628
0.546672726401
0.982642417422
-0.90007376261
-1.75181581055
-1.04393372495
-2.24183705017
0.968214344477
0.0284031736748
-0.616309453957
0.0735747168109
-0.792903647677
-0.742726370233
-0.643298715196
-0.614450927639
0.73827366575
-0.496611976491
0.68920557044
