4
0
3
2
1
136
-0.453339851336
-13.3570209904
-2.34240169796
-21.8792802969
0.609441016146
-0.975095424756
-14.5819075717
-2.3199222767
-22.0234303596
-0.999872372756
0.754413048404
-0.809763423848
-0.684677728661
0.562391595517
-30.4536362212
-6.71474499086
-6.24147696301
-48.184135429
-0.13944076929
-0.0745259989056
0.688250861069
0.585179919123
0.530351784321
-0.202286945309
-3.70455477846
-3.22933441835
-0.155952860162
-1.89505073062
-1.01983358796
-0.118166478611
-0.189158269744
-0.949063906922
0.53394364702
-45.8604560399
0.213506590056
-21.1600936252
0.301400689657
-0.739974870194
-1.6478205858
-1.60857758896
-1.95642680954
-0.7733787248
-0.691242832323
-0.0274804213069
-1.24074812924
-0.0211130156287
-0.850443385571
0.496530532065
-0.234683139192
-0.33468098062
-0.989195569973
-0.522624269914
0.901421064186
-0.533691562302
0.805882634578
-0.345676560845
-0.689011256193
-0.846228737968
-2.26251859979
-0.924092725043
0.103709344515
-0.431112178885
-0.245377415602
0.988794715144
0.480329211181
-0.0667770267196
0.43650323095
-0.833332728795
0.0811891650167
-0.272347864334
0.936969249033
0.00161955702589
-0.446527506816
-0.374753515787
0.954820088541
0.0905960158606
0.00195749654294
-0.857602781094
0.393657325468
-0.959340351495
-0.260581463376
0.106788601188
-1.47005431338
-0.196811798126
-0.615199753344
0.839200810418
-0.588906976457
0.36004666394
-0.711940203333
0.648681207503
0.107323226761
-1.25821481774
0.746959265214
0.268498324039
-0.730795488679
0.0284666998735
0.857381106424
-0.96696151283
-0.376043507059
0.519460971432
0.937917900707
0.399706784257
-0.721469932054
-0.00929741009032
0.488274111631
-0.518752095321
0.297410820044
-0.0774397184086
-0.962901021369
0.121084128644
-2.13653263683
-0.473431949302
0.574046880957
-0.805286780143
-0.465249541015
-1.204308116
-0.0729624821728
0.700882693596
-0.348166154628
0.546672726401
0.982642417422
-1.04667071385
-1.84678297955
-1.1389008984
-2.42788368811
0.968214344477
0.0284031736748
-0.616309453957
0.0735747168109
-0.792903647677
-0.742726370233
-0.653290507678
-0.614450927639
0.733275391202
-0.496611976491
0.68920557044
