4
0
3
2
1
136
0.48621363084
-0.623598808548
-0.834171113183
-1.9508564369
0.609441016146
-0.0355419425804
-1.84848538946
-0.811691691906
-2.09500649948
-0.999872372756
0.754413048404
-0.809763423848
-0.684677728661
0.562391595517
-4.09668855039
-1.17632446524
-0.703056437378
-5.78060592368
-0.13944076929
-0.0745259989056
0.688250861069
0.585179919123
0.530351784321
-0.202286945309
-0.861169241247
-0.954626044076
0.116023147835
-1.02967336211
-0.154456217487
0.747210893806
-0.189158269744
-0.949063906922
0.53394364702
-4.32230361589
0.213506590056
-2.96242617906
0.301400689657
-0.739974870194
-0.782443211433
-0.743200212657
-1.0910494313
-0.7733787248
-0.316382993763
0.0431744635385
-0.50677697019
-0.0211130156287
-0.850443385571
0.871441048087
-0.164026208301
0.399364354467
-0.989195569973
-0.522624269914
0.901421064186
-0.533691562302
0.805882634578
-0.0136108072839
-0.689011256193
-0.846228737968
-0.998651358876
-0.924092725043
0.103709344515
-0.431112178885
-0.245377415602
0.988794715144
0.480329211181
0.0514017521503
0.503790033571
-0.833332728795
0.0811891650167
-0.272347864334
0.936969249033
0.00161955702589
-0.446527506816
-0.374753515787
0.954820088541
0.557097250671
0.116149616474
-0.171303988155
0.393657325468
-0.959340351495
0.205989046318
0.220997289541
-0.783678017901
-0.196811798126
-0.615199753344
0.839200810418
-0.588906976457
0.36004666394
-0.215768215003
0.648681207503
0.107323226761
-0.294470571533
0.746959265214
0.268498324039
-0.730795488679
0.0284666998735
0.857381106424
-0.96696151283
-0.35175885082
0.541953384119
0.937917900707
0.399706784257
-0.721469932054
-0.00929741009032
0.488274111631
-0.518752095321
0.297410820044
0.274124163738
0.642714778921
0.179010348537
-0.163676991945
-0.473431949302
0.925911633502
0.801541690619
-0.407273538408
0.76985010976
-0.0729624821728
0.700882693596
-0.348166154628
0.546672726401
0.982642417422
0.720374308824
-0.680152160563
0.0279703437126
-0.15510217077
0.968214344477
0.0284031736748
-0.616309453957
0.0735747168109
-0.792903647677
-0.742726370233
-0.530278731857
-0.614450927639
0.79097208518
-0.496611976491
0.68920557044
