4
0
3
2
1
136
-1.05100729552
-21.4569876688
-3.30181522679
-34.5561213515
0.609441016146
-1.57276286894
-22.6818742501
-3.27933580553
-34.7002714141
-0.999872372756
0.754413048404
-0.809763423848
-0.684677728661
0.562391595517
-47.2197808421
-10.2378372933
-9.76456926545
-75.157810875
-0.13944076929
-0.0745259989056
0.688250861069
0.585179919123
0.530351784321
-0.202286945309
-5.51328520161
-4.67631875688
-0.328961857163
-2.4455339029
-1.57031676023
-0.66864965089
-0.189158269744
-0.949063906922
0.53394364702
-72.2836483135
0.213506590056
-32.735968335
0.301400689657
-0.739974870194
-2.19830375807
-2.15906076124
-2.50690998182
-0.7733787248
-0.942191978452
-0.074088486575
-1.72715218726
-0.0211130156287
-0.850443385571
0.245579713015
-0.281291395886
-0.821087920042
-0.989195569973
-0.522624269914
0.901421064186
-0.533691562302
0.805882634578
-0.565485704007
-0.689011256193
-0.846228737968
-3.10231301338
-0.924092725043
0.103709344515
-0.431112178885
-0.245377415602
0.988794715144
0.480329211181
-0.145299795925
0.39045184281
-0.833332728795
0.0811891650167
-0.272347864334
0.936969249033
0.00161955702589
-0.446527506816
-0.374753515787
0.954820088541
-0.222689715425
-0.0755255897179
-1.3126024872
0.393657325468
-0.959340351495
-0.573870014672
0.0293048561122
-1.92505697343
-0.196811798126
-0.615199753344
0.839200810418
-0.588906976457
0.36004666394
-1.04086048395
0.648681207503
0.107323226761
-1.90581721331
0.746959265214
0.268498324039
-0.730795488679
0.0284666998735
0.857381106424
-0.96696151283
-0.3917498101
0.503815293605
0.937917900707
0.399706784257
-0.721469932054
-0.00929741009032
0.488274111631
-0.518752095321
0.297410820044
-0.376272459149
-2.2525831038
0.073900094253
-3.67786075789
-0.473431949302
0.275214127898
-2.09496902263
-0.512433578285
-2.74563643493
-0.0729624821728
0.700882693596
-0.348166154628
0.546672726401
0.982642417422
-2.43072098606
-2.74328344343
-2.03540136495
-4.18724357016
0.968214344477
0.0284031736748
-0.616309453957
0.0735747168109
-0.792903647677
-0.742726370233
-0.747653534779
-0.614450927639
0.686091147716
-0.496611976491
0.68920557044
