4
0
3
2
1
136
-0.678731387492
-16.4116694411
-2.70421442705
-26.6599534065
0.609441016146
-1.20048696091
-17.6365560224
-2.68173500579
-26.8041034691
-0.999872372756
0.754413048404
-0.809763423848
-0.684677728661
0.562391595517
-36.7764619469
-8.04336878288
-7.57010075503
-58.3564113387
-0.13944076929
-0.0745259989056
0.688250861069
0.585179919123
0.530351784321
-0.202286945309
-4.38666074312
-3.77501919008
-0.221197778523
-2.10264819814
-1.22743105547
-0.325763946123
-0.189158269744
-0.949063906922
0.53394364702
-55.8251344821
0.213506590056
-25.5255717997
0.301400689657
-0.739974870194
-1.85541805331
-1.81617505647
-2.16402427706
-0.7733787248
-0.785714409509
-0.0449894697807
-1.42389514445
-0.0211130156287
-0.850443385571
0.402057890002
-0.252192290411
-0.517829799651
-0.989195569973
-0.522624269914
0.901421064186
-0.533691562302
0.805882634578
-0.428468609221
-0.689011256193
-0.846228737968
-2.57809097471
-0.924092725043
0.103709344515
-0.431112178885
-0.245377415602
0.988794715144
0.480329211181
-0.0963558825733
0.419261645564
-0.833332728795
0.0811891650167
-0.272347864334
0.936969249033
0.00161955702589
-0.446527506816
-0.374753515787
0.954820088541
-0.0272867284163
-0.0271392860073
-1.02892613461
0.393657325468
-0.959340351495
-0.378465927587
0.0776914426106
-1.6413795115
-0.196811798126
-0.615199753344
0.839200810418
-0.588906976457
0.36004666394
-0.835754126781
0.648681207503
0.107323226761
-1.50121171718
0.746959265214
0.268498324039
-0.730795488679
0.0284666998735
0.857381106424
-0.96696151283
-0.381961761155
0.513581748387
0.937917900707
0.399706784257
-0.721469932054
-0.00929741009032
0.488274111631
-0.518752095321
0.297410820044
-0.190134544273
-1.44925284736
0.103290289266
-2.71778361131
-0.473431949302
0.461352043267
-1.29163875336
-0.483043383172
-1.78555926817
-0.0729624821728
0.700882693596
-0.348166154628
0.546672726401
0.982642417422
-1.56861047622
-2.18486960584
-1.47698752727
-3.0909094843
0.968214344477
0.0284031736748
-0.616309453957
0.0735747168109
-0.792903647677
-0.742726370233
-0.688873708006
-0.614450927639
0.71548135047
-0.496611976491
0.68920557044
