4
0
3
2
1
136
-1.11685201395
-22.3493568791
-3.40751332742
-35.9527224846
0.609441016146
-1.63860758737
-23.5742434605
-3.38503390616
-36.0968725473
-0.999872372756
0.754413048404
-0.809763423848
-0.684677728661
0.562391595517
-49.0668984698
-10.6259745809
-10.152706553
-78.1294869835
-0.13944076929
-0.0745259989056
0.688250861069
0.585179919123
0.530351784321
-0.202286945309
-5.71255211264
-4.83573228571
-0.348022170392
-2.50618035409
-1.63096321142
-0.729296102073
-0.189158269744
-0.949063906922
0.53394364702
-75.1946779708
0.213506590056
-34.0112765657
0.301400689657
-0.739974870194
-2.25895020926
-2.21970721242
-2.567556433
-0.7733787248
-0.969893652655
-0.0792511781833
-1.78083321229
-0.0211130156287
-0.850443385571
0.217877993513
-0.286454097142
-0.874769027317
-0.989195569973
-0.522624269914
0.901421064186
-0.533691562302
0.805882634578
-0.589734506245
-0.689011256193
-0.846228737968
-3.19528914637
-0.924092725043
0.103709344515
-0.431112178885
-0.245377415602
0.988794715144
0.480329211181
-0.153960972431
0.385326307655
-0.833332728795
0.0811891650167
-0.272347864334
0.936969249033
0.00161955702589
-0.446527506816
-0.374753515787
0.954820088541
-0.257295213375
-0.0841124244336
-1.36281772371
0.393657325468
-0.959340351495
-0.608475605486
0.0207179912645
-1.97527229612
-0.196811798126
-0.615199753344
0.839200810418
-0.588906976457
0.36004666394
-1.07718022844
0.648681207503
0.107323226761
-1.9776788574
0.746959265214
0.268498324039
-0.730795488679
0.0284666998735
0.857381106424
-0.96696151283
-0.393481843526
0.502084757297
0.937917900707
0.399706784257
-0.721469932054
-0.00929741009032
0.488274111631
-0.518752095321
0.297410820044
-0.409194818227
-2.39466905162
0.068701827029
-3.84767077099
-0.473431949302
0.242291768818
-2.23705497059
-0.517631845509
-2.91544644836
-0.0729624821728
0.700882693596
-0.348166154628
0.546672726401
0.982642417422
-2.58320346575
-2.84205052099
-2.13416844251
-4.38123250041
0.968214344477
0.0284031736748
-0.616309453957
0.0735747168109
-0.792903647677
-0.742726370233
-0.758050061936
-0.614450927639
0.680892880473
-0.496611976491
0.68920557044
