4
0
3
2
1
136
-0.582496799021
-15.1074375183
-2.54973258766
-24.618767135
0.609441016146
-1.10425237244
-16.3323240996
-2.5272531664
-24.7629171976
-0.999872372756
0.754413048404
-0.809763423848
-0.684677728661
0.562391595517
-34.076828491
-7.47609120876
-7.00282318091
-54.013192411
-0.13944076929
-0.0745259989056
0.688250861069
0.585179919123
0.530351784321
-0.202286945309
-4.09542448855
-3.54203018642
-0.19334039765
-2.01401107718
-1.13879393451
-0.237126825163
-0.189158269744
-0.949063906922
0.53394364702
-51.5705526753
0.213506590056
-23.6616597701
0.301400689657
-0.739974870194
-1.76678093235
-1.72753793551
-2.0753871561
-0.7733787248
-0.745338415132
-0.0375008498104
-1.34562972618
-0.0211130156287
-0.850443385571
0.442434232425
-0.244703632997
-0.439563782872
-0.989195569973
-0.522624269914
0.901421064186
-0.533691562302
0.805882634578
-0.393094006374
-0.689011256193
-0.846228737968
-2.44313138008
-0.924092725043
0.103709344515
-0.431112178885
-0.245377415602
0.988794715144
0.480329211181
-0.0837181611833
0.426646862836
-0.833332728795
0.0811891650167
-0.272347864334
0.936969249033
0.00161955702589
-0.446527506816
-0.374753515787
0.954820088541
0.0231055515121
-0.0146918300666
-0.955713826075
0.393657325468
-0.959340351495
-0.328073069566
0.0901390282112
-1.56816659085
-0.196811798126
-0.615199753344
0.839200810418
-0.588906976457
0.36004666394
-0.782839535164
0.648681207503
0.107323226761
-1.397229796
0.746959265214
0.268498324039
-0.730795488679
0.0284666998735
0.857381106424
-0.96696151283
-0.379433753212
0.516097036699
0.937917900707
0.399706784257
-0.721469932054
-0.00929741009032
0.488274111631
-0.518752095321
0.297410820044
-0.14201736402
-1.2415921523
0.110887730339
-2.46960385333
-0.473431949302
0.50946922495
-1.08397803414
-0.475445941779
-1.53737947833
-0.0729624821728
0.700882693596
-0.348166154628
0.546672726401
0.982642417422
-1.34575499515
-2.04051779887
-1.33263572001
-2.80771473946
0.968214344477
0.0284031736748
-0.616309453957
0.0735747168109
-0.792903647677
-0.742726370233
-0.673679715246
-0.614450927639
0.723078815644
-0.496611976491
0.68920557044
