4
0
3
2
1
136
-0.559704396488
-14.798540484
-2.51314478359
-24.1353282812
0.609441016146
-1.08145996991
-16.0234270653
-2.49066536234
-24.2794783439
-0.999872372756
0.754413048404
-0.809763423848
-0.684677728661
0.562391595517
-33.4374416199
-7.34173599383
-6.86846796598
-52.9845352965
-0.13944076929
-0.0745259989056
0.688250861069
0.585179919123
0.530351784321
-0.202286945309
-4.02644748088
-3.48684858029
-0.186742596917
-1.99301807484
-1.11780093217
-0.21613382283
-0.189158269744
-0.949063906922
0.53394364702
-50.5628885632
0.213506590056
-23.220206921
0.301400689657
-0.739974870194
-1.74578793001
-1.70654493318
-2.05439415376
-0.7733787248
-0.735783241294
-0.0357298615221
-1.32710611624
-0.0211130156287
-0.850443385571
0.451989508805
-0.242932634565
-0.421039998478
-0.989195569973
-0.522624269914
0.901421064186
-0.533691562302
0.805882634578
-0.384720552942
-0.689011256193
-0.846228737968
-2.41121200011
-0.924092725043
0.103709344515
-0.431112178885
-0.245377415602
0.988794715144
0.480329211181
-0.08072660663
0.428391149231
-0.833332728795
0.0811891650167
-0.272347864334
0.936969249033
0.00161955702589
-0.446527506816
-0.374753515787
0.954820088541
0.0350289399191
-0.011748615044
-0.938386090529
0.393657325468
-0.959340351495
-0.316149514473
0.0930822797634
-1.55083867696
-0.196811798126
-0.615199753344
0.839200810418
-0.588906976457
0.36004666394
-0.770316913685
0.648681207503
0.107323226761
-1.37264967241
0.746959265214
0.268498324039
-0.730795488679
0.0284666998735
0.857381106424
-0.96696151283
-0.378835230228
0.516691799921
0.937917900707
0.399706784257
-0.721469932054
-0.00929741009032
0.488274111631
-0.518752095321
0.297410820044
-0.130621221579
-1.19241000763
0.112687116509
-2.41082515259
-0.473431949302
0.52086536813
-1.03479587877
-0.473646555439
-1.47860076419
-0.0729624821728
0.700882693596
-0.348166154628
0.546672726401
0.982642417422
-1.29297408999
-2.00632923544
-1.29844715643
-2.74066248581
0.968214344477
0.0284031736748
-0.616309453957
0.0735747168109
-0.792903647677
-0.742726370233
-0.670081303355
-0.614450927639
0.724878214418
-0.496611976491
0.68920557044
