4
0
3
2
1
136
-0.83574571605
-18.5396267889
-2.95626374394
-29.9903099547
0.609441016146
-1.35750128947
-19.7645133702
-2.93378432269
-30.1344600174
-0.999872372756
0.754413048404
-0.809763423848
-0.684677728661
0.562391595517
-41.1811270592
-8.96892693013
-8.49565890228
-65.442715905
-0.13944076929
-0.0745259989056
0.688250861069
0.585179919123
0.530351784321
-0.202286945309
-4.8618356848
-4.15515914343
-0.266649294684
-2.24726665865
-1.37204951598
-0.470382406637
-0.189158269744
-0.949063906922
0.53394364702
-62.7668205879
0.213506590056
-28.5666914268
0.301400689657
-0.739974870194
-2.00003651382
-1.96079351699
-2.30864273757
-0.7733787248
-0.851671620288
-0.0572408227056
-1.55173010536
-0.0211130156287
-0.850443385571
0.336100321855
-0.264443689483
-0.645665387958
-0.989195569973
-0.522624269914
0.901421064186
-0.533691562302
0.805882634578
-0.486234547067
-0.689011256193
-0.846228737968
-2.79883890128
-0.924092725043
0.103709344515
-0.431112178885
-0.245377415602
0.988794715144
0.480329211181
-0.116991508221
0.407151025758
-0.833332728795
0.0811891650167
-0.272347864334
0.936969249033
0.00161955702589
-0.446527506816
-0.374753515787
0.954820088541
-0.10963378312
-0.0475082171496
-1.14850696148
0.393657325468
-0.959340351495
-0.460813606471
0.0573223613913
-1.76096098178
-0.196811798126
-0.615199753344
0.839200810418
-0.588906976457
0.36004666394
-0.9221993001
0.648681207503
0.107323226761
-1.6714622723
0.746959265214
0.268498324039
-0.730795488679
0.0284666998735
0.857381106424
-0.96696151283
-0.386088795577
0.509467601569
0.937917900707
0.399706784257
-0.721469932054
-0.00929741009032
0.488274111631
-0.518752095321
0.297410820044
-0.268641673595
-1.78807163948
0.0908944287076
-3.12271309378
-0.473431949302
0.382844913505
-1.63045755607
-0.495439243821
-2.19048876657
-0.0729624821728
0.700882693596
-0.348166154628
0.546672726401
0.982642417422
-1.93222088773
-2.42039107672
-1.71250899823
-3.5531881723
0.968214344477
0.0284031736748
-0.616309453957
0.0735747168109
-0.792903647677
-0.742726370233
-0.713664976123
-0.614450927639
0.703085482907
-0.496611976491
0.68920557044
