4
0
3
2
1
136
0.0962102986167
-5.90917027332
-1.46022908882
-10.2230323781
0.609441016146
-0.425545274804
-7.13405685463
-1.43774966756
-10.3671824407
-0.999872372756
0.754413048404
-0.809763423848
-0.684677728661
0.562391595517
-15.0373083283
-3.47529147548
-3.00202344763
-23.3820694469
-0.13944076929
-0.0745259989056
0.688250861069
0.585179919123
0.530351784321
-0.202286945309
-2.04144248259
-1.89884458164
0.00312744640199
-1.38888611883
-0.513668976158
0.387998133187
-0.189158269744
-0.949063906922
0.53394364702
-21.5645546697
0.213506590056
-10.5161749302
0.301400689657
-0.739974870194
-1.141655974
-1.10241297716
-1.45026219775
-0.7733787248
-0.46460879462
0.0145306467436
-0.800213734171
-0.0211130156287
-0.850443385571
0.723177189101
-0.192671397548
0.105872818921
-0.989195569973
-0.522624269914
0.901421064186
-0.533691562302
0.805882634578
-0.146282569413
-0.689011256193
-0.846228737968
-1.50628996307
-0.924092725043
0.103709344515
-0.431112178885
-0.245377415602
0.988794715144
0.480329211181
0.00442786741501
0.477259058006
-0.833332728795
0.0811891650167
-0.272347864334
0.936969249033
0.00161955702589
-0.446527506816
-0.374753515787
0.954820088541
0.372898222136
0.0713152821013
-0.445512875822
0.393657325468
-0.959340351495
0.0217387872863
0.176150384095
-1.05794431062
-0.196811798126
-0.615199753344
0.839200810418
-0.588906976457
0.36004666394
-0.41413952882
0.648681207503
0.107323226761
-0.678682019374
0.746959265214
0.268498324039
-0.730795488679
0.0284666998735
0.857381106424
-0.96696151283
-0.361700206533
0.533354113642
0.937917900707
0.399706784257
-0.721469932054
-0.00929741009032
0.488274111631
-0.518752095321
0.297410820044
0.192737299157
0.204735483509
0.16372613757
-0.737986764107
-0.473431949302
0.844274308599
0.362530960135
-0.422599527577
0.19442534712
-0.0729624821728
0.700882693596
-0.348166154628
0.546672726401
0.982642417422
0.209590771322
-1.02845152037
-0.320548368983
-0.838649141392
0.968214344477
0.0284031736748
-0.616309453957
0.0735747168109
-0.792903647677
-0.742726370233
-0.568113179707
-0.614450927639
0.776213176905
-0.496611976491
0.68920557044
