4
0
3
2
1
136
-1.01808493631
-21.0108030636
-3.24896617647
-33.8578207849
0.609441016146
-1.53984050973
-22.2356896449
-3.22648675521
-34.0019708476
-0.999872372756
0.754413048404
-0.809763423848
-0.684677728661
0.562391595517
-46.2962220283
-10.0437686495
-9.57050062167
-73.6719728208
-0.13944076929
-0.0745259989056
0.688250861069
0.585179919123
0.530351784321
-0.202286945309
-5.4136517461
-4.59661199247
-0.319431700549
-2.41521067731
-1.53999353464
-0.638326425298
-0.189158269744
-0.949063906922
0.53394364702
-70.8281334849
0.213506590056
-32.0983142196
0.301400689657
-0.739974870194
-2.16798053248
-2.12873753565
-2.47658675623
-0.7733787248
-0.928342977202
-0.0715086097729
-1.70031481053
-0.0211130156287
-0.850443385571
0.259428741203
-0.278711513751
-0.794250494502
-0.989195569973
-0.522624269914
0.901421064186
-0.533691562302
0.805882634578
-0.553362291609
-0.689011256193
-0.846228737968
-3.05584838654
-0.924092725043
0.103709344515
-0.431112178885
-0.245377415602
0.988794715144
0.480329211181
-0.140969495984
0.393011816082
-0.833332728795
0.0811891650167
-0.272347864334
0.936969249033
0.00161955702589
-0.446527506816
-0.374753515787
0.954820088541
-0.205390397569
-0.0712348555704
-1.28749785779
0.393657325468
-0.959340351495
-0.556570642966
0.0335956068383
-1.89995229311
-0.196811798126
-0.615199753344
0.839200810418
-0.588906976457
0.36004666394
-1.02270412457
0.648681207503
0.107323226761
-1.86991480317
0.746959265214
0.268498324039
-0.730795488679
0.0284666998735
0.857381106424
-0.96696151283
-0.390883854479
0.504680342501
0.937917900707
0.399706784257
-0.721469932054
-0.00929741009032
0.488274111631
-0.518752095321
0.297410820044
-0.359811279672
-2.181540137
0.0764992278547
-3.592955764
-0.473431949302
0.291675307377
-2.02392605572
-0.509834444683
-2.66073144079
-0.0729624821728
0.700882693596
-0.348166154628
0.546672726401
0.982642417422
-2.35447975409
-2.69389990469
-1.98601782621
-4.09025527358
0.968214344477
0.0284031736748
-0.616309453957
0.0735747168109
-0.792903647677
-0.742726370233
-0.742455273405
-0.614450927639
0.688690281338
-0.496611976491
0.68920557044
