4
0
3
2
1
136
-0.0430766057492
-7.79687437211
-1.68382122478
-13.1773809289
0.609441016146
-0.564832179169
-9.02176095342
-1.66134180352
-13.3215309916
-0.999872372756
0.754413048404
-0.809763423848
-0.684677728661
0.562391595517
-18.9446725408
-4.29635112223
-3.82308309438
-29.6683073686
-0.13944076929
-0.0745259989056
0.688250861069
0.585179919123
0.530351784321
-0.202286945309
-2.46296864053
-2.23606550799
-0.0371924469668
-1.51717668864
-0.641959545968
0.259707563376
-0.189158269744
-0.949063906922
0.53394364702
-27.7225020216
0.213506590056
-13.2139423414
0.301400689657
-0.739974870194
-1.26994654381
-1.23070354697
-1.57855276756
-0.7733787248
-0.521078602402
0.00401236865443
-0.910333951853
-0.0211130156287
-0.850443385571
0.666701591638
-0.203189938248
-0.00425606982215
-0.989195569973
-0.522624269914
0.901421064186
-0.533691562302
0.805882634578
-0.196159266742
-0.689011256193
-0.846228737968
-1.69518021449
-0.924092725043
0.103709344515
-0.431112178885
-0.245377415602
0.988794715144
0.480329211181
-0.0133655365115
0.467181613243
-0.833332728795
0.0811891650167
-0.272347864334
0.936969249033
0.00161955702589
-0.446527506816
-0.374753515787
0.954820088541
0.302639496306
0.0540999650888
-0.548513138078
0.393657325468
-0.959340351495
-0.0485280114032
0.158933226623
-1.16095360201
-0.196811798126
-0.615199753344
0.839200810418
-0.588906976457
0.36004666394
-0.488597547056
0.648681207503
0.107323226761
-0.822926716421
0.746959265214
0.268498324039
-0.730795488679
0.0284666998735
0.857381106424
-0.96696151283
-0.365314955225
0.529943236881
0.937917900707
0.399706784257
-0.721469932054
-0.00929741009032
0.488274111631
-0.518752095321
0.297410820044
0.127170825208
-0.0804550389405
0.153369080889
-1.08138504766
-0.473431949302
0.778663889753
0.0771885129134
-0.432963347697
-0.149130117087
-0.0729624821728
0.700882693596
-0.348166154628
0.546672726401
0.982642417422
-0.0991351253179
-1.23196404148
-0.524079792286
-1.22803418613
0.968214344477
0.0284031736748
-0.616309453957
0.0735747168109
-0.792903647677
-0.742726370233
-0.588873591388
-0.614450927639
0.765623011309
-0.496611976491
0.68920557044
