4
0
3
2
1
136
0.594323853497
0.84001737246
-0.659676193846
0.345589353749
0.609441016146
0.0726240728399
-0.3842068317
-0.637182704768
0.202240438598
-0.999872372756
0.754413048404
-0.809763423848
-0.684677728661
0.562391595517
-1.05495123855
-0.536680699218
-0.0633814711275
-0.912186025332
-0.13944076929
-0.0745259989056
0.688250861069
0.585179919123
0.530351784321
-0.202286945309
-0.532490828844
-0.692426248398
0.14748055635
-0.929577225721
-0.0543596116003
0.847307968122
-0.189158269744
-0.949063906922
0.53394364702
0.450420139304
0.213506590056
-0.860097473653
0.301400689657
-0.739974870194
-0.682345669755
-0.643102204683
-0.990950958097
-0.7733787248
-0.279543368372
0.0508750531776
-0.43158832847
-0.0211130156287
-0.850443385571
0.908298637324
-0.156325014862
0.474578652652
-0.989195569973
-0.522624269914
0.901421064186
-0.533691562302
0.805882634578
0.0201283137444
-0.689011256193
-0.846228737968
-0.865677675773
-0.924092725043
0.103709344515
-0.431112178885
-0.245377415602
0.988794715144
0.480329211181
0.0631388110321
0.51057135212
-0.833332728795
0.0811891650167
-0.272347864334
0.936969249033
0.00161955702589
-0.446527506816
-0.374753515787
0.954820088541
0.602893726105
0.127156264935
-0.101159586395
0.393657325468
-0.959340351495
0.251809276289
0.232009907959
-0.713506856655
-0.196811798126
-0.615199753344
0.839200810418
-0.588906976457
0.36004666394
-0.165048452178
0.648681207503
0.107323226761
-0.195214710665
0.746959265214
0.268498324039
-0.730795488679
0.0284666998735
0.857381106424
-0.96696151283
-0.349062376438
0.543977223698
0.937917900707
0.399706784257
-0.721469932054
-0.00929741009032
0.488274111631
-0.518752095321
0.297410820044
0.280138876868
0.688626830309
0.18058072707
-0.0904943558912
-0.473431949302
0.931940025266
0.847549366133
-0.405699537128
0.843149225786
-0.0729624821728
0.700882693596
-0.348166154628
0.546672726401
0.982642417422
0.782812654518
-0.638269706477
0.0698790268938
-0.0559431375451
0.968214344477
0.0284031736748
-0.616309453957
0.0735747168109
-0.792903647677
-0.742726370233
-0.524481813108
-0.614450927639
0.792094420088
-0.496611976491
0.68920557044
