4
0
3
2
1
136
0.506473544152
-0.349023784805
-0.801648648572
-1.52113302832
0.609441016146
-0.0152820292642
-1.57391036165
-0.779169227178
-1.66528308996
-0.999872372756
0.754413048404
-0.809763423848
-0.684677728661
0.562391595517
-3.52834483268
-1.05689761625
-0.583629588263
-4.8662546568
-0.13944076929
-0.0745259989056
0.688250861069
0.585179919123
0.530351784321
-0.202286945309
-0.799856355237
-0.905576034683
0.121887859597
-1.0110144175
-0.135797269383
0.765869845401
-0.189158269744
-0.949063906922
0.53394364702
-3.42661014552
0.213506590056
-2.57002364921
0.301400689657
-0.739974870194
-0.763784256356
-0.724541254105
-1.07239046929
-0.7733787248
-0.309332193279
0.0446189674873
-0.492496820649
-0.0211130156287
-0.850443385571
0.87849495766
-0.16258159995
0.413648936421
-0.989195569973
-0.522624269914
0.901421064186
-0.533691562302
0.805882634578
-0.007187970984
-0.689011256193
-0.846228737968
-0.973546463129
-0.924092725043
0.103709344515
-0.431112178885
-0.245377415602
0.988794715144
0.480329211181
0.0536466010255
0.505076097222
-0.833332728795
0.0811891650167
-0.272347864334
0.936969249033
0.00161955702589
-0.446527506816
-0.374753515787
0.954820088541
0.565858992602
0.118261891963
-0.157977555395
0.393657325468
-0.959340351495
0.214754911028
0.223110601645
-0.77034695062
-0.196811798126
-0.615199753344
0.839200810418
-0.588906976457
0.36004666394
-0.206128524379
0.648681207503
0.107323226761
-0.27567268445
0.746959265214
0.268498324039
-0.730795488679
0.0284666998735
0.857381106424
-0.96696151283
-0.351253729112
0.542344766575
0.937917900707
0.399706784257
-0.721469932054
-0.00929741009032
0.488274111631
-0.518752095321
0.297410820044
0.275433718906
0.652470039081
0.179343703678
-0.148534971994
-0.473431949302
0.92722446153
0.811318936371
-0.406939349433
0.785018345649
-0.0729624821728
0.700882693596
-0.348166154628
0.546672726401
0.982642417422
0.733378705274
-0.671377463097
0.0367509465388
-0.135027749125
0.968214344477
0.0284031736748
-0.616309453957
0.0735747168109
-0.792903647677
-0.742726370233
-0.529106207878
-0.614450927639
0.791219187171
-0.496611976491
0.68920557044
