4
0
3
2
1
136
-0.734446149238
-17.1667510806
-2.79365128143
-27.8416928268
0.609441016146
-1.25620172266
-18.391637662
-2.77117186017
-27.9858428895
-0.999872372756
0.754413048404
-0.809763423848
-0.684677728661
0.562391595517
-38.3394076319
-8.37179264158
-7.89852461373
-60.8709065074
-0.13944076929
-0.0745259989056
0.688250861069
0.585179919123
0.530351784321
-0.202286945309
-4.5552712063
-3.90990756063
-0.23732573587
-2.15396442606
-1.27874728339
-0.377080174047
-0.189158269744
-0.949063906922
0.53394364702
-58.2883134228
0.213506590056
-26.6046787641
0.301400689657
-0.739974870194
-1.90673428123
-1.8674912844
-2.21534050498
-0.7733787248
-0.809109141715
-0.0493324261017
-1.46923963209
-0.0211130156287
-0.850443385571
0.378663006657
-0.256535264968
-0.56317455081
-0.989195569973
-0.522624269914
0.901421064186
-0.533691562302
0.805882634578
-0.448960492109
-0.689011256193
-0.846228737968
-2.65635011192
-0.924092725043
0.103709344515
-0.431112178885
-0.245377415602
0.988794715144
0.480329211181
-0.103676365727
0.414972282063
-0.833332728795
0.0811891650167
-0.272347864334
0.936969249033
0.00161955702589
-0.446527506816
-0.374753515787
0.954820088541
-0.0564913074627
-0.0343592525032
-1.07134283763
0.393657325468
-0.959340351495
-0.407670765613
0.0704714156839
-1.68379648438
-0.196811798126
-0.615199753344
0.839200810418
-0.588906976457
0.36004666394
-0.866414675082
0.648681207503
0.107323226761
-1.56154540248
0.746959265214
0.268498324039
-0.730795488679
0.0284666998735
0.857381106424
-0.96696151283
-0.383425906011
0.512123088236
0.937917900707
0.399706784257
-0.721469932054
-0.00929741009032
0.488274111631
-0.518752095321
0.297410820044
-0.21799190382
-1.56947856796
0.0988917601153
-2.86146789461
-0.473431949302
0.433494683452
-1.41186447981
-0.487441912379
-1.92924355992
-0.0729624821728
0.700882693596
-0.348166154628
0.546672726401
0.982642417422
-1.69763320714
-2.26844173492
-1.56055965639
-3.25491682345
0.968214344477
0.0284031736748
-0.616309453957
0.0735747168109
-0.792903647677
-0.742726370233
-0.697670524502
-0.614450927639
0.71108281697
-0.496611976491
0.68920557044
