4
0
3
2
1
136
-0.48626221055
-13.8032055955
-2.39525074827
-22.5775808635
0.609441016146
-1.00801778397
-15.0280921768
-2.37277132702
-22.7217309261
-0.999872372756
0.754413048404
-0.809763423848
-0.684677728661
0.562391595517
-31.3771950351
-6.90881363463
-6.43554560678
-49.6699734832
-0.13944076929
-0.0745259989056
0.688250861069
0.585179919123
0.530351784321
-0.202286945309
-3.80418823397
-3.30904118276
-0.165483016777
-1.92537395622
-1.05015681355
-0.148489704203
-0.189158269744
-0.949063906922
0.53394364702
-47.3159708685
0.213506590056
-21.7977477406
0.301400689657
-0.739974870194
-1.67814381139
-1.63890081455
-1.98675003513
-0.7733787248
-0.705019194417
-0.0300309981846
-1.26746115386
-0.0211130156287
-0.850443385571
0.482753952899
-0.237233734634
-0.361394367001
-0.989195569973
-0.522624269914
0.901421064186
-0.533691562302
0.805882634578
-0.357755222376
-0.689011256193
-0.846228737968
-2.30849319331
-0.924092725043
0.103709344515
-0.431112178885
-0.245377415602
0.988794715144
0.480329211181
-0.0710925471963
0.433997544051
-0.833332728795
0.0811891650167
-0.272347864334
0.936969249033
0.00161955702589
-0.446527506816
-0.374753515787
0.954820088541
0.073411417578
-0.00227941677536
-0.882591502533
0.393657325468
-0.959340351495
-0.277766402356
0.102551615091
-1.49504340487
-0.196811798126
-0.615199753344
0.839200810418
-0.588906976457
0.36004666394
-0.729997119905
0.648681207503
0.107323226761
-1.29358436796
0.746959265214
0.268498324039
-0.730795488679
0.0284666998735
0.857381106424
-0.96696151283
-0.376907342914
0.518605105484
0.937917900707
0.399706784257
-0.721469932054
-0.00929741009032
0.488274111631
-0.518752095321
0.297410820044
-0.0939005254694
-1.03393761553
0.118485087062
-2.22143072605
-0.473431949302
0.557586069219
-0.876323424883
-0.467848583712
-1.28920626364
-0.0729624821728
0.700882693596
-0.348166154628
0.546672726401
0.982642417422
-1.12290563536
-1.89616624053
-1.18828416044
-2.52467023823
0.968214344477
0.0284031736748
-0.616309453957
0.0735747168109
-0.792903647677
-0.742726370233
-0.658487230514
-0.614450927639
0.73067627019
-0.496611976491
0.68920557044
