4
0
3
2
1
136
0.341861748135
-2.57994668091
-1.06589386722
-5.01263584295
0.609441016146
-0.179893825285
-3.80483326222
-1.04341444597
-5.15678590559
-0.999872372756
0.754413048404
-0.809763423848
-0.684677728661
0.562391595517
-8.14613871718
-2.02724082575
-1.5539727979
-12.2954316585
-0.13944076929
-0.0745259989056
0.688250861069
0.585179919123
0.530351784321
-0.202286945309
-1.29802362222
-1.30410949334
0.0742370765252
-1.16262820536
-0.287411062687
0.614256046658
-0.189158269744
-0.949063906922
0.53394364702
-10.7041747946
0.213506590056
-5.75829422317
0.301400689657
-0.739974870194
-0.915398060525
-0.876155063688
-1.22400428427
-0.7733787248
-0.368841364916
0.0327426456525
-0.611807644391
-0.0211130156287
-0.850443385571
0.818963914169
-0.174458667589
0.294306897413
-0.989195569973
-0.522624269914
0.901421064186
-0.533691562302
0.805882634578
-0.0609946350234
-0.689011256193
-0.846228737968
-1.18173232779
-0.924092725043
0.103709344515
-0.431112178885
-0.245377415602
0.988794715144
0.480329211181
0.0347283356
0.494331506865
-0.833332728795
0.0811891650167
-0.272347864334
0.936969249033
0.00161955702589
-0.446527506816
-0.374753515787
0.954820088541
0.491926244216
0.100362923679
-0.269382063477
0.393657325468
-0.959340351495
0.140793011553
0.205204343986
-0.881784166402
-0.196811798126
-0.615199753344
0.839200810418
-0.588906976457
0.36004666394
-0.286733418321
0.648681207503
0.107323226761
-0.432250626215
0.746959265214
0.268498324039
-0.730795488679
0.0284666998735
0.857381106424
-0.96696151283
-0.355396268742
0.538985100799
0.937917900707
0.399706784257
-0.721469932054
-0.00929741009032
0.488274111631
-0.518752095321
0.297410820044
0.260412243405
0.548269659176
0.175783987719
-0.301302924604
-0.473431949302
0.912156574188
0.706846626813
-0.410509495096
0.631939638951
-0.0729624821728
0.700882693596
-0.348166154628
0.546672726401
0.982642417422
0.600441527094
-0.761998268198
-0.0539389191332
-0.329586697677
0.968214344477
0.0284031736748
-0.616309453957
0.0735747168109
-0.792903647677
-0.742726370233
-0.540354235035
-0.614450927639
0.788335606107
-0.496611976491
0.68920557044
