4
0
3
2
1
136
-0.987695066267
-20.5989403512
-3.20018243771
-33.2132356466
0.609441016146
-1.50945063969
-21.8238269325
-3.17770301646
-33.3573857092
-0.999872372756
0.754413048404
-0.809763423848
-0.684677728661
0.562391595517
-45.4437062001
-9.86462836295
-9.3913603351
-72.3004300015
-0.13944076929
-0.0745259989056
0.688250861069
0.585179919123
0.530351784321
-0.202286945309
-5.32168240255
-4.52303651763
-0.310634632905
-2.38722000753
-1.51200286487
-0.610335755521
-0.189158269744
-0.949063906922
0.53394364702
-69.4845813354
0.213506590056
-31.5097104208
0.301400689657
-0.739974870194
-2.13998986271
-2.10074686587
-2.44859608645
-0.7733787248
-0.915560537782
-0.0691281179869
-1.67554399932
-0.0211130156287
-0.850443385571
0.272211208465
-0.276331016712
-0.769479632956
-0.989195569973
-0.522624269914
0.901421064186
-0.533691562302
0.805882634578
-0.542172137587
-0.689011256193
-0.846228737968
-3.01297287363
-0.924092725043
0.103709344515
-0.431112178885
-0.245377415602
0.988794715144
0.480329211181
-0.136972499425
0.395373101694
-0.833332728795
0.0811891650167
-0.272347864334
0.936969249033
0.00161955702589
-0.446527506816
-0.374753515787
0.954820088541
-0.18942409476
-0.0672758703727
-1.26432639618
0.393657325468
-0.959340351495
-0.540604285393
0.0375546083507
-1.87678077913
-0.196811798126
-0.615199753344
0.839200810418
-0.588906976457
0.36004666394
-1.00594670812
0.648681207503
0.107323226761
-1.83679194972
0.746959265214
0.268498324039
-0.730795488679
0.0284666998735
0.857381106424
-0.96696151283
-0.390084552235
0.505478697454
0.937917900707
0.399706784257
-0.721469932054
-0.00929741009032
0.488274111631
-0.518752095321
0.297410820044
-0.344616344836
-2.11596202018
0.078898428091
-3.51458193425
-0.473431949302
0.306870242216
-1.95834793876
-0.507435244447
-2.58235761073
-0.0729624821728
0.700882693596
-0.348166154628
0.546672726401
0.982642417422
-2.28410323932
-2.64831509973
-1.94043302125
-4.0007317523
0.968214344477
0.0284031736748
-0.616309453957
0.0735747168109
-0.792903647677
-0.742726370233
-0.737656880256
-0.614450927639
0.691089481604
-0.496611976491
0.68920557044
