4
0
3
2
1
136
-1.05607227386
-21.5256314542
-3.30994584991
-34.6635522079
0.609441016146
-1.57782784729
-22.7505180355
-3.28746642866
-34.8077022705
-0.999872372756
0.754413048404
-0.809763423848
-0.684677728661
0.562391595517
-47.3618668135
-10.2676940077
-9.79442597987
-75.3864013449
-0.13944076929
-0.0745259989056
0.688250861069
0.585179919123
0.530351784321
-0.202286945309
-5.52861342554
-4.68858133602
-0.330428035104
-2.45019901453
-1.57498187186
-0.673314762519
-0.189158269744
-0.949063906922
0.53394364702
-72.5075736718
0.213506590056
-32.8340689681
0.301400689657
-0.739974870194
-2.2029688697
-2.16372587287
-2.51157509345
-0.7733787248
-0.944322710073
-0.0744854805327
-1.73128121312
-0.0211130156287
-0.850443385571
0.243448977522
-0.281688390632
-0.825216952919
-0.989195569973
-0.522624269914
0.901421064186
-0.533691562302
0.805882634578
-0.567350907418
-0.689011256193
-0.846228737968
-3.10946285187
-0.924092725043
0.103709344515
-0.431112178885
-0.245377415602
0.988794715144
0.480329211181
-0.145966014411
0.390057830249
-0.833332728795
0.0811891650167
-0.272347864334
0.936969249033
0.00161955702589
-0.446527506816
-0.374753515787
0.954820088541
-0.225351363899
-0.0761858662036
-1.31646492687
0.393657325468
-0.959340351495
-0.576531670962
0.0286445771706
-1.92891942043
-0.196811798126
-0.615199753344
0.839200810418
-0.588906976457
0.36004666394
-1.04365398778
0.648681207503
0.107323226761
-1.91134238884
0.746959265214
0.268498324039
-0.730795488679
0.0284666998735
0.857381106424
-0.96696151283
-0.39188303789
0.503682195215
0.937917900707
0.399706784257
-0.721469932054
-0.00929741009032
0.488274111631
-0.518752095321
0.297410820044
-0.378804948304
-2.2635127915
0.0735002275443
-3.69092306552
-0.473431949302
0.272681638743
-2.10589871035
-0.512833444994
-2.7586987426
-0.0729624821728
0.700882693596
-0.348166154628
0.546672726401
0.982642417422
-2.44245040693
-2.75088091093
-2.04299883245
-4.20216523334
0.968214344477
0.0284031736748
-0.616309453957
0.0735747168109
-0.792903647677
-0.742726370233
-0.748453267455
-0.614450927639
0.685691281005
-0.496611976491
0.68920557044
