4
0
3
2
1
136
0.283614497218
-3.36935021313
-1.15939603317
-6.24809069148
0.609441016146
-0.238141076202
-4.59423679444
-1.13691661191
-6.39224075413
-0.999872372756
0.754413048404
-0.809763423848
-0.684677728661
0.562391595517
-9.78012738786
-2.37059304166
-1.89732501381
-14.9242220614
-0.13944076929
-0.0745259989056
0.688250861069
0.585179919123
0.530351784321
-0.202286945309
-1.47429819736
-1.44512915345
0.0573760302073
-1.21627698856
-0.341059845897
0.560607263447
-0.189158269744
-0.949063906922
0.53394364702
-13.2793164144
0.213506590056
-6.88645150421
0.301400689657
-0.739974870194
-0.969046843737
-0.929803846901
-1.27765306748
-0.7733787248
-0.390940525137
0.0284711190121
-0.655569461193
-0.0211130156287
-0.850443385571
0.796858855166
-0.178730405046
0.250536607383
-0.989195569973
-0.522624269914
0.901421064186
-0.533691562302
0.805882634578
-0.0807864996479
-0.689011256193
-0.846228737968
-1.25742097646
-0.924092725043
0.103709344515
-0.431112178885
-0.245377415602
0.988794715144
0.480329211181
0.0277205322712
0.490382333026
-0.833332728795
0.0811891650167
-0.272347864334
0.936969249033
0.00161955702589
-0.446527506816
-0.374753515787
0.954820088541
0.464470389748
0.0936813675913
-0.31027508877
0.393657325468
-0.959340351495
0.113329216403
0.198520835574
-0.922686083751
-0.196811798126
-0.615199753344
0.839200810418
-0.588906976457
0.36004666394
-0.3163222154
0.648681207503
0.107323226761
-0.489511119122
0.746959265214
0.268498324039
-0.730795488679
0.0284666998735
0.857381106424
-0.96696151283
-0.356880152147
0.537707387402
0.937917900707
0.399706784257
-0.721469932054
-0.00929741009032
0.488274111631
-0.518752095321
0.297410820044
0.251197638923
0.491965504786
0.17385096776
-0.377625689965
-0.473431949302
0.902906650658
0.650376241522
-0.412449064809
0.555435458519
-0.0729624821728
0.700882693596
-0.348166154628
0.546672726401
0.982642417422
0.532864122703
-0.808510990698
-0.10049024108
-0.421860525043
0.968214344477
0.0284031736748
-0.616309453957
0.0735747168109
-0.792903647677
-0.742726370233
-0.545555799221
-0.614450927639
0.786561541619
-0.496611976491
0.68920557044
