4
0
3
2
1
136
-0.937045282861
-19.9125024971
-3.11887620646
-32.1389270826
0.609441016146
-1.45880085628
-21.1373890784
-3.0963967852
-32.2830771453
-0.999872372756
0.754413048404
-0.809763423848
-0.684677728661
0.562391595517
-44.0228464864
-9.56606121868
-9.09279319083
-70.0145253027
-0.13944076929
-0.0745259989056
0.688250861069
0.585179919123
0.530351784321
-0.202286945309
-5.1684001633
-4.40041072623
-0.295972853498
-2.34056889124
-1.46535174857
-0.563684639226
-0.189158269744
-0.949063906922
0.53394364702
-67.2453277529
0.213506590056
-30.5287040895
0.301400689657
-0.739974870194
-2.09333874641
-2.05409574958
-2.40194497016
-0.7733787248
-0.894259518346
-0.0651627515668
-1.63426455835
-0.0211130156287
-0.850443385571
0.293512281628
-0.272365640761
-0.728200095153
-0.989195569973
-0.522624269914
0.901421064186
-0.533691562302
0.805882634578
-0.523523579761
-0.689011256193
-0.846228737968
-2.94154764235
-0.924092725043
0.103709344515
-0.431112178885
-0.245377415602
0.988794715144
0.480329211181
-0.13031134673
0.399304579103
-0.833332728795
0.0811891650167
-0.272347864334
0.936969249033
0.00161955702589
-0.446527506816
-0.374753515787
0.954820088541
-0.162819075493
-0.0606813877073
-1.2257122539
0.393657325468
-0.959340351495
-0.513999162599
0.0441491206239
-1.83816653645
-0.196811798126
-0.615199753344
0.839200810418
-0.588906976457
0.36004666394
-0.978023061615
0.648681207503
0.107323226761
-1.78162731607
0.746959265214
0.268498324039
-0.730795488679
0.0284666998735
0.857381106424
-0.96696151283
-0.388752481564
0.506808916654
0.937917900707
0.399706784257
-0.721469932054
-0.00929741009032
0.488274111631
-0.518752095321
0.297410820044
-0.319291453679
-2.0066651788
0.0828970951083
-3.38395891676
-0.473431949302
0.332195133379
-1.84905109702
-0.503436577428
-2.45173459251
-0.0729624821728
0.700882693596
-0.348166154628
0.546672726401
0.982642417422
-2.16680907
-2.57234042494
-1.86445834646
-3.85153575579
0.968214344477
0.0284031736748
-0.616309453957
0.0735747168109
-0.792903647677
-0.742726370233
-0.729659564464
-0.614450927639
0.695088148712
-0.496611976491
0.68920557044
