4
0
3
2
1
136
-0.539444483126
-14.5239653423
-2.48062229109
-23.7056048556
0.609441016146
-1.06120005655
-15.7488519237
-2.45814286984
-23.8497549183
-0.999872372756
0.754413048404
-0.809763423848
-0.684677728661
0.562391595517
-32.8690977344
-7.22230913612
-6.74904110827
-52.070173417
-0.13944076929
-0.0745259989056
0.688250861069
0.585179919123
0.530351784321
-0.202286945309
-3.96513458518
-3.43779826373
-0.180877885154
-1.97435762832
-1.09914048566
-0.197473376312
-0.189158269744
-0.949063906922
0.53394364702
-49.6671871302
0.213506590056
-22.8278043885
0.301400689657
-0.739974870194
-1.7271274835
-1.68788448666
-2.03573370724
-0.7733787248
-0.727292620828
-0.0341565654404
-1.31064556885
-0.0211130156287
-0.850443385571
0.460480228105
-0.241359329006
-0.404579283663
-0.989195569973
-0.522624269914
0.901421064186
-0.533691562302
0.805882634578
-0.377279299167
-0.689011256193
-0.846228737968
-2.38285498084
-0.924092725043
0.103709344515
-0.431112178885
-0.245377415602
0.988794715144
0.480329211181
-0.0780680637295
0.429939941498
-0.833332728795
0.0811891650167
-0.272347864334
0.936969249033
0.00161955702589
-0.446527506816
-0.374753515787
0.954820088541
0.0456231705752
-0.00913414402459
-0.922988195744
0.393657325468
-0.959340351495
-0.305555124398
0.095696785478
-1.53544061102
-0.196811798126
-0.615199753344
0.839200810418
-0.588906976457
0.36004666394
-0.759189298379
0.648681207503
0.107323226761
-1.35081708704
0.746959265214
0.268498324039
-0.730795488679
0.0284666998735
0.857381106424
-0.96696151283
-0.378303289831
0.517220113868
0.937917900707
0.399706784257
-0.721469932054
-0.00929741009032
0.488274111631
-0.518752095321
0.297410820044
-0.12049133616
-1.14869288296
0.114286566187
-2.3585777798
-0.473431949302
0.530995254443
-0.991078741943
-0.472047105553
-1.42635337645
-0.0729624821728
0.700882693596
-0.348166154628
0.546672726401
0.982642417422
-1.24605806438
-1.97593941508
-1.26805733587
-2.68106801515
0.968214344477
0.0284031736748
-0.616309453957
0.0735747168109
-0.792903647677
-0.742726370233
-0.666882797197
-0.614450927639
0.726477679404
-0.496611976491
0.68920557044
