4
0
3
2
1
136
-0.0633365191115
-8.07144951375
-1.71634371728
-13.6071043545
0.609441016146
-0.585092092532
-9.29633609506
-1.69386429602
-13.7512544172
-0.999872372756
0.754413048404
-0.809763423848
-0.684677728661
0.562391595517
-19.5130164263
-4.41577797994
-3.94250995209
-30.5826692481
-0.13944076929
-0.0745259989056
0.688250861069
0.585179919123
0.530351784321
-0.202286945309
-2.52428153623
-2.28511582456
-0.0430571587296
-1.53583713515
-0.660619992486
0.241047116859
-0.189158269744
-0.949063906922
0.53394364702
-28.6182034546
0.213506590056
-13.6063448739
0.301400689657
-0.739974870194
-1.28860699033
-1.24936399349
-1.59721321407
-0.7733787248
-0.52937370272
0.00247336771247
-0.926477836614
-0.0211130156287
-0.850443385571
0.65840586131
-0.204728970529
-0.0204009140376
-0.989195569973
-0.522624269914
0.901421064186
-0.533691562302
0.805882634578
-0.203469940232
-0.689011256193
-0.846228737968
-1.72286312645
-0.924092725043
0.103709344515
-0.431112178885
-0.245377415602
0.988794715144
0.480329211181
-0.0159755799577
0.465697701468
-0.833332728795
0.0811891650167
-0.272347864334
0.936969249033
0.00161955702589
-0.446527506816
-0.374753515787
0.954820088541
0.292313893452
0.0515669809767
-0.5636145416
0.393657325468
-0.959340351495
-0.0588545052004
0.15640004428
-1.17605600089
-0.196811798126
-0.615199753344
0.839200810418
-0.588906976457
0.36004666394
-0.499511770945
0.648681207503
0.107323226761
-0.844102784299
0.746959265214
0.268498324039
-0.730795488679
0.0284666998735
0.857381106424
-0.96696151283
-0.365842369848
0.529438210042
0.937917900707
0.399706784257
-0.721469932054
-0.00929741009032
0.488274111631
-0.518752095321
0.297410820044
0.117185155215
-0.123500095116
0.151796436207
-1.13294875937
-0.473431949302
0.768676453506
0.0341363591838
-0.434536307567
-0.200701158644
-0.0729624821728
0.700882693596
-0.348166154628
0.546672726401
0.982642417422
-0.14545633502
-1.26218515509
-0.554301537904
-1.28649045424
0.968214344477
0.0284031736748
-0.616309453957
0.0735747168109
-0.792903647677
-0.742726370233
-0.592001782229
-0.614450927639
0.764036028085
-0.496611976491
0.68920557044
