4
0
3
2
1
136
-1.10165707893
-22.1434255229
-3.38312145804
-35.6304299154
0.609441016146
-1.62341265235
-23.3683121042
-3.36064203679
-35.7745799781
-0.999872372756
0.754413048404
-0.809763423848
-0.684677728661
0.562391595517
-48.6406405558
-10.5364044376
-10.0631364097
-77.4437155738
-0.13944076929
-0.0745259989056
0.688250861069
0.585179919123
0.530351784321
-0.202286945309
-5.66656744086
-4.79894454829
-0.34362363657
-2.4921850192
-1.61696787653
-0.715300767184
-0.189158269744
-0.949063906922
0.53394364702
-74.522901896
0.213506590056
-33.7169746663
0.301400689657
-0.739974870194
-2.24495487437
-2.20571187753
-2.55356109812
-0.7733787248
-0.963500563253
-0.0780594558217
-1.76844461057
-0.0211130156287
-0.850443385571
0.224271092454
-0.285262372667
-0.862380408264
-0.989195569973
-0.522624269914
0.901421064186
-0.533691562302
0.805882634578
-0.584138418686
-0.689011256193
-0.846228737968
-3.17382782287
-0.924092725043
0.103709344515
-0.431112178885
-0.245377415602
0.988794715144
0.480329211181
-0.151962178681
0.386509756896
-0.833332728795
0.0811891650167
-0.272347864334
0.936969249033
0.00161955702589
-0.446527506816
-0.374753515787
0.954820088541
-0.24930858046
-0.0821302377956
-1.35122894892
0.393657325468
-0.959340351495
-0.600488952741
0.022700184525
-1.96368350312
-0.196811798126
-0.615199753344
0.839200810418
-0.588906976457
0.36004666394
-1.06879797026
0.648681207503
0.107323226761
-1.961088928
0.746959265214
0.268498324039
-0.730795488679
0.0284666998735
0.857381106424
-0.96696151283
-0.393082130287
0.502484158603
0.937917900707
0.399706784257
-0.721469932054
-0.00929741009032
0.488274111631
-0.518752095321
0.297410820044
-0.401597350738
-2.36187998547
0.0699014271592
-3.80848384255
-0.473431949302
0.249889236308
-2.20426590442
-0.516432245379
-2.87625951986
-0.0729624821728
0.700882693596
-0.348166154628
0.546672726401
0.982642417422
-2.54801519981
-2.81925811847
-2.11137603999
-4.33646448005
0.968214344477
0.0284031736748
-0.616309453957
0.0735747168109
-0.792903647677
-0.742726370233
-0.755650862969
-0.614450927639
0.682092480606
-0.496611976491
0.68920557044
