4
0
3
2
1
136
0.141795103682
-5.29137620462
-1.38705348069
-9.25615467054
0.609441016146
-0.379960469738
-6.51626278594
-1.36457405943
-9.40030473319
-0.999872372756
0.754413048404
-0.809763423848
-0.684677728661
0.562391595517
-13.758534586
-3.20658104563
-2.73331301778
-21.3247552179
-0.13944076929
-0.0745259989056
0.688250861069
0.585179919123
0.530351784321
-0.202286945309
-1.90348846726
-1.78848136938
0.0163230478682
-1.34690011416
-0.471682971493
0.429984137852
-0.189158269744
-0.949063906922
0.53394364702
-19.5492264454
0.213506590056
-9.63326923196
0.301400689657
-0.739974870194
-1.09966996933
-1.0604269725
-1.40827619308
-0.7733787248
-0.446396045923
0.0179463037407
-0.764586564582
-0.0211130156287
-0.850443385571
0.741392510254
-0.189255633812
0.141503780477
-0.989195569973
-0.522624269914
0.901421064186
-0.533691562302
0.805882634578
-0.130145132153
-0.689011256193
-0.846228737968
-1.44511314772
-0.924092725043
0.103709344515
-0.431112178885
-0.245377415602
0.988794715144
0.480329211181
0.0101772400493
0.480502864778
-0.833332728795
0.0811891650167
-0.272347864334
0.936969249033
0.00161955702589
-0.446527506816
-0.374753515787
0.954820088541
0.395545627824
0.0768558549412
-0.412194766353
0.393657325468
-0.959340351495
0.0443897338366
0.181691785165
-1.02462223861
-0.196811798126
-0.615199753344
0.839200810418
-0.588906976457
0.36004666394
-0.390046658402
0.648681207503
0.107323226761
-0.632073287566
0.746959265214
0.268498324039
-0.730795488679
0.0284666998735
0.857381106424
-0.96696151283
-0.360522382742
0.534442064403
0.937917900707
0.399706784257
-0.721469932054
-0.00929741009032
0.488274111631
-0.518752095321
0.297410820044
0.211358784455
0.288996275828
0.166741589187
-0.635054916255
-0.473431949302
0.862931914647
0.446909769694
-0.419578959209
0.297479930417
-0.0729624821728
0.700882693596
-0.348166154628
0.546672726401
0.982642417422
0.302198827435
-0.96622934483
-0.258307540834
-0.721323139701
0.968214344477
0.0284031736748
-0.616309453957
0.0735747168109
-0.792903647677
-0.742726370233
-0.561856786896
-0.614450927639
0.7793520783
-0.496611976491
0.68920557044
