4
0
3
2
1
136
0.0886128311059
-6.01213595143
-1.47242502351
-10.3841786627
0.609441016146
-0.433142742314
-7.23702253275
-1.44994560225
-10.5283287253
-0.999872372756
0.754413048404
-0.809763423848
-0.684677728661
0.562391595517
-15.2504372854
-3.52007654712
-3.04680851927
-23.7249551517
-0.13944076929
-0.0745259989056
0.688250861069
0.585179919123
0.530351784321
-0.202286945309
-2.06443481848
-1.91723845035
0.000928179490963
-1.39588378627
-0.520666643602
0.381000465743
-0.189158269744
-0.949063906922
0.53394364702
-21.900442707
0.213506590056
-10.6633258799
0.301400689657
-0.739974870194
-1.14865364144
-1.10941064461
-1.45725986519
-0.7733787248
-0.467659046907
0.0139599914654
-0.806174178174
-0.0211130156287
-0.850443385571
0.720126544628
-0.193242069526
0.0999117941178
-0.989195569973
-0.522624269914
0.901421064186
-0.533691562302
0.805882634578
-0.14898243753
-0.689011256193
-0.846228737968
-1.51652022439
-0.924092725043
0.103709344515
-0.431112178885
-0.245377415602
0.988794715144
0.480329211181
0.00346551163159
0.476715588215
-0.833332728795
0.0811891650167
-0.272347864334
0.936969249033
0.00161955702589
-0.446527506816
-0.374753515787
0.954820088541
0.369104668819
0.0703867457166
-0.45108735683
0.393657325468
-0.959340351495
0.0179446921283
0.175221721975
-1.06351939794
-0.196811798126
-0.615199753344
0.839200810418
-0.588906976457
0.36004666394
-0.418170139108
0.648681207503
0.107323226761
-0.68648188253
0.746959265214
0.268498324039
-0.730795488679
0.0284666998735
0.857381106424
-0.96696151283
-0.361896790424
0.533171259577
0.937917900707
0.399706784257
-0.721469932054
-0.00929741009032
0.488274111631
-0.518752095321
0.297410820044
0.189428858641
0.190053511537
0.163197720261
-0.755809897943
-0.473431949302
0.840961099192
0.347833298724
-0.423128634683
0.176585941725
-0.0729624821728
0.700882693596
-0.348166154628
0.546672726401
0.982642417422
0.193555332125
-1.03915646987
-0.33125558882
-0.858906568513
0.968214344477
0.0284031736748
-0.616309453957
0.0735747168109
-0.792903647677
-0.742726370233
-0.5691914702
-0.614450927639
0.775665192724
-0.496611976491
0.68920557044
