4
0
3
2
1
136
-0.379897665398
-12.3616861019
-2.22450766263
-20.3215328792
0.609441016146
-0.901653238818
-13.5865726832
-2.20202824138
-20.4656829418
-0.999872372756
0.754413048404
-0.809763423848
-0.684677728661
0.562391595517
-28.3933896365
-6.28182263166
-5.80855460381
-44.8695736157
-0.13944076929
-0.0745259989056
0.688250861069
0.585179919123
0.530351784321
-0.202286945309
-3.48229553154
-3.05152702081
-0.134693280022
-1.827406612
-0.952189469328
-0.0505223599838
-0.189158269744
-0.949063906922
0.53394364702
-42.6135383453
0.213506590056
-19.7376344448
0.301400689657
-0.739974870194
-1.58017646717
-1.54093347033
-1.88878269092
-0.7733787248
-0.660551030259
-0.021800788477
-1.18122474213
-0.0211130156287
-0.850443385571
0.527222927573
-0.229003459333
-0.275156615905
-0.989195569973
-0.522624269914
0.901421064186
-0.533691562302
0.805882634578
-0.318757839246
-0.689011256193
-0.846228737968
-2.16014157114
-0.924092725043
0.103709344515
-0.431112178885
-0.245377415602
0.988794715144
0.480329211181
-0.0571592299039
0.442074161639
-0.833332728795
0.0811891650167
-0.272347864334
0.936969249033
0.00161955702589
-0.446527506816
-0.374753515787
0.954820088541
0.128872715067
0.0113888179321
-0.801921201147
0.393657325468
-0.959340351495
-0.222303848585
0.116220116919
-1.41437173251
-0.196811798126
-0.615199753344
0.839200810418
-0.588906976457
0.36004666394
-0.671706460789
0.648681207503
0.107323226761
-1.17949683804
0.746959265214
0.268498324039
-0.730795488679
0.0284666998735
0.857381106424
-0.96696151283
-0.374117536283
0.521365181999
0.937917900707
0.399706784257
-0.721469932054
-0.00929741009032
0.488274111631
-0.518752095321
0.297410820044
-0.0407205247061
-0.804447097743
0.126881724675
-1.94715714577
-0.473431949302
0.610766098522
-0.646832635978
-0.459451939273
-1.01493237883
-0.0729624821728
0.700882693596
-0.348166154628
0.546672726401
0.982642417422
-0.876619821117
-1.73662119943
-1.02873911261
-2.2120811326
0.968214344477
0.0284031736748
-0.616309453957
0.0735747168109
-0.792903647677
-0.742726370233
-0.641700359643
-0.614450927639
0.739073381824
-0.496611976491
0.68920557044
