4
0
3
2
1
136
-0.0810639433035
-8.31170276269
-1.74480089822
-13.9831123519
0.609441016146
-0.602819516724
-9.536589344
-1.72232147696
-14.1272624146
-0.999872372756
0.754413048404
-0.809763423848
-0.684677728661
0.562391595517
-20.010317326
-4.52027648044
-4.04700845259
-31.3827358927
-0.13944076929
-0.0745259989056
0.688250861069
0.585179919123
0.530351784321
-0.202286945309
-2.57793031996
-2.32803485155
-0.048188781522
-1.55216502586
-0.676947883189
0.224719226155
-0.189158269744
-0.949063906922
0.53394364702
-29.4019422085
0.213506590056
-13.9496970899
0.301400689657
-0.739974870194
-1.30493488103
-1.26569188419
-1.61354110478
-0.7733787248
-0.536645582637
0.00112504376222
-0.940625221775
-0.0211130156287
-0.850443385571
0.651133466584
-0.206077320657
-0.0345490863002
-0.989195569973
-0.522624269914
0.901421064186
-0.533691562302
0.805882634578
-0.209876104703
-0.689011256193
-0.846228737968
-1.74712301908
-0.924092725043
0.103709344515
-0.431112178885
-0.245377415602
0.988794715144
0.480329211181
-0.0182629738123
0.464395944359
-0.833332728795
0.0811891650167
-0.272347864334
0.936969249033
0.00161955702589
-0.446527506816
-0.374753515787
0.954820088541
0.283260947001
0.0493456353434
-0.576848529156
0.393657325468
-0.959340351495
-0.0679081822193
0.154178536925
-1.1892908043
-0.196811798126
-0.615199753344
0.839200810418
-0.588906976457
0.36004666394
-0.509075949609
0.648681207503
0.107323226761
-0.862667071734
0.746959265214
0.268498324039
-0.730795488679
0.0284666998735
0.857381106424
-0.96696151283
-0.366304142461
0.528994771027
0.937917900707
0.399706784257
-0.721469932054
-0.00929741009032
0.488274111631
-0.518752095321
0.297410820044
0.108414452214
-0.16129830267
0.15041471709
-1.17820402736
-0.473431949302
0.75990460217
-0.00366663530767
-0.435918237573
-0.245961372027
-0.0729624821728
0.700882693596
-0.348166154628
0.546672726401
0.982642417422
-0.186106037314
-1.28866981581
-0.580786598778
-1.33781038941
0.968214344477
0.0284031736748
-0.616309453957
0.0735747168109
-0.792903647677
-0.742726370233
-0.594750372384
-0.614450927639
0.762644321643
-0.496611976491
0.68920557044
