4
0
3
2
1
136
-0.410287535441
-12.7735488144
-2.27329140139
-20.9661180176
0.609441016146
-0.932043108861
-13.9984353957
-2.25081198013
-21.1102680802
-0.999872372756
0.754413048404
-0.809763423848
-0.684677728661
0.562391595517
-29.2459054646
-6.46096291822
-5.98769489037
-46.241116435
-0.13944076929
-0.0745259989056
0.688250861069
0.585179919123
0.530351784321
-0.202286945309
-3.57426487509
-3.12510249566
-0.143490347667
-1.85539728177
-0.980180139105
-0.0785130297607
-0.189158269744
-0.949063906922
0.53394364702
-43.9570904948
0.213506590056
-20.3262382436
0.301400689657
-0.739974870194
-1.60816713694
-1.56892414011
-1.91677336069
-0.7733787248
-0.673243731013
-0.0241492113472
-1.20584282021
-0.0211130156287
-0.850443385571
0.51452996117
-0.231351902667
-0.299775129704
-0.989195569973
-0.522624269914
0.901421064186
-0.533691562302
0.805882634578
-0.329891832411
-0.689011256193
-0.846228737968
-2.20247237195
-0.924092725043
0.103709344515
-0.431112178885
-0.245377415602
0.988794715144
0.480329211181
-0.0611373136395
0.439772222459
-0.833332728795
0.0811891650167
-0.272347864334
0.936969249033
0.00161955702589
-0.446527506816
-0.374753515787
0.954820088541
0.113044674424
0.00748980473417
-0.824950423201
0.393657325468
-0.959340351495
-0.238132296564
0.112321017397
-1.43740140086
-0.196811798126
-0.615199753344
0.839200810418
-0.588906976457
0.36004666394
-0.688346370633
0.648681207503
0.107323226761
-1.21203758994
0.746959265214
0.268498324039
-0.730795488679
0.0284666998735
0.857381106424
-0.96696151283
-0.37491430009
0.520578152179
0.937917900707
0.399706784257
-0.721469932054
-0.00929741009032
0.488274111631
-0.518752095321
0.297410820044
-0.0559144201182
-0.870011511024
0.124482782327
-2.02551665453
-0.473431949302
0.595572190044
-0.712397164789
-0.461850884747
-1.09329201532
-0.0729624821728
0.700882693596
-0.348166154628
0.546672726401
0.982642417422
-0.94698315754
-1.7822051709
-1.07432308723
-2.30135905138
0.968214344477
0.0284031736748
-0.616309453957
0.0735747168109
-0.792903647677
-0.742726370233
-0.646495740149
-0.614450927639
0.736674225485
-0.496611976491
0.68920557044
