4
0
3
2
1
136
-0.845875672731
-18.6769143597
-2.9725249902
-30.2051716675
0.609441016146
-1.36763124615
-19.901800941
-2.95004556894
-30.3493217302
-0.999872372756
0.754413048404
-0.809763423848
-0.684677728661
0.562391595517
-41.4652990019
-9.02864035898
-8.55537233113
-65.8998968448
-0.13944076929
-0.0745259989056
0.688250861069
0.585179919123
0.530351784321
-0.202286945309
-4.89249213265
-4.17968430171
-0.269581650565
-2.25659688191
-1.38137973924
-0.479712629896
-0.189158269744
-0.949063906922
0.53394364702
-63.2146713044
0.213506590056
-28.7628926931
0.301400689657
-0.739974870194
-2.00936673708
-1.97012374024
-2.31797296083
-0.7733787248
-0.855929413425
-0.0580324443843
-1.55998182633
-0.0211130156287
-0.850443385571
0.33184251202
-0.265235313628
-0.653917138629
-0.989195569973
-0.522624269914
0.901421064186
-0.533691562302
0.805882634578
-0.489962871113
-0.689011256193
-0.846228737968
-2.81310053821
-0.924092725043
0.103709344515
-0.431112178885
-0.245377415602
0.988794715144
0.480329211181
-0.11832331279
0.406367447688
-0.833332728795
0.0811891650167
-0.272347864334
0.936969249033
0.00161955702589
-0.446527506816
-0.374753515787
0.954820088541
-0.11495060335
-0.0488245123901
-1.15622587289
0.393657325468
-0.959340351495
-0.466130457063
0.0560060583636
-1.76867992377
-0.196811798126
-0.615199753344
0.839200810418
-0.588906976457
0.36004666394
-0.927780086078
0.648681207503
0.107323226761
-1.68246822737
0.746959265214
0.268498324039
-0.730795488679
0.0284666998735
0.857381106424
-0.96696151283
-0.38635513251
0.509201857745
0.937917900707
0.399706784257
-0.721469932054
-0.00929741009032
0.488274111631
-0.518752095321
0.297410820044
-0.273706651359
-1.8099309799
0.0900946953974
-3.14883765707
-0.473431949302
0.377779935735
-1.65231689674
-0.496238977133
-2.21661333029
-0.0729624821728
0.700882693596
-0.348166154628
0.546672726401
0.982642417422
-1.95567969132
-2.43558601139
-1.7277039329
-3.5830198741
0.968214344477
0.0284031736748
-0.616309453957
0.0735747168109
-0.792903647677
-0.742726370233
-0.715264430931
-0.614450927639
0.70228574949
-0.496611976491
0.68920557044
