4
0
3
2
1
136
-0.093726389155
-8.48331222621
-1.76512745603
-14.2516894929
0.609441016146
-0.615481962575
-9.70819880753
-1.74264803478
-14.3958395555
-0.999872372756
0.754413048404
-0.809763423848
-0.684677728661
0.562391595517
-20.3655322544
-4.59491826651
-4.12165023866
-31.9542120674
-0.13944076929
-0.0745259989056
0.688250861069
0.585179919123
0.530351784321
-0.202286945309
-2.61625087978
-2.3586912994
-0.0518542263737
-1.56382780493
-0.688610662263
0.213056447082
-0.189158269744
-0.949063906922
0.53394364702
-29.9617556041
0.213506590056
-14.1949486727
0.301400689657
-0.739974870194
-1.3165976601
-1.27735466327
-1.62520388385
-0.7733787248
-0.541847135511
0.000161013623465
-0.950742092015
-0.0211130156287
-0.850443385571
0.645931565687
-0.207041368812
-0.0446664903366
-0.989195569973
-0.522624269914
0.901421064186
-0.533691562302
0.805882634578
-0.214456943664
-0.689011256193
-0.846228737968
-1.76447199172
-0.924092725043
0.103709344515
-0.431112178885
-0.245377415602
0.988794715144
0.480329211181
-0.0198987552389
0.463464276937
-0.833332728795
0.0811891650167
-0.272347864334
0.936969249033
0.00161955702589
-0.446527506816
-0.374753515787
0.954820088541
0.276784817399
0.047756256548
-0.586312301579
0.393657325468
-0.959340351495
-0.074384807122
0.152589048923
-1.19875512965
-0.196811798126
-0.615199753344
0.839200810418
-0.588906976457
0.36004666394
-0.515915184748
0.648681207503
0.107323226761
-0.875946630973
0.746959265214
0.268498324039
-0.730795488679
0.0284666998735
0.857381106424
-0.96696151283
-0.366634134852
0.528677194081
0.937917900707
0.399706784257
-0.721469932054
-0.00929741009032
0.488274111631
-0.518752095321
0.297410820044
0.102135194198
-0.188357542901
0.149425235961
-1.21059107422
-0.473431949302
0.753624699159
-0.0307286475998
-0.436907839843
-0.27835128401
-0.0729624821728
0.700882693596
-0.348166154628
0.546672726401
0.982642417422
-0.215195055967
-1.30760500494
-0.599722008156
-1.37454726345
0.968214344477
0.0284031736748
-0.616309453957
0.0735747168109
-0.792903647677
-0.742726370233
-0.596719085078
-0.614450927639
0.761648928162
-0.496611976491
0.68920557044
