4
0
3
2
1
136
-0.623016625745
-15.6565878016
-2.61477757267
-25.4782139861
0.609441016146
-1.14477219917
-16.8814743829
-2.59229815141
-25.6223640488
-0.999872372756
0.754413048404
-0.809763423848
-0.684677728661
0.562391595517
-35.2135162619
-7.71494492418
-7.24167689633
-55.84191617
-0.13944076929
-0.0745259989056
0.688250861069
0.585179919123
0.530351784321
-0.202286945309
-4.21805027995
-3.64013081954
-0.205069821175
-2.05133197021
-1.17611482754
-0.274447718199
-0.189158269744
-0.949063906922
0.53394364702
-53.3619555413
0.213506590056
-24.4464648352
0.301400689657
-0.739974870194
-1.80410182538
-1.76485882855
-2.11270804913
-0.7733787248
-0.762333015466
-0.0406518411664
-1.37857361198
-0.0211130156287
-0.850443385571
0.425439470137
-0.247854641125
-0.472507945861
-0.989195569973
-0.522624269914
0.901421064186
-0.533691562302
0.805882634578
-0.407984945763
-0.689011256193
-0.846228737968
-2.49992078919
-0.924092725043
0.103709344515
-0.431112178885
-0.245377415602
0.988794715144
0.480329211181
-0.0890380976287
0.423541185332
-0.833332728795
0.0811891650167
-0.272347864334
0.936969249033
0.00161955702589
-0.446527506816
-0.374753515787
0.954820088541
0.00189676857488
-0.0199289859649
-0.986530789698
0.393657325468
-0.959340351495
-0.349282118853
0.0849018132561
-1.59898383788
-0.196811798126
-0.615199753344
0.839200810418
-0.588906976457
0.36004666394
-0.805111725118
0.648681207503
0.107323226761
-1.44097379809
0.746959265214
0.268498324039
-0.730795488679
0.0284666998735
0.857381106424
-0.96696151283
-0.380498009839
0.515038709325
0.937917900707
0.399706784257
-0.721469932054
-0.00929741009032
0.488274111631
-0.518752095321
0.297410820044
-0.162277210358
-1.32902780988
0.107688812381
-2.57410011975
-0.473431949302
0.489209377771
-1.17141370507
-0.478644859928
-1.64187576199
-0.0729624821728
0.700882693596
-0.348166154628
0.546672726401
0.982642417422
-1.43958845069
-2.10129749391
-1.39341541522
-2.92693895815
0.968214344477
0.0284031736748
-0.616309453957
0.0735747168109
-0.792903647677
-0.742726370233
-0.680077075772
-0.614450927639
0.71987988342
-0.496611976491
0.68920557044
