4
0
3
2
1
136
-0.493859678061
-13.9061712736
-2.40744668296
-22.7387271481
0.609441016146
-1.01561525148
-15.131057855
-2.3849672617
-22.8828772107
-0.999872372756
0.754413048404
-0.809763423848
-0.684677728661
0.562391595517
-31.5903239921
-6.95359870628
-6.48033067843
-50.0128591881
-0.13944076929
-0.0745259989056
0.688250861069
0.585179919123
0.530351784321
-0.202286945309
-3.82718056986
-3.32743505147
-0.167682283688
-1.93237162366
-1.05715448099
-0.155487371647
-0.189158269744
-0.949063906922
0.53394364702
-47.6518589059
0.213506590056
-21.9448986903
0.301400689657
-0.739974870194
-1.68514147883
-1.645898482
-1.99374770258
-0.7733787248
-0.708199724774
-0.0306199657495
-1.27362800763
-0.0211130156287
-0.850443385571
0.479573376166
-0.237822706283
-0.367561298398
-0.989195569973
-0.522624269914
0.901421064186
-0.533691562302
0.805882634578
-0.360543487666
-0.689011256193
-0.846228737968
-2.31910931326
-0.924092725043
0.103709344515
-0.431112178885
-0.245377415602
0.988794715144
0.480329211181
-0.0720887431165
0.433418621451
-0.833332728795
0.0811891650167
-0.272347864334
0.936969249033
0.00161955702589
-0.446527506816
-0.374753515787
0.954820088541
0.0694437274463
-0.00325789498241
-0.888360276896
0.393657325468
-0.959340351495
-0.281734165772
0.101573121172
-1.50081225861
-0.196811798126
-0.615199753344
0.839200810418
-0.588906976457
0.36004666394
-0.734165742049
0.648681207503
0.107323226761
-1.30175329413
0.746959265214
0.268498324039
-0.730795488679
0.0284666998735
0.857381106424
-0.96696151283
-0.37710672625
0.518407425148
0.937917900707
0.399706784257
-0.721469932054
-0.00929741009032
0.488274111631
-0.518752095321
0.297410820044
-0.0976991959394
-1.0503309787
0.117885302558
-2.2410229053
-0.473431949302
0.553787397955
-0.892716797178
-0.468448368405
-1.30879845357
-0.0729624821728
0.700882693596
-0.348166154628
0.546672726401
0.982642417422
-1.14049860029
-1.9075623955
-1.19968031559
-2.54700916563
0.968214344477
0.0284031736748
-0.616309453957
0.0735747168109
-0.792903647677
-0.742726370233
-0.65968654089
-0.614450927639
0.730076472124
-0.496611976491
0.68920557044
