4
0
3
2
1
136
-0.154506129242
-9.30703765114
-1.86269493354
-15.5408597696
0.609441016146
-0.676261702662
-10.5319242325
-1.84021551228
-15.6850098323
-0.999872372756
0.754413048404
-0.809763423848
-0.684677728661
0.562391595517
-22.0705639108
-4.95319883964
-4.47993081179
-34.697297706
-0.13944076929
-0.0745259989056
0.688250861069
0.585179919123
0.530351784321
-0.202286945309
-2.80018956688
-2.50584224908
-0.0694483616619
-1.61980914448
-0.744592001817
0.157075107528
-0.189158269744
-0.949063906922
0.53394364702
-32.6488599031
0.213506590056
-15.3721562703
0.301400689657
-0.739974870194
-1.37257899966
-1.33333600282
-1.6811852234
-0.7733787248
-0.566891181095
-0.00447668189513
-0.9994245044
-0.0211130156287
-0.850443385571
0.620886056126
-0.211679143444
-0.0933511652574
-0.989195569973
-0.522624269914
0.901421064186
-0.533691562302
0.805882634578
-0.236496949212
-0.689011256193
-0.846228737968
-1.84796786992
-0.924092725043
0.103709344515
-0.431112178885
-0.245377415602
0.988794715144
0.480329211181
-0.027770389484
0.458972183891
-0.833332728795
0.0811891650167
-0.272347864334
0.936969249033
0.00161955702589
-0.446527506816
-0.374753515787
0.954820088541
0.245597342147
0.0400986340014
-0.631852653583
0.393657325468
-0.959340351495
-0.105574380627
0.144930967761
-1.24429782152
-0.196811798126
-0.615199753344
0.839200810418
-0.588906976457
0.36004666394
-0.548823946892
0.648681207503
0.107323226761
-0.939897968533
0.746959265214
0.268498324039
-0.730795488679
0.0284666998735
0.857381106424
-0.96696151283
-0.368219740373
0.527144024858
0.937917900707
0.399706784257
-0.721469932054
-0.00929741009032
0.488274111631
-0.518752095321
0.297410820044
0.0718890168147
-0.318713639781
0.144656286371
-1.36652941713
-0.473431949302
0.723376725495
-0.161093001695
-0.441677142047
-0.434298175344
-0.0729624821728
0.700882693596
-0.348166154628
0.546672726401
0.982642417422
-0.355238215018
-1.39861851359
-0.690736106278
-1.55154765991
0.968214344477
0.0284031736748
-0.616309453957
0.0735747168109
-0.792903647677
-0.742726370233
-0.6062148402
-0.614450927639
0.756861759231
-0.496611976491
0.68920557044
