4
0
3
2
1
136
-0.739511127579
-17.2353948661
-2.80178190456
-27.9491236832
0.609441016146
-1.261266701
-18.4602814474
-2.7793024833
-28.0932737459
-0.999872372756
0.754413048404
-0.809763423848
-0.684677728661
0.562391595517
-38.4814936033
-8.40164935601
-7.92838132816
-61.0994969773
-0.13944076929
-0.0745259989056
0.688250861069
0.585179919123
0.530351784321
-0.202286945309
-4.57059943022
-3.92217013977
-0.238791913811
-2.15862953769
-1.28341239502
-0.381745285677
-0.189158269744
-0.949063906922
0.53394364702
-58.5122387811
0.213506590056
-26.7027793973
0.301400689657
-0.739974870194
-1.91139939286
-1.87215639603
-2.22000561661
-0.7733787248
-0.811236509656
-0.0497274875092
-1.47336284875
-0.0211130156287
-0.850443385571
0.376535626467
-0.256930327924
-0.567297788933
-0.989195569973
-0.522624269914
0.901421064186
-0.533691562302
0.805882634578
-0.450823740615
-0.689011256193
-0.846228737968
-2.66346867181
-0.924092725043
0.103709344515
-0.431112178885
-0.245377415602
0.988794715144
0.480329211181
-0.104341977748
0.414581883324
-0.833332728795
0.0811891650167
-0.272347864334
0.936969249033
0.00161955702589
-0.446527506816
-0.374753515787
0.954820088541
-0.0591471911901
-0.0350160584587
-1.07519982413
0.393657325468
-0.959340351495
-0.410326670607
0.0698146046712
-1.68765349287
-0.196811798126
-0.615199753344
0.839200810418
-0.588906976457
0.36004666394
-0.86920280241
0.648681207503
0.107323226761
-1.56703474101
0.746959265214
0.268498324039
-0.730795488679
0.0284666998735
0.857381106424
-0.96696151283
-0.383559027323
0.511990409727
0.937917900707
0.399706784257
-0.721469932054
-0.00929741009032
0.488274111631
-0.518752095321
0.297410820044
-0.220524391758
-1.58040820097
0.0984918936668
-2.87453012867
-0.473431949302
0.430962195498
-1.4227941132
-0.487841778831
-1.94230579454
-0.0729624821728
0.700882693596
-0.348166154628
0.546672726401
0.982642417422
-1.70936256937
-2.27603920166
-1.56815712314
-3.26982819956
0.968214344477
0.0284031736748
-0.616309453957
0.0735747168109
-0.792903647677
-0.742726370233
-0.698470241214
-0.614450927639
0.710682950276
-0.496611976491
0.68920557044
