4
0
3
2
1
136
-0.179831020945
-9.65025657819
-1.90334804917
-16.0780140516
0.609441016146
-0.701586594365
-10.8751431595
-1.88086862791
-16.2221641143
-0.999872372756
0.754413048404
-0.809763423848
-0.684677728661
0.562391595517
-22.7809937676
-5.10248241177
-4.62921438392
-35.8402500554
-0.13944076929
-0.0745259989056
0.688250861069
0.585179919123
0.530351784321
-0.202286945309
-2.8768306865
-2.56715514478
-0.0767792513653
-1.64313470263
-0.767917559964
0.133749549381
-0.189158269744
-0.949063906922
0.53394364702
-33.7684866944
0.213506590056
-15.862659436
0.301400689657
-0.739974870194
-1.3959045578
-1.35666156097
-1.70451078155
-0.7733787248
-0.577359440155
-0.00641382416994
-1.01976185972
-0.0211130156287
-0.850443385571
0.610417277236
-0.213616315361
-0.113689331612
-0.989195569973
-0.522624269914
0.901421064186
-0.533691562302
0.805882634578
-0.245702756361
-0.689011256193
-0.846228737968
-1.88285748586
-0.924092725043
0.103709344515
-0.431112178885
-0.245377415602
0.988794715144
0.480329211181
-0.0310587666519
0.457091292195
-0.833332728795
0.0811891650167
-0.272347864334
0.936969249033
0.00161955702589
-0.446527506816
-0.374753515787
0.954820088541
0.232557966806
0.0368953034053
-0.650877600431
0.393657325468
-0.959340351495
-0.118614507863
0.141727474434
-1.26332360553
-0.196811798126
-0.615199753344
0.839200810418
-0.588906976457
0.36004666394
-0.562571078463
0.648681207503
0.107323226761
-0.966639312704
0.746959265214
0.268498324039
-0.730795488679
0.0284666998735
0.857381106424
-0.96696151283
-0.368881136416
0.526501337788
0.937917900707
0.399706784257
-0.721469932054
-0.00929741009032
0.488274111631
-0.518752095321
0.297410820044
0.0592557141064
-0.373176856546
0.142663283086
-1.4316540823
-0.473431949302
0.710743056304
-0.215558082175
-0.443670221587
-0.49942477691
-0.0729624821728
0.700882693596
-0.348166154628
0.546672726401
0.982642417422
-0.413719945438
-1.4365758048
-0.728693511214
-1.62552583024
0.968214344477
0.0284031736748
-0.616309453957
0.0735747168109
-0.792903647677
-0.742726370233
-0.610187202094
-0.614450927639
0.754864525696
-0.496611976491
0.68920557044
