4
0
3
2
1
136
-0.0380116274086
-7.7282305867
-1.67569060165
-13.0699500726
0.609441016146
-0.559767200829
-8.95311716801
-1.65321118039
-13.2141001352
-0.999872372756
0.754413048404
-0.809763423848
-0.684677728661
0.562391595517
-18.8025865694
-4.2664944078
-3.79322637995
-29.4397168987
-0.13944076929
-0.0745259989056
0.688250861069
0.585179919123
0.530351784321
-0.202286945309
-2.4476404166
-2.22380292885
-0.0357262690262
-1.51251157701
-0.637294434339
0.264372675006
-0.189158269744
-0.949063906922
0.53394364702
-27.4985766633
0.213506590056
-13.1158417082
0.301400689657
-0.739974870194
-1.26528143218
-1.22603843534
-1.57388765593
-0.7733787248
-0.519007566062
0.00439678708962
-0.906302275138
-0.0211130156287
-0.850443385571
0.668772792756
-0.202805511733
-0.000224142807625
-0.989195569973
-0.522624269914
0.901421064186
-0.533691562302
0.805882634578
-0.19433347007
-0.689011256193
-0.846228737968
-1.688266853
-0.924092725043
0.103709344515
-0.431112178885
-0.245377415602
0.988794715144
0.480329211181
-0.0127137517319
0.467551937276
-0.833332728795
0.0811891650167
-0.272347864334
0.936969249033
0.00161955702589
-0.446527506816
-0.374753515787
0.954820088541
0.305217290863
0.0547322186339
-0.544741839347
0.393657325468
-0.959340351495
-0.0459499843445
0.159565532076
-1.15718204347
-0.196811798126
-0.615199753344
0.839200810418
-0.588906976457
0.36004666394
-0.485871836799
0.648681207503
0.107323226761
-0.817639637817
0.746959265214
0.268498324039
-0.730795488679
0.0284666998735
0.857381106424
-0.96696151283
-0.365183158157
0.530069186799
0.937917900707
0.399706784257
-0.721469932054
-0.00929741009032
0.488274111631
-0.518752095321
0.297410820044
0.129659325254
-0.0697246941615
0.153760929032
-1.06852584017
-0.473431949302
0.781152924693
0.0879209588979
-0.432571405867
-0.136268739906
-0.0729624821728
0.700882693596
-0.348166154628
0.546672726401
0.982642417422
-0.0875823186484
-1.22441873564
-0.516534291656
-1.21345864508
0.968214344477
0.0284031736748
-0.616309453957
0.0735747168109
-0.792903647677
-0.742726370233
-0.588094077809
-0.614450927639
0.766019006183
-0.496611976491
0.68920557044
