4
0
3
2
1
136
-0.769900997622
-17.6472575785
-2.85056564331
-28.5937088216
0.609441016146
-1.29165657104
-18.8721441598
-2.82808622205
-28.7378588842
-0.999872372756
0.754413048404
-0.809763423848
-0.684677728661
0.562391595517
-39.3340094315
-8.58078964257
-8.10752161472
-62.4710397966
-0.13944076929
-0.0745259989056
0.688250861069
0.585179919123
0.530351784321
-0.202286945309
-4.66256877377
-3.99574561461
-0.247588981455
-2.18662020747
-1.3114030648
-0.409735955454
-0.189158269744
-0.949063906922
0.53394364702
-59.8557909306
0.213506590056
-27.2913831961
0.301400689657
-0.739974870194
-1.93939006264
-1.9001470658
-2.24799628639
-0.7733787248
-0.824002518477
-0.0520986775908
-1.49810526079
-0.0211130156287
-0.850443385571
0.363769548791
-0.259301526939
-0.592040321968
-0.989195569973
-0.522624269914
0.901421064186
-0.533691562302
0.805882634578
-0.462004320457
-0.689011256193
-0.846228737968
-2.70619355666
-0.924092725043
0.103709344515
-0.431112178885
-0.245377415602
0.988794715144
0.480329211181
-0.108335999807
0.412237970671
-0.833332728795
0.0811891650167
-0.272347864334
0.936969249033
0.00161955702589
-0.446527506816
-0.374753515787
0.954820088541
-0.0750854229199
-0.0389583688405
-1.09834464483
0.393657325468
-0.959340351495
-0.426265022782
0.0658722653154
-1.71079843766
-0.196811798126
-0.615199753344
0.839200810418
-0.588906976457
0.36004666394
-0.885934152858
0.648681207503
0.107323226761
-1.59998564047
0.746959265214
0.268498324039
-0.730795488679
0.0284666998735
0.857381106424
-0.96696151283
-0.384357809961
0.511194109951
0.937917900707
0.399706784257
-0.721469932054
-0.00929741009032
0.488274111631
-0.518752095321
0.297410820044
-0.235719320975
-1.64598605473
0.09609269462
-2.95290360196
-0.473431949302
0.415767266208
-1.48837196884
-0.490240977893
-2.02067927072
-0.0729624821728
0.700882693596
-0.348166154628
0.546672726401
0.982642417422
-1.77973880156
-2.32162400312
-1.61374192461
-3.35930161855
0.968214344477
0.0284031736748
-0.616309453957
0.0735747168109
-0.792903647677
-0.742726370233
-0.703268557241
-0.614450927639
0.708283750082
-0.496611976491
0.68920557044
