4
0
3
2
1
136
0.49887607668
-0.451989385875
-0.813844566615
-1.6822793011
0.609441016146
-0.0228794967396
-1.67687596539
-0.791365145291
-1.8264293634
-0.999872372756
0.754413048404
-0.809763423848
-0.684677728661
0.562391595517
-3.74147368024
-1.101682682
-0.628414654099
-5.20913424299
-0.13944076929
-0.0745259989056
0.688250861069
0.585179919123
0.530351784321
-0.202286945309
-0.822848684721
-0.92396972041
0.119688592686
-1.01801133723
-0.142794190855
0.758872922191
-0.189158269744
-0.949063906922
0.53394364702
-3.76249347393
0.213506590056
-2.71717459698
0.301400689657
-0.739974870194
-0.770781181299
-0.731538180778
-1.07938739769
-0.7733787248
-0.311966264456
0.0440778865034
-0.49783712206
-0.0211130156287
-0.850443385571
0.87585970734
-0.16312272051
0.408306953811
-0.989195569973
-0.522624269914
0.901421064186
-0.533691562302
0.805882634578
-0.00958919070637
-0.689011256193
-0.846228737968
-0.982942160052
-0.924092725043
0.103709344515
-0.431112178885
-0.245377415602
0.988794715144
0.480329211181
0.0528078650491
0.504595093511
-0.833332728795
0.0811891650167
-0.272347864334
0.936969249033
0.00161955702589
-0.446527506816
-0.374753515787
0.954820088541
0.562585609401
0.117473076692
-0.162960952822
0.393657325468
-0.959340351495
0.211479964894
0.222321393329
-0.775332105403
-0.196811798126
-0.615199753344
0.839200810418
-0.588906976457
0.36004666394
-0.209733123343
0.648681207503
0.107323226761
-0.282704928799
0.746959265214
0.268498324039
-0.730795488679
0.0284666998735
0.857381106424
-0.96696151283
-0.351442976319
0.542198772137
0.937917900707
0.399706784257
-0.721469932054
-0.00929741009032
0.488274111631
-0.518752095321
0.297410820044
0.274954853529
0.648887440224
0.17922126275
-0.154119795546
-0.473431949302
0.926744418256
0.807728364196
-0.407062092656
0.779423981735
-0.0729624821728
0.700882693596
-0.348166154628
0.546672726401
0.982642417422
0.728587265842
-0.674607567837
0.0335186922792
-0.142456381167
0.968214344477
0.0284031736748
-0.616309453957
0.0735747168109
-0.792903647677
-0.742726370233
-0.529540262802
-0.614450927639
0.791128985161
-0.496611976491
0.68920557044
