4
0
3
2
1
136
-0.182363510115
-9.6845784709
-1.90741336073
-16.1317294798
0.609441016146
-0.704119083535
-10.9094650522
-1.88493393948
-16.2758795424
-0.999872372756
0.754413048404
-0.809763423848
-0.684677728661
0.562391595517
-22.8520367533
-5.11741076899
-4.64414274114
-35.9545452903
-0.13944076929
-0.0745259989056
0.688250861069
0.585179919123
0.530351784321
-0.202286945309
-2.88449479847
-2.57328643435
-0.0775123403357
-1.64546725845
-0.770250115779
0.131416993566
-0.189158269744
-0.949063906922
0.53394364702
-33.8804493735
0.213506590056
-15.9117097525
0.301400689657
-0.739974870194
-1.39823711362
-1.35899411678
-1.70684333737
-0.7733787248
-0.578407230383
-0.00660768472343
-1.02179714192
-0.0211130156287
-0.850443385571
0.609369437652
-0.213810178779
-0.115724691044
-0.989195569973
-0.522624269914
0.901421064186
-0.533691562302
0.805882634578
-0.246623986603
-0.689011256193
-0.846228737968
-1.8863494495
-0.924092725043
0.103709344515
-0.431112178885
-0.245377415602
0.988794715144
0.480329211181
-0.0313878490892
0.456902923027
-0.833332728795
0.0811891650167
-0.272347864334
0.936969249033
0.00161955702589
-0.446527506816
-0.374753515787
0.954820088541
0.231252726923
0.0365745959732
-0.65278154588
0.393657325468
-0.959340351495
-0.119919819356
0.141406751548
-1.26522763066
-0.196811798126
-0.615199753344
0.839200810418
-0.588906976457
0.36004666394
-0.563946818476
0.648681207503
0.107323226761
-0.969316319569
0.746959265214
0.268498324039
-0.730795488679
0.0284666998735
0.857381106424
-0.96696151283
-0.368947297515
0.526436955675
0.937917900707
0.399706784257
-0.721469932054
-0.00929741009032
0.488274111631
-0.518752095321
0.297410820044
0.0579917899413
-0.37862630339
0.142463861929
-1.43816970754
-0.473431949302
0.709479102932
-0.221007682503
-0.443869648921
-0.505940561871
-0.0729624821728
0.700882693596
-0.348166154628
0.546672726401
0.982642417422
-0.419570869395
-1.44037218541
-0.732489900726
-1.63292901722
0.968214344477
0.0284031736748
-0.616309453957
0.0735747168109
-0.792903647677
-0.742726370233
-0.610584803698
-0.614450927639
0.754664755013
-0.496611976491
0.68920557044
