4
0
3
2
1
136
0.146860082023
-5.22273241921
-1.37892285756
-9.14872381414
0.609441016146
-0.374895491398
-6.44761900052
-1.35644343631
-9.29287387679
-0.999872372756
0.754413048404
-0.809763423848
-0.684677728661
0.562391595517
-13.6164486147
-3.1767243312
-2.70345630335
-21.0961647481
-0.13944076929
-0.0745259989056
0.688250861069
0.585179919123
0.530351784321
-0.202286945309
-1.88816024334
-1.77621879024
0.0177892258088
-1.34223500253
-0.467017859863
0.434649249481
-0.189158269744
-0.949063906922
0.53394364702
-19.3253010872
0.213506590056
-9.53516859883
0.301400689657
-0.739974870194
-1.0950048577
-1.05576186087
-1.40361108145
-0.7733787248
-0.444382416897
0.0183249154971
-0.760643223546
-0.0211130156287
-0.850443385571
0.74340644952
-0.188877009476
0.145447576955
-0.989195569973
-0.522624269914
0.901421064186
-0.533691562302
0.805882634578
-0.128359065427
-0.689011256193
-0.846228737968
-1.43833843879
-0.924092725043
0.103709344515
-0.431112178885
-0.245377415602
0.988794715144
0.480329211181
0.0108132502547
0.480861416471
-0.833332728795
0.0811891650167
-0.272347864334
0.936969249033
0.00161955702589
-0.446527506816
-0.374753515787
0.954820088541
0.398049195644
0.077468031273
-0.408507243253
0.393657325468
-0.959340351495
0.0468937272842
0.182304061772
-1.02093423916
-0.196811798126
-0.615199753344
0.839200810418
-0.588906976457
0.36004666394
-0.387379901238
0.648681207503
0.107323226761
-0.626915643975
0.746959265214
0.268498324039
-0.730795488679
0.0284666998735
0.857381106424
-0.96696151283
-0.36039170101
0.534561925122
0.937917900707
0.399706784257
-0.721469932054
-0.00929741009032
0.488274111631
-0.518752095321
0.297410820044
0.213275933636
0.297886357974
0.167057813034
-0.624113501839
-0.473431949302
0.864853799251
0.455815388821
-0.419262070494
0.308437550572
-0.0729624821728
0.700882693596
-0.348166154628
0.546672726401
0.982642417422
0.312040363367
-0.959575419595
-0.251650980265
-0.708805977508
0.968214344477
0.0284031736748
-0.616309453957
0.0735747168109
-0.792903647677
-0.742726370233
-0.561187277826
-0.614450927639
0.779681683452
-0.496611976491
0.68920557044
