4
0
3
2
1
136
-0.382430154568
-12.3960079946
-2.2285729742
-20.3752483074
0.609441016146
-0.904185727988
-13.6208945759
-2.20609355294
-20.51939837
-0.999872372756
0.754413048404
-0.809763423848
-0.684677728661
0.562391595517
-28.4644326222
-6.29675098887
-5.82348296102
-44.9838688507
-0.13944076929
-0.0745259989056
0.688250861069
0.585179919123
0.530351784321
-0.202286945309
-3.48995964351
-3.05765831038
-0.135426368993
-1.82973916781
-0.954522025143
-0.0528549157986
-0.189158269744
-0.949063906922
0.53394364702
-42.7255010244
0.213506590056
-19.7866847613
0.301400689657
-0.739974870194
-1.58250902298
-1.54326602615
-1.89111524673
-0.7733787248
-0.661608323177
-0.0219963909403
-1.18327552913
-0.0211130156287
-0.850443385571
0.526165611335
-0.229199063559
-0.277207441035
-0.989195569973
-0.522624269914
0.901421064186
-0.533691562302
0.805882634578
-0.319685389625
-0.689011256193
-0.846228737968
-2.16366731626
-0.924092725043
0.103709344515
-0.431112178885
-0.245377415602
0.988794715144
0.480329211181
-0.0574906363363
0.441882517615
-0.833332728795
0.0811891650167
-0.272347864334
0.936969249033
0.00161955702589
-0.446527506816
-0.374753515787
0.954820088541
0.127554329717
0.011064105954
-0.803839633337
0.393657325468
-0.959340351495
-0.223622269548
0.115895397398
-1.41629020377
-0.196811798126
-0.615199753344
0.839200810418
-0.588906976457
0.36004666394
-0.673092623785
0.648681207503
0.107323226761
-1.18220675012
0.746959265214
0.268498324039
-0.730795488679
0.0284666998735
0.857381106424
-0.96696151283
-0.374183922273
0.521299649985
0.937917900707
0.399706784257
-0.721469932054
-0.00929741009032
0.488274111631
-0.518752095321
0.297410820044
-0.041986663469
-0.809910606334
0.12668181754
-1.95368691058
-0.473431949302
0.609499958428
-0.652296155941
-0.459651846725
-1.02146215613
-0.0729624821728
0.700882693596
-0.348166154628
0.546672726401
0.982642417422
-0.882483253973
-1.74041984721
-1.03253776071
-2.21951978026
0.968214344477
0.0284031736748
-0.616309453957
0.0735747168109
-0.792903647677
-0.742726370233
-0.642099937764
-0.614450927639
0.738873453103
-0.496611976491
0.68920557044
