4
0
3
2
1
136
-0.896525456137
-19.3633522138
-3.05383122145
-31.2794802315
0.609441016146
-1.41828102956
-20.5882387951
-3.0313518002
-31.4236302941
-0.999872372756
0.754413048404
-0.809763423848
-0.684677728661
0.562391595517
-42.8861587155
-9.32720750326
-8.85393947541
-68.1858015436
-0.13944076929
-0.0745259989056
0.688250861069
0.585179919123
0.530351784321
-0.202286945309
-5.0457743719
-4.30231009311
-0.284243429972
-2.3032479982
-1.42803085554
-0.526363746191
-0.189158269744
-0.949063906922
0.53394364702
-65.4539248869
0.213506590056
-29.7438990244
0.301400689657
-0.739974870194
-2.05601785337
-2.01677485654
-2.36462407712
-0.7733787248
-0.877221854305
-0.0619924993582
-1.60124644516
-0.0211130156287
-0.850443385571
0.310549996332
-0.269195380162
-0.695181891032
-0.989195569973
-0.522624269914
0.901421064186
-0.533691562302
0.805882634578
-0.508606519773
-0.689011256193
-0.846228737968
-2.88444024598
-0.924092725043
0.103709344515
-0.431112178885
-0.245377415602
0.988794715144
0.480329211181
-0.124982965851
0.402445926628
-0.833332728795
0.0811891650167
-0.272347864334
0.936969249033
0.00161955702589
-0.446527506816
-0.374753515787
0.954820088541
-0.141540630841
-0.0554094688299
-1.19482606802
0.393657325468
-0.959340351495
-0.492720622473
0.0494210656525
-1.80728025659
-0.196811798126
-0.615199753344
0.839200810418
-0.588906976457
0.36004666394
-0.955689498292
0.648681207503
0.107323226761
-1.7375338585
0.746959265214
0.268498324039
-0.730795488679
0.0284666998735
0.857381106424
-0.96696151283
-0.387686927162
0.507872703001
0.937917900707
0.399706784257
-0.721469932054
-0.00929741009032
0.488274111631
-0.518752095321
0.297410820044
-0.299031541132
-1.9192277328
0.0860960286505
-3.27946054413
-0.473431949302
0.352455045937
-1.76161365056
-0.500237643884
-2.347236219
-0.0729624821728
0.700882693596
-0.348166154628
0.546672726401
0.982642417422
-2.07297376421
-2.51156068534
-1.80367860686
-3.73218897059
0.968214344477
0.0284031736748
-0.616309453957
0.0735747168109
-0.792903647677
-0.742726370233
-0.723261720061
-0.614450927639
0.698287082395
-0.496611976491
0.68920557044
