4
0
3
2
1
136
-0.0886614108144
-8.4146684408
-1.75699683291
-14.1442586365
0.609441016146
-0.610416984235
-9.63955502212
-1.73451741165
-14.2884086991
-0.999872372756
0.754413048404
-0.809763423848
-0.684677728661
0.562391595517
-20.2234462831
-4.56506155208
-4.09179352423
-31.7256215975
-0.13944076929
-0.0745259989056
0.688250861069
0.585179919123
0.530351784321
-0.202286945309
-2.60092265585
-2.34642872026
-0.050388048433
-1.5591626933
-0.683945550633
0.217721558711
-0.189158269744
-0.949063906922
0.53394364702
-29.7378302458
0.213506590056
-14.0968480396
0.301400689657
-0.739974870194
-1.31193254847
-1.27268955164
-1.62053877222
-0.7733787248
-0.539765801063
0.000546718430087
-0.946694217337
-0.0211130156287
-0.850443385571
0.64801303743
-0.206655656866
-0.0406184049078
-0.989195569973
-0.522624269914
0.901421064186
-0.533691562302
0.805882634578
-0.212624122816
-0.689011256193
-0.846228737968
-1.7575303967
-0.924092725043
0.103709344515
-0.431112178885
-0.245377415602
0.988794715144
0.480329211181
-0.0192442561235
0.463837124857
-0.833332728795
0.0811891650167
-0.272347864334
0.936969249033
0.00161955702589
-0.446527506816
-0.374753515787
0.954820088541
0.279376215615
0.0483922714294
-0.582525731661
0.393657325468
-0.959340351495
-0.071793213368
0.153225106875
-1.19496834146
-0.196811798126
-0.615199753344
0.839200810418
-0.588906976457
0.36004666394
-0.513178744649
0.648681207503
0.107323226761
-0.870632909534
0.746959265214
0.268498324039
-0.730795488679
0.0284666998735
0.857381106424
-0.96696151283
-0.366502122799
0.52880430613
0.937917900707
0.399706784257
-0.721469932054
-0.00929741009032
0.488274111631
-0.518752095321
0.297410820044
0.104648156026
-0.177528473805
0.149821252749
-1.19763076994
-0.473431949302
0.756137903651
-0.0198985272176
-0.436511777219
-0.265389893
-0.0729624821728
0.700882693596
-0.348166154628
0.546672726401
0.982642417422
-0.203554703302
-1.30002941615
-0.592146336927
-1.35984529987
0.968214344477
0.0284031736748
-0.616309453957
0.0735747168109
-0.792903647677
-0.742726370233
-0.595931104925
-0.614450927639
0.762047198785
-0.496611976491
0.68920557044
