4
0
3
2
1
136
0.463421228309
-0.932495831893
-0.870758912818
-2.43429528958
0.609441016146
-0.0583343451117
-2.15738241318
-0.84827949156
-2.57844535222
-0.999872372756
0.754413048404
-0.809763423848
-0.684677728661
0.562391595517
-4.7360754058
-1.31067967952
-0.837411651667
-6.8092608994
-0.13944076929
-0.0745259989056
0.688250861069
0.585179919123
0.530351784321
-0.202286945309
-0.930146248073
-1.00980760089
0.109425347102
-1.05066579005
-0.175448646768
0.726218463191
-0.189158269744
-0.949063906922
0.53394364702
-5.32996639491
0.213506590056
-3.40387902799
0.301400689657
-0.739974870194
-0.80343564338
-0.764192645933
-1.11204186591
-0.7733787248
-0.324414693666
0.0415432931858
-0.522989296816
-0.0211130156287
-0.850443385571
0.863405987368
-0.165657491786
0.383147237467
-0.989195569973
-0.522624269914
0.901421064186
-0.533691562302
0.805882634578
-0.0209096095442
-0.689011256193
-0.846228737968
-1.02708082376
-0.924092725043
0.103709344515
-0.431112178885
-0.245377415602
0.988794715144
0.480329211181
0.0488456217202
0.502330416622
-0.833332728795
0.0811891650167
-0.272347864334
0.936969249033
0.00161955702589
-0.446527506816
-0.374753515787
0.954820088541
0.547117762711
0.113740449207
-0.18643609908
0.393657325468
-0.959340351495
0.196005095155
0.218587001036
-0.798815142185
-0.196811798126
-0.615199753344
0.839200810418
-0.588906976457
0.36004666394
-0.226715386758
0.648681207503
0.107323226761
-0.31578805998
0.746959265214
0.268498324039
-0.730795488679
0.0284666998735
0.857381106424
-0.96696151283
-0.352328839456
0.541505280601
0.937917900707
0.399706784257
-0.721469932054
-0.00929741009032
0.488274111631
-0.518752095321
0.297410820044
0.272516633577
0.630920402018
0.178607484875
-0.181717074423
-0.473431949302
0.9242998649
0.789719600051
-0.407677454654
0.7517773568
-0.0729624821728
0.700882693596
-0.348166154628
0.546672726401
0.982642417422
0.704826412674
-0.690674661111
0.017440492585
-0.178753012592
0.968214344477
0.0284031736748
-0.616309453957
0.0735747168109
-0.792903647677
-0.742726370233
-0.531658014363
-0.614450927639
0.790667041666
-0.496611976491
0.68920557044
