4
0
3
2
1
136
0.367186639838
-2.23672775385
-1.02524075159
-4.47548156097
0.609441016146
-0.154568933583
-3.46161433517
-1.00276133034
-4.61963162362
-0.999872372756
0.754413048404
-0.809763423848
-0.684677728661
0.562391595517
-7.43570886039
-1.87795725361
-1.40468922576
-11.1524793108
-0.13944076929
-0.0745259989056
0.688250861069
0.585179919123
0.530351784321
-0.202286945309
-1.2213825026
-1.24279659764
0.0815679662286
-1.13930264867
-0.264085505995
0.637581603354
-0.189158269744
-0.949063906922
0.53394364702
-9.58454800347
0.213506590056
-5.2677910575
0.301400689657
-0.739974870194
-0.892072503826
-0.852829506986
-1.20067872756
-0.7733787248
-0.35938391777
0.0345893520591
-0.593004931336
-0.0211130156287
-0.850443385571
0.828424219395
-0.172611861255
0.313113701882
-0.989195569973
-0.522624269914
0.901421064186
-0.533691562302
0.805882634578
-0.052497583089
-0.689011256193
-0.846228737968
-1.14912346833
-0.924092725043
0.103709344515
-0.431112178885
-0.245377415602
0.988794715144
0.480329211181
0.0377303592772
0.496026162397
-0.833332728795
0.0811891650167
-0.272347864334
0.936969249033
0.00161955702589
-0.446527506816
-0.374753515787
0.954820088541
0.503675114549
0.103217292315
-0.251816528595
0.393657325468
-0.959340351495
0.152545714444
0.208059662309
-0.864214338004
-0.196811798126
-0.615199753344
0.839200810418
-0.588906976457
0.36004666394
-0.274022870382
0.648681207503
0.107323226761
-0.40763011791
0.746959265214
0.268498324039
-0.730795488679
0.0284666998735
0.857381106424
-0.96696151283
-0.354753730655
0.539527227107
0.937917900707
0.399706784257
-0.721469932054
-0.00929741009032
0.488274111631
-0.518752095321
0.297410820044
0.263574150592
0.568845933963
0.176487716881
-0.272501566468
-0.473431949302
0.915329693534
0.727481855013
-0.409803477991
0.660806488997
-0.0729624821728
0.700882693596
-0.348166154628
0.546672726401
0.982642417422
0.625770260356
-0.744608449446
-0.03653479019
-0.294066649971
0.968214344477
0.0284031736748
-0.616309453957
0.0735747168109
-0.792903647677
-0.742726370233
-0.53832599558
-0.614450927639
0.788947473393
-0.496611976491
0.68920557044
