4
0
3
2
1
136
-1.03074738216
-21.1824125272
-3.26929273428
-34.1263979259
0.609441016146
-1.55250295558
-22.4072991085
-3.24681331303
-34.2705479886
-0.999872372756
0.754413048404
-0.809763423848
-0.684677728661
0.562391595517
-46.6514369567
-10.1184104356
-9.64514240774
-74.2434489955
-0.13944076929
-0.0745259989056
0.688250861069
0.585179919123
0.530351784321
-0.202286945309
-5.45197230591
-4.62726844032
-0.3230971454
-2.42687345638
-1.55165631372
-0.649989204372
-0.189158269744
-0.949063906922
0.53394364702
-71.3879468805
0.213506590056
-32.3435658025
0.301400689657
-0.739974870194
-2.17964331156
-2.14040031472
-2.4882495353
-0.7733787248
-0.933669356975
-0.0725007486249
-1.71063660576
-0.0211130156287
-0.850443385571
0.254102350694
-0.279703654697
-0.804572309177
-0.989195569973
-0.522624269914
0.901421064186
-0.533691562302
0.805882634578
-0.558025055741
-0.689011256193
-0.846228737968
-3.07371745691
-0.924092725043
0.103709344515
-0.431112178885
-0.245377415602
0.988794715144
0.480329211181
-0.142634970432
0.392027441316
-0.833332728795
0.0811891650167
-0.272347864334
0.936969249033
0.00161955702589
-0.446527506816
-0.374753515787
0.954820088541
-0.212043687658
-0.072884917122
-1.29715322526
0.393657325468
-0.959340351495
-0.563223954408
0.0319455387811
-1.90960768084
-0.196811798126
-0.615199753344
0.839200810418
-0.588906976457
0.36004666394
-1.02968704352
0.648681207503
0.107323226761
-1.88372109182
0.746959265214
0.268498324039
-0.730795488679
0.0284666998735
0.857381106424
-0.96696151283
-0.391216909062
0.504347650562
0.937917900707
0.399706784257
-0.721469932054
-0.00929741009032
0.488274111631
-0.518752095321
0.297410820044
-0.366142502541
-2.20886435427
0.075499561086
-3.62561152962
-0.473431949302
0.285344084508
-2.05125027304
-0.510834111452
-2.69338720651
-0.0729624821728
0.700882693596
-0.348166154628
0.546672726401
0.982642417422
-2.38380330404
-2.71289357343
-2.00501149495
-4.12755793599
0.968214344477
0.0284031736748
-0.616309453957
0.0735747168109
-0.792903647677
-0.742726370233
-0.744454604476
-0.614450927639
0.687690614561
-0.496611976491
0.68920557044
