4
0
3
2
1
136
0.55205811241
0.268736935064
-0.728475355917
-0.554269308068
0.609441016146
0.0303025588713
-0.956148313663
-0.705995918511
-0.698418512964
-0.999872372756
0.754413048404
-0.809763423848
-0.684677728661
0.562391595517
-2.24961476624
-0.788190992327
-0.314922907963
-2.8096371787
-0.13944076929
-0.0745259989056
0.688250861069
0.585179919123
0.530351784321
-0.202286945309
-0.661905350611
-0.795237296759
0.135083454983
-0.969049614344
-0.0938324168979
0.807834747098
-0.189158269744
-0.949063906922
0.53394364702
-1.41188225706
0.213506590056
-1.68712220323
0.301400689657
-0.739974870194
-0.721819305562
-0.682576254329
-1.03042542064
-0.7733787248
-0.293789239645
0.0478496814278
-0.460841915377
-0.0211130156287
-0.850443385571
0.894045308057
-0.159350637829
0.445314396983
-0.989195569973
-0.522624269914
0.901421064186
-0.533691562302
0.805882634578
0.00702615181188
-0.689011256193
-0.846228737968
-0.917658506049
-0.924092725043
0.103709344515
-0.431112178885
-0.245377415602
0.988794715144
0.480329211181
0.0585979001624
0.507929425482
-0.833332728795
0.0811891650167
-0.272347864334
0.936969249033
0.00161955702589
-0.446527506816
-0.374753515787
0.954820088541
0.585178385578
0.122908934084
-0.128444140656
0.393657325468
-0.959340351495
0.23408409172
0.227760105295
-0.740802517771
-0.196811798126
-0.615199753344
0.839200810418
-0.588906976457
0.36004666394
-0.184770856455
0.648681207503
0.107323226761
-0.233920819413
0.746959265214
0.268498324039
-0.730795488679
0.0284666998735
0.857381106424
-0.96696151283
-0.350122813514
0.543200830323
0.937917900707
0.399706784257
-0.721469932054
-0.00929741009032
0.488274111631
-0.518752095321
0.297410820044
0.278036376388
0.672254342596
0.1800202687
-0.117168158014
-0.473431949302
0.92983313726
0.831145099179
-0.406261198741
0.816435941953
-0.0729624821728
0.700882693596
-0.348166154628
0.546672726401
0.982642417422
0.760178108663
-0.653377478206
0.0547623736847
-0.0927361267657
0.968214344477
0.0284031736748
-0.616309453957
0.0735747168109
-0.792903647677
-0.742726370233
-0.526633102536
-0.614450927639
0.791705972423
-0.496611976491
0.68920557044
