4
0
3
2
1
136
0.448226293287
-1.13842718744
-0.895150781734
-2.75658785869
0.609441016146
-0.0735292801333
-2.36331376875
-0.872671360477
-2.90073792134
-0.999872372756
0.754413048404
-0.809763423848
-0.684677728661
0.562391595517
-5.16233331889
-1.40024982277
-0.926981794921
-7.49503198483
-0.13944076929
-0.0745259989056
0.688250861069
0.585179919123
0.530351784321
-0.202286945309
-0.976130919802
-1.04659533311
0.10502681328
-1.06466098301
-0.18944384006
0.712223269569
-0.189158269744
-0.949063906922
0.53394364702
-6.00174232243
0.213506590056
-3.69818092738
0.301400689657
-0.739974870194
-0.817430837331
-0.778187840213
-1.12603706051
-0.7733787248
-0.329825535305
0.0404523507449
-0.533880834265
-0.0211130156287
-0.850443385571
0.857992987241
-0.166748507124
0.372252623154
-0.989195569973
-0.522624269914
0.901421064186
-0.533691562302
0.805882634578
-0.0258167416574
-0.689011256193
-0.846228737968
-1.04613992241
-0.924092725043
0.103709344515
-0.431112178885
-0.245377415602
0.988794715144
0.480329211181
0.0471242340451
0.501349972164
-0.833332728795
0.0811891650167
-0.272347864334
0.936969249033
0.00161955702589
-0.446527506816
-0.374753515787
0.954820088541
0.540395264025
0.112115680099
-0.196603450209
0.393657325468
-0.959340351495
0.189279726017
0.216961511666
-0.808985715661
-0.196811798126
-0.615199753344
0.839200810418
-0.588906976457
0.36004666394
-0.234071483706
0.648681207503
0.107323226761
-0.330096552284
0.746959265214
0.268498324039
-0.730795488679
0.0284666998735
0.857381106424
-0.96696151283
-0.352709807127
0.541202055675
0.937917900707
0.399706784257
-0.721469932054
-0.00929741009032
0.488274111631
-0.518752095321
0.297410820044
0.271355618341
0.622524885668
0.17832080253
-0.194389352402
-0.473431949302
0.923135639775
0.781303634315
-0.407964915004
0.739081209158
-0.0729624821728
0.700882693596
-0.348166154628
0.546672726401
0.982642417422
0.693870536483
-0.698108625602
0.0100011669925
-0.195204425487
0.968214344477
0.0284031736748
-0.616309453957
0.0735747168109
-0.792903647677
-0.742726370233
-0.53261566162
-0.614450927639
0.790445691771
-0.496611976491
0.68920557044
