4
0
3
2
1
136
-0.567301863999
-14.9015061621
-2.52534071828
-24.2964745658
0.609441016146
-1.08905743742
-16.1263927434
-2.50286129703
-24.4406246284
-0.999872372756
0.754413048404
-0.809763423848
-0.684677728661
0.562391595517
-33.6505705769
-7.38652106547
-6.91325303762
-53.3274210013
-0.13944076929
-0.0745259989056
0.688250861069
0.585179919123
0.530351784321
-0.202286945309
-4.04943981677
-3.505242449
-0.188941863828
-2.00001574229
-1.12479859962
-0.223131490275
-0.189158269744
-0.949063906922
0.53394364702
-50.8987766006
0.213506590056
-23.3673578707
0.301400689657
-0.739974870194
-1.75278559746
-1.71354260062
-2.06139182121
-0.7733787248
-0.738967932502
-0.0363200716837
-1.33328002761
-0.0211130156287
-0.850443385571
0.448804782435
-0.243522848167
-0.427213969589
-0.989195569973
-0.522624269914
0.901421064186
-0.533691562302
0.805882634578
-0.387511472296
-0.689011256193
-0.846228737968
-2.42184974621
-0.924092725043
0.103709344515
-0.431112178885
-0.245377415602
0.988794715144
0.480329211181
-0.0817237129782
0.427809939827
-0.833332728795
0.0811891650167
-0.272347864334
0.936969249033
0.00161955702589
-0.446527506816
-0.374753515787
0.954820088541
0.0310550336854
-0.0127294635224
-0.944161421502
0.393657325468
-0.959340351495
-0.320123477709
0.0921014188245
-1.556614069
-0.196811798126
-0.615199753344
0.839200810418
-0.588906976457
0.36004666394
-0.774490657204
0.648681207503
0.107323226761
-1.38084090976
0.746959265214
0.268498324039
-0.730795488679
0.0284666998735
0.857381106424
-0.96696151283
-0.379034727604
0.516493592157
0.937917900707
0.399706784257
-0.721469932054
-0.00929741009032
0.488274111631
-0.518752095321
0.297410820044
-0.134419933546
-1.20880401571
0.112087321657
-2.43041800961
-0.473431949302
0.517066655889
-1.05118989073
-0.474246350354
-1.49819362604
-0.0729624821728
0.700882693596
-0.348166154628
0.546672726401
0.982642417422
-1.31056768508
-2.01772542168
-1.30984334272
-2.76301227097
0.968214344477
0.0284031736748
-0.616309453957
0.0735747168109
-0.792903647677
-0.742726370233
-0.6712807641
-0.614450927639
0.724278414892
-0.496611976491
0.68920557044
