4
0
3
2
1
136
-1.08646214391
-21.9374941667
-3.35872958867
-35.3081373463
0.609441016146
-1.60821771733
-23.162380748
-3.33625016741
-35.4522874089
-0.999872372756
0.754413048404
-0.809763423848
-0.684677728661
0.562391595517
-48.2143826417
-10.4468342943
-9.97356626644
-76.7579441642
-0.13944076929
-0.0745259989056
0.688250861069
0.585179919123
0.530351784321
-0.202286945309
-5.62058276909
-4.76215681087
-0.339225102748
-2.47818968431
-1.60297254164
-0.701305432296
-0.189158269744
-0.949063906922
0.53394364702
-73.8511258213
0.213506590056
-33.4226727669
0.301400689657
-0.739974870194
-2.23095953948
-2.19171654264
-2.53956576323
-0.7733787248
-0.957107701697
-0.0768679287739
-1.75605639598
-0.0211130156287
-0.850443385571
0.230663964075
-0.284070843439
-0.849992175388
-0.989195569973
-0.522624269914
0.901421064186
-0.533691562302
0.805882634578
-0.578542451511
-0.689011256193
-0.846228737968
-3.15236961228
-0.924092725043
0.103709344515
-0.431112178885
-0.245377415602
0.988794715144
0.480329211181
-0.149963419575
0.387692832987
-0.833332728795
0.0811891650167
-0.272347864334
0.936969249033
0.00161955702589
-0.446527506816
-0.374753515787
0.954820088541
-0.241322381552
-0.0801484104647
-1.33964054474
0.393657325468
-0.959340351495
-0.59250273308
0.0246820186706
-1.95209507976
-0.196811798126
-0.615199753344
0.839200810418
-0.588906976457
0.36004666394
-1.0604161665
0.648681207503
0.107323226761
-1.94450282023
0.746959265214
0.268498324039
-0.730795488679
0.0284666998735
0.857381106424
-0.96696151283
-0.392682424679
0.502883533068
0.937917900707
0.399706784257
-0.721469932054
-0.00929741009032
0.488274111631
-0.518752095321
0.297410820044
-0.393999883253
-2.32909092
0.0711010272887
-3.76929691537
-0.473431949302
0.257486703793
-2.17147683892
-0.51523264525
-2.83707259261
-0.0729624821728
0.700882693596
-0.348166154628
0.546672726401
0.982642417422
-2.5128269346
-2.79646571596
-2.08858363747
-4.29169723815
0.968214344477
0.0284031736748
-0.616309453957
0.0735747168109
-0.792903647677
-0.742726370233
-0.753251664209
-0.614450927639
0.683292080739
-0.496611976491
0.68920557044
