4
0
3
2
1
136
0.519135989531
-0.177414779839
-0.781322164472
-1.25255597768
0.609441016146
-0.00261958384554
-1.40230134051
-0.758842742751
-1.39670603415
-0.999872372756
0.754413048404
-0.809763423848
-0.684677728661
0.562391595517
-3.1731305498
-0.982255869572
-0.508987840998
-4.29480366616
-0.13944076929
-0.0745259989056
0.688250861069
0.585179919123
0.530351784321
-0.202286945309
-0.761535834919
-0.874920392893
0.125553304445
-0.99935374292
-0.124136589898
0.777530529776
-0.189158269744
-0.949063906922
0.53394364702
-2.86681710476
0.213506590056
-2.324772084
0.301400689657
-0.739974870194
-0.752123567103
-0.712880559985
-1.06072977031
-0.7733787248
-0.304969220457
0.0455191239572
-0.483636467883
-0.0211130156287
-0.850443385571
0.882859930453
-0.161681376386
0.422512141415
-0.989195569973
-0.522624269914
0.901421064186
-0.533691562302
0.805882634578
-0.00320595474556
-0.689011256193
-0.846228737968
-0.957937552787
-0.924092725043
0.103709344515
-0.431112178885
-0.245377415602
0.988794715144
0.480329211181
0.0550360910375
0.505874345659
-0.833332728795
0.0811891650167
-0.272347864334
0.936969249033
0.00161955702589
-0.446527506816
-0.374753515787
0.954820088541
0.571281284318
0.119567654839
-0.149710003278
0.393657325468
-0.959340351495
0.220179851923
0.224417030832
-0.762076418546
-0.196811798126
-0.615199753344
0.839200810418
-0.588906976457
0.36004666394
-0.200148859545
0.648681207503
0.107323226761
-0.263998268451
0.746959265214
0.268498324039
-0.730795488679
0.0284666998735
0.857381106424
-0.96696151283
-0.350938789967
0.542586004706
0.937917900707
0.399706784257
-0.721469932054
-0.00929741009032
0.488274111631
-0.518752095321
0.297410820044
0.276201347086
0.658250165452
0.179541293579
-0.139464343059
-0.473431949302
0.927993932235
0.817111675762
-0.406741281532
0.794104148109
-0.0729624821728
0.700882693596
-0.348166154628
0.546672726401
0.982642417422
0.741148170911
-0.666147210421
0.0419846185145
-0.122899180689
0.968214344477
0.0284031736748
-0.616309453957
0.0735747168109
-0.792903647677
-0.742726370233
-0.528397225495
-0.614450927639
0.791363386681
-0.496611976491
0.68920557044
