4
0
3
2
1
136
-0.74710859509
-17.3383605442
-2.81397783925
-28.1102699678
0.609441016146
-1.26886416851
-18.5632471255
-2.79149841799
-28.2544200305
-0.999872372756
0.754413048404
-0.809763423848
-0.684677728661
0.562391595517
-38.6946225603
-8.44643442765
-7.9731663998
-61.4423826821
-0.13944076929
-0.0745259989056
0.688250861069
0.585179919123
0.530351784321
-0.202286945309
-4.59359176611
-3.94056400848
-0.240991180722
-2.16562720513
-1.29041006247
-0.388742953121
-0.189158269744
-0.949063906922
0.53394364702
-58.8481268185
0.213506590056
-26.849930347
0.301400689657
-0.739974870194
-1.91839706031
-1.87915406347
-2.22700328405
-0.7733787248
-0.814427726742
-0.0503201539235
-1.47954795904
-0.0211130156287
-0.850443385571
0.373344391433
-0.257522996628
-0.57348293071
-0.989195569973
-0.522624269914
0.901421064186
-0.533691562302
0.805882634578
-0.453618713435
-0.689011256193
-0.846228737968
-2.67414773644
-0.924092725043
0.103709344515
-0.431112178885
-0.245377415602
0.988794715144
0.480329211181
-0.105340428011
0.413996147799
-0.833332728795
0.0811891650167
-0.272347864334
0.936969249033
0.00161955702589
-0.446527506816
-0.374753515787
0.954820088541
-0.0631312845918
-0.0360014008507
-1.08098556982
0.393657325468
-0.959340351495
-0.414310795253
0.068829254819
-1.69343927084
-0.196811798126
-0.615199753344
0.839200810418
-0.588906976457
0.36004666394
-0.873385229188
0.648681207503
0.107323226761
-1.57527009215
0.746959265214
0.268498324039
-0.730795488679
0.0284666998735
0.857381106424
-0.96696151283
-0.383758714299
0.511791370978
0.937917900707
0.399706784257
-0.721469932054
-0.00929741009032
0.488274111631
-0.518752095321
0.297410820044
-0.224323123823
-1.59680265585
0.0978920939586
-2.89412348635
-0.473431949302
0.427163463412
-1.43918856861
-0.488441578544
-1.96189915303
-0.0729624821728
0.700882693596
-0.348166154628
0.546672726401
0.982642417422
-1.72695661838
-2.28743540187
-1.57955332335
-3.2921957352
0.968214344477
0.0284031736748
-0.616309453957
0.0735747168109
-0.792903647677
-0.742726370233
-0.699669817794
-0.614450927639
0.710083150231
-0.496611976491
0.68920557044
