4
0
3
2
1
136
-0.0101542465354
-7.35068976694
-1.63097217446
-12.4790803624
0.609441016146
-0.531909819956
-8.57557634825
-1.6084927532
-12.623230425
-0.999872372756
0.754413048404
-0.809763423848
-0.684677728661
0.562391595517
-18.0211137269
-4.10228247845
-3.6290144506
-28.1824693144
-0.13944076929
-0.0745259989056
0.688250861069
0.585179919123
0.530351784321
-0.202286945309
-2.36333518501
-2.15635874358
-0.0276622903524
-1.48685346304
-0.611636320376
0.290030788968
-0.189158269744
-0.949063906922
0.53394364702
-26.2669871929
0.213506590056
-12.576288226
0.301400689657
-0.739974870194
-1.23962331822
-1.20038032138
-1.54822954196
-0.7733787248
-0.507637715398
0.00650864008045
-0.884160641367
-0.0211130156287
-0.850443385571
0.68014360477
-0.200693612479
0.0219189463503
-0.989195569973
-0.522624269914
0.901421064186
-0.533691562302
0.805882634578
-0.184305866006
-0.689011256193
-0.846228737968
-1.65029837696
-0.924092725043
0.103709344515
-0.431112178885
-0.245377415602
0.988794715144
0.480329211181
-0.0091344961657
0.46958387148
-0.833332728795
0.0811891650167
-0.272347864334
0.936969249033
0.00161955702589
-0.446527506816
-0.374753515787
0.954820088541
0.319367797301
0.0582021134354
-0.524030472382
0.393657325468
-0.959340351495
-0.0317981253696
0.163035730261
-1.13646916467
-0.196811798126
-0.615199753344
0.839200810418
-0.588906976457
0.36004666394
-0.470902038313
0.648681207503
0.107323226761
-0.788612427482
0.746959265214
0.268498324039
-0.730795488679
0.0284666998735
0.857381106424
-0.96696151283
-0.364458700537
0.530759594516
0.937917900707
0.399706784257
-0.721469932054
-0.00929741009032
0.488274111631
-0.518752095321
0.297410820044
0.143271166459
-0.0109896051706
0.155904084448
-0.998089926231
-0.473431949302
0.794768571116
0.146670542886
-0.430427601699
-0.0658178586979
-0.0729624821728
0.700882693596
-0.348166154628
0.546672726401
0.982642417422
-0.024293551249
-1.18301605965
-0.475130191896
-1.13363513411
0.968214344477
0.0284031736748
-0.616309453957
0.0735747168109
-0.792903647677
-0.742726370233
-0.583828670175
-0.614450927639
0.768189701686
-0.496611976491
0.68920557044
