4
0
3
2
1
136
0.0658204285733
-6.32103298578
-1.50901282757
-10.8676175165
0.609441016146
-0.455935144847
-7.54591956709
-1.48653340632
-11.0117675791
-0.999872372756
0.754413048404
-0.809763423848
-0.684677728661
0.562391595517
-15.8898241565
-3.65443176204
-3.18116373419
-24.7536122662
-0.13944076929
-0.0745259989056
0.688250861069
0.585179919123
0.530351784321
-0.202286945309
-2.13341182614
-1.97242005648
-0.00566962124212
-1.4168767886
-0.541659645934
0.36000746341
-0.189158269744
-0.949063906922
0.53394364702
-22.9081068192
0.213506590056
-11.104778729
0.301400689657
-0.739974870194
-1.16964664377
-1.13040364694
-1.47825286752
-0.7733787248
-0.476833108149
0.012245764101
-0.824091228907
-0.0211130156287
-0.850443385571
0.710951365332
-0.194956345213
0.0819930831812
-0.989195569973
-0.522624269914
0.901421064186
-0.533691562302
0.805882634578
-0.157098210474
-0.689011256193
-0.846228737968
-1.54726598135
-0.924092725043
0.103709344515
-0.431112178885
-0.245377415602
0.988794715144
0.480329211181
0.000571994854021
0.475080560459
-0.833332728795
0.0811891650167
-0.272347864334
0.936969249033
0.00161955702589
-0.446527506816
-0.374753515787
0.954820088541
0.357693989718
0.0675930464013
-0.467844711676
0.393657325468
-0.959340351495
0.0065324649977
0.172427665031
-1.08027848489
-0.196811798126
-0.615199753344
0.839200810418
-0.588906976457
0.36004666394
-0.43028584301
0.648681207503
0.107323226761
-0.709932684904
0.746959265214
0.268498324039
-0.730795488679
0.0284666998735
0.857381106424
-0.96696151283
-0.362486988919
0.532620253357
0.937917900707
0.399706784257
-0.721469932054
-0.00929741009032
0.488274111631
-0.518752095321
0.297410820044
0.179230885561
0.145145320762
0.161576905104
-0.810177784898
-0.473431949302
0.830750930078
0.302884557133
-0.424751243657
0.122176044877
-0.0729624821728
0.700882693596
-0.348166154628
0.546672726401
0.982642417422
0.144647181372
-1.07169213305
-0.363796841827
-0.920633935652
0.968214344477
0.0284031736748
-0.616309453957
0.0735747168109
-0.792903647677
-0.742726370233
-0.57247651929
-0.614450927639
0.773989811098
-0.496611976491
0.68920557044
