4
0
3
2
1
136
-0.853473140242
-18.7798800378
-2.98472092488
-30.3663179521
0.609441016146
-1.37522871366
-20.0047666191
-2.96224150363
-30.5104680148
-0.999872372756
0.754413048404
-0.809763423848
-0.684677728661
0.562391595517
-41.6784279589
-9.07342543063
-8.60015740277
-66.2427825496
-0.13944076929
-0.0745259989056
0.688250861069
0.585179919123
0.530351784321
-0.202286945309
-4.91548446854
-4.19807817042
-0.271780917476
-2.26359454935
-1.38837740668
-0.48671029734
-0.189158269744
-0.949063906922
0.53394364702
-63.5505593417
0.213506590056
-28.9100436428
0.301400689657
-0.739974870194
-2.01636440452
-1.97712140769
-2.32497062827
-0.7733787248
-0.859122917983
-0.0586262478575
-1.56617089347
-0.0211130156287
-0.850443385571
0.328648995338
-0.265829118917
-0.660106227366
-0.989195569973
-0.522624269914
0.901421064186
-0.533691562302
0.805882634578
-0.492759207806
-0.689011256193
-0.846228737968
-2.82379818063
-0.924092725043
0.103709344515
-0.431112178885
-0.245377415602
0.988794715144
0.480329211181
-0.119322195439
0.405779601656
-0.833332728795
0.0811891650167
-0.272347864334
0.936969249033
0.00161955702589
-0.446527506816
-0.374753515787
0.954820088541
-0.118938489227
-0.0498118896961
-1.16201531538
0.393657325468
-0.959340351495
-0.470118365073
0.0550186753393
-1.77446938849
-0.196811798126
-0.615199753344
0.839200810418
-0.588906976457
0.36004666394
-0.931965924421
0.648681207503
0.107323226761
-1.6907242958
0.746959265214
0.268498324039
-0.730795488679
0.0284666998735
0.857381106424
-0.96696151283
-0.386554890241
0.509002529814
0.937917900707
0.399706784257
-0.721469932054
-0.00929741009032
0.488274111631
-0.518752095321
0.297410820044
-0.277505384731
-1.82632548776
0.0894948954043
-3.16843108303
-0.473431949302
0.373981202357
-1.66871140477
-0.496838777127
-2.23620675655
-0.0729624821728
0.700882693596
-0.348166154628
0.546672726401
0.982642417422
-1.97327379677
-2.44698221243
-1.73910013394
-3.60539413339
0.968214344477
0.0284031736748
-0.616309453957
0.0735747168109
-0.792903647677
-0.742726370233
-0.716464022792
-0.614450927639
0.701685949427
-0.496611976491
0.68920557044
