4
0
3
2
1
136
-1.05860476304
-21.5599533469
-3.31401116147
-34.7172676361
0.609441016146
-1.58036033646
-22.7848399282
-3.29153174022
-34.8614176987
-0.999872372756
0.754413048404
-0.809763423848
-0.684677728661
0.562391595517
-47.4329097992
-10.2826223649
-9.80935433709
-75.5006965798
-0.13944076929
-0.0745259989056
0.688250861069
0.585179919123
0.530351784321
-0.202286945309
-5.5362775375
-4.69471262559
-0.331161124074
-2.45253157035
-1.57731442768
-0.675647318334
-0.189158269744
-0.949063906922
0.53394364702
-72.6195363509
0.213506590056
-32.8831192847
0.301400689657
-0.739974870194
-2.20530142552
-2.16605842868
-2.51390764927
-0.7733787248
-0.945388086968
-0.074683986296
-1.73334574499
-0.0211130156287
-0.850443385571
0.242383598717
-0.281886896787
-0.827281488259
-0.989195569973
-0.522624269914
0.901421064186
-0.533691562302
0.805882634578
-0.568283515109
-0.689011256193
-0.846228737968
-3.11303791131
-0.924092725043
0.103709344515
-0.431112178885
-0.245377415602
0.988794715144
0.480329211181
-0.146299125402
0.38986080727
-0.833332728795
0.0811891650167
-0.272347864334
0.936969249033
0.00161955702589
-0.446527506816
-0.374753515787
0.954820088541
-0.2266822088
-0.0765160204736
-1.31839616474
0.393657325468
-0.959340351495
-0.577862519726
0.0283144216817
-1.93085066193
-0.196811798126
-0.615199753344
0.839200810418
-0.588906976457
0.36004666394
-1.04505076078
0.648681207503
0.107323226761
-1.91410514621
0.746959265214
0.268498324039
-0.730795488679
0.0284666998735
0.857381106424
-0.96696151283
-0.391949652154
0.503615644694
0.937917900707
0.399706784257
-0.721469932054
-0.00929741009032
0.488274111631
-0.518752095321
0.297410820044
-0.380071192882
-2.2689776354
0.0733002941899
-3.69745421942
-0.473431949302
0.271415394165
-2.11136355426
-0.513033378348
-2.76522989651
-0.0729624821728
0.700882693596
-0.348166154628
0.546672726401
0.982642417422
-2.44831511741
-2.75467964468
-2.0467975662
-4.20962610209
0.968214344477
0.0284031736748
-0.616309453957
0.0735747168109
-0.792903647677
-0.742726370233
-0.748853133806
-0.614450927639
0.68549134765
-0.496611976491
0.68920557044
