4
0
3
2
1
136
0.0784828744247
-6.14942352225
-1.48868626976
-10.5990403755
0.609441016146
-0.443272698996
-7.37431010357
-1.4662068485
-10.7431904381
-0.999872372756
0.754413048404
-0.809763423848
-0.684677728661
0.562391595517
-15.5346092281
-3.57978997597
-3.10652194812
-24.1821360915
-0.13944076929
-0.0745259989056
0.688250861069
0.585179919123
0.530351784321
-0.202286945309
-2.09509126633
-1.94176360863
-0.00200417639041
-1.40521400953
-0.529996866861
0.371670242484
-0.189158269744
-0.949063906922
0.53394364702
-22.3482934236
0.213506590056
-10.8595271461
0.301400689657
-0.739974870194
-1.1579838647
-1.11874086786
-1.46659008845
-0.7733787248
-0.471732176907
0.0131985271103
-0.814130821324
-0.0211130156287
-0.850443385571
0.716052907058
-0.194003555682
0.0919543981154
-0.989195569973
-0.522624269914
0.901421064186
-0.533691562302
0.805882634578
-0.152586514613
-0.689011256193
-0.846228737968
-1.53017497206
-0.924092725043
0.103709344515
-0.431112178885
-0.245377415602
0.988794715144
0.480329211181
0.00218067277591
0.475989754283
-0.833332728795
0.0811891650167
-0.272347864334
0.936969249033
0.00161955702589
-0.446527506816
-0.374753515787
0.954820088541
0.364038710277
0.0691465722733
-0.458528909502
0.393657325468
-0.959340351495
0.0128780314494
0.173981386025
-1.07096173627
-0.196811798126
-0.615199753344
0.839200810418
-0.588906976457
0.36004666394
-0.423550560835
0.648681207503
0.107323226761
-0.696895110787
0.746959265214
0.268498324039
-0.730795488679
0.0284666998735
0.857381106424
-0.96696151283
-0.362159019497
0.532926813078
0.937917900707
0.399706784257
-0.721469932054
-0.00929741009032
0.488274111631
-0.518752095321
0.297410820044
0.1849436443
0.170244439337
0.162483574353
-0.77981710083
-0.473431949302
0.836470082942
0.328005028323
-0.423843627877
0.152558841819
-0.0729624821728
0.700882693596
-0.348166154628
0.546672726401
0.982642417422
0.171957604594
-1.05354477243
-0.345646590278
-0.88617432769
0.968214344477
0.0284031736748
-0.616309453957
0.0735747168109
-0.792903647677
-0.742726370233
-0.5706426505
-0.614450927639
0.774925961982
-0.496611976491
0.68920557044
