4
0
3
2
1
136
0.397576509881
-1.8248650414
-0.976457012842
-3.8308964226
0.609441016146
-0.124179063539
-3.04975162271
-0.953977591586
-3.97504648525
-0.999872372756
0.754413048404
-0.809763423848
-0.684677728661
0.562391595517
-6.58319303225
-1.69881696704
-1.22554893919
-9.78093650049
-0.13944076929
-0.0745259989056
0.688250861069
0.585179919123
0.530351784321
-0.202286945309
-1.12941315905
-1.16922112282
0.0903650338728
-1.11131198628
-0.236094843593
0.665572265773
-0.189158269744
-0.949063906922
0.53394364702
-8.24099585456
0.213506590056
-4.6791872587
0.301400689657
-0.739974870194
-0.864081841389
-0.824838844532
-1.17268806509
-0.7733787248
-0.34816794292
0.0367965066165
-0.570638714104
-0.0211130156287
-0.850443385571
0.839643866053
-0.170404579883
0.335485166164
-0.989195569973
-0.522624269914
0.901421064186
-0.533691562302
0.805882634578
-0.0423969239111
-0.689011256193
-0.846228737968
-1.11025191627
-0.924092725043
0.103709344515
-0.431112178885
-0.245377415602
0.988794715144
0.480329211181
0.0412928891967
0.498040757513
-0.833332728795
0.0811891650167
-0.272347864334
0.936969249033
0.00161955702589
-0.446527506816
-0.374753515787
0.954820088541
0.517608321402
0.106598050718
-0.230925956988
0.393657325468
-0.959340351495
0.166483832962
0.211441643189
-0.84331826173
-0.196811798126
-0.615199753344
0.839200810418
-0.588906976457
0.36004666394
-0.258906245852
0.648681207503
0.107323226761
-0.378323435417
0.746959265214
0.268498324039
-0.730795488679
0.0284666998735
0.857381106424
-0.96696151283
-0.353984987168
0.540166312054
0.937917900707
0.399706784257
-0.721469932054
-0.00929741009032
0.488274111631
-0.518752095321
0.297410820044
0.266855713196
0.59094253915
0.177242537983
-0.240912143273
-0.473431949302
0.918622172118
0.749639511331
-0.409046305183
0.692464602282
-0.0729624821728
0.700882693596
-0.348166154628
0.546672726401
0.982642417422
0.653422014469
-0.72567452772
-0.0175856886245
-0.254569997343
0.968214344477
0.0284031736748
-0.616309453957
0.0735747168109
-0.792903647677
-0.742726370233
-0.536055148853
-0.614450927639
0.789581537222
-0.496611976491
0.68920557044
