4
0
3
2
1
136
-0.888927988626
-19.2603865357
-3.04163528676
-31.1183339469
0.609441016146
-1.41068356205
-20.485273117
-3.01915586551
-31.2624840095
-0.999872372756
0.754413048404
-0.809763423848
-0.684677728661
0.562391595517
-42.6730297585
-9.28242243162
-8.80915440377
-67.8429158388
-0.13944076929
-0.0745259989056
0.688250861069
0.585179919123
0.530351784321
-0.202286945309
-5.02278203601
-4.2839162244
-0.282044163061
-2.29625033076
-1.42103318809
-0.519366078746
-0.189158269744
-0.949063906922
0.53394364702
-65.1180368495
0.213506590056
-29.5967480747
0.301400689657
-0.739974870194
-2.04902018593
-2.00977718909
-2.35762640968
-0.7733787248
-0.874027641199
-0.0613982903471
-1.59505615204
-0.0211130156287
-0.850443385571
0.313744219797
-0.268601169496
-0.688991579373
-0.989195569973
-0.522624269914
0.901421064186
-0.533691562302
0.805882634578
-0.505809771204
-0.689011256193
-0.846228737968
-2.87373604524
-0.924092725043
0.103709344515
-0.431112178885
-0.245377415602
0.988794715144
0.480329211181
-0.123983955704
0.403034529813
-0.833332728795
0.0811891650167
-0.272347864334
0.936969249033
0.00161955702589
-0.446527506816
-0.374753515787
0.954820088541
-0.137551530336
-0.0544213662156
-1.18903547536
0.393657325468
-0.959340351495
-0.488731502669
0.0504091734406
-1.80148964479
-0.196811798126
-0.615199753344
0.839200810418
-0.588906976457
0.36004666394
-0.951502530249
0.648681207503
0.107323226761
-1.72927030279
0.746959265214
0.268498324039
-0.730795488679
0.0284666998735
0.857381106424
-0.96696151283
-0.387487146919
0.508072119578
0.937917900707
0.399706784257
-0.721469932054
-0.00929741009032
0.488274111631
-0.518752095321
0.297410820044
-0.295232807587
-1.90283321537
0.0866958286784
-3.25986710469
-0.473431949302
0.356253779485
-1.74521913302
-0.499637843856
-2.32764277936
-0.0729624821728
0.700882693596
-0.348166154628
0.546672726401
0.982642417422
-2.0553796484
-2.5001644842
-1.79228240572
-3.70981253885
0.968214344477
0.0284031736748
-0.616309453957
0.0735747168109
-0.792903647677
-0.742726370233
-0.722062125348
-0.614450927639
0.69888688246
-0.496611976491
0.68920557044
