4
0
3
2
1
136
-0.916785369499
-19.6379273554
-3.08635371396
-31.709203657
0.609441016146
-1.43854094292
-20.8628139367
-3.0638742927
-31.8533537197
-0.999872372756
0.754413048404
-0.809763423848
-0.684677728661
0.562391595517
-43.454502601
-9.44663436097
-8.97336633312
-69.1001634231
-0.13944076929
-0.0745259989056
0.688250861069
0.585179919123
0.530351784321
-0.202286945309
-5.1070872676
-4.35136040967
-0.290108141735
-2.32190844472
-1.44669130205
-0.545024192709
-0.189158269744
-0.949063906922
0.53394364702
-66.3496263199
0.213506590056
-30.136301557
0.301400689657
-0.739974870194
-2.07467829989
-2.03543530306
-2.38328452364
-0.7733787248
-0.885740307069
-0.0635773896857
-1.61775484641
-0.0211130156287
-0.850443385571
0.302031517306
-0.270780274775
-0.711690339367
-0.989195569973
-0.522624269914
0.901421064186
-0.533691562302
0.805882634578
-0.516064832931
-0.689011256193
-0.846228737968
-2.91299014897
-0.924092725043
0.103709344515
-0.431112178885
-0.245377415602
0.988794715144
0.480329211181
-0.127647090119
0.40087569486
-0.833332728795
0.0811891650167
-0.272347864334
0.936969249033
0.00161955702589
-0.446527506816
-0.374753515787
0.954820088541
-0.152179189621
-0.0580450054976
-1.21026854422
0.393657325468
-0.959340351495
-0.50335923051
0.0467855156147
-1.82272278143
-0.196811798126
-0.615199753344
0.839200810418
-0.588906976457
0.36004666394
-0.966855649364
0.648681207503
0.107323226761
-1.75957619216
0.746959265214
0.268498324039
-0.730795488679
0.0284666998735
0.857381106424
-0.96696151283
-0.388219692147
0.507340856874
0.937917900707
0.399706784257
-0.721469932054
-0.00929741009032
0.488274111631
-0.518752095321
0.297410820044
-0.309161497349
-1.96294645204
0.0844965618904
-3.33170972485
-0.473431949302
0.342325089714
-1.80533237005
-0.501837110645
-2.39948540019
-0.0729624821728
0.700882693596
-0.348166154628
0.546672726401
0.982642417422
-2.119891413
-2.54195055511
-1.83406847663
-3.79186117205
0.968214344477
0.0284031736748
-0.616309453957
0.0735747168109
-0.792903647677
-0.742726370233
-0.726460641124
-0.614450927639
0.696687615554
-0.496611976491
0.68920557044
