4
0
3
2
1
136
-0.174766042604
-9.58161279278
-1.89521742604
-15.9705831952
0.609441016146
-0.696521616025
-10.8064993741
-1.87273800479
-16.1147332579
-0.999872372756
0.754413048404
-0.809763423848
-0.684677728661
0.562391595517
-22.6389077963
-5.07262569735
-4.5993576695
-35.6116595855
-0.13944076929
-0.0745259989056
0.688250861069
0.585179919123
0.530351784321
-0.202286945309
-2.86150246258
-2.55489256564
-0.0753130734247
-1.638469591
-0.763252448334
0.13841466101
-0.189158269744
-0.949063906922
0.53394364702
-33.5445613361
0.213506590056
-15.7645588028
0.301400689657
-0.739974870194
-1.39123944617
-1.35199644934
-1.69984566992
-0.7733787248
-0.575264372798
-0.00602618191958
-1.01569211933
-0.0211130156287
-0.850443385571
0.612512444703
-0.213228667328
-0.109619434671
-0.989195569973
-0.522624269914
0.901421064186
-0.533691562302
0.805882634578
-0.243860641191
-0.689011256193
-0.846228737968
-1.8758751698
-0.924092725043
0.103709344515
-0.431112178885
-0.245377415602
0.988794715144
0.480329211181
-0.0304007316603
0.457467879852
-0.833332728795
0.0811891650167
-0.272347864334
0.936969249033
0.00161955702589
-0.446527506816
-0.374753515787
0.954820088541
0.23516775254
0.0375365181296
-0.647070482188
0.393657325468
-0.959340351495
-0.116004577002
0.142368720502
-1.25951632577
-0.196811798126
-0.615199753344
0.839200810418
-0.588906976457
0.36004666394
-0.559820145742
0.648681207503
0.107323226761
-0.961286842238
0.746959265214
0.268498324039
-0.730795488679
0.0284666998735
0.857381106424
-0.96696151283
-0.368748825706
0.526630041531
0.937917900707
0.399706784257
-0.721469932054
-0.00929741009032
0.488274111631
-0.518752095321
0.297410820044
0.0617832732922
-0.362279514131
0.143062065968
-1.4186243985
-0.473431949302
0.71327067753
-0.20466041652
-0.443271425637
-0.486394756878
-0.0729624821728
0.700882693596
-0.348166154628
0.546672726401
0.982642417422
-0.402019463529
-1.42898335825
-0.721101045648
-1.61072219524
0.968214344477
0.0284031736748
-0.616309453957
0.0735747168109
-0.792903647677
-0.742726370233
-0.609392183857
-0.614450927639
0.755264044288
-0.496611976491
0.68920557044
