4
0
3
2
1
136
-0.291260544438
-11.1604198572
-2.08222175793
-18.4414928923
0.609441016146
-0.813016117858
-12.3853064385
-2.05974233668
-18.5856429549
-0.999872372756
0.754413048404
-0.809763423848
-0.684677728661
0.562391595517
-25.9068851376
-5.75933012918
-5.28606210133
-40.8692403928
-0.13944076929
-0.0745259989056
0.688250861069
0.585179919123
0.530351784321
-0.202286945309
-3.21405161285
-2.83693188586
-0.10903516606
-1.74576715848
-0.870550015812
0.031117093532
-0.189158269744
-0.949063906922
0.53394364702
-38.6948445759
0.213506590056
-18.0208733649
0.301400689657
-0.739974870194
-1.49853701365
-1.45929401682
-1.8071432374
-0.7733787248
-0.623603227523
-0.0149669220882
-1.10954222437
-0.0211130156287
-0.850443385571
0.564171703987
-0.222169523963
-0.203472522459
-0.989195569973
-0.522624269914
0.901421064186
-0.533691562302
0.805882634578
-0.286331356205
-0.689011256193
-0.846228737968
-2.03696848348
-0.924092725043
0.103709344515
-0.431112178885
-0.245377415602
0.988794715144
0.480329211181
-0.0455736066186
0.448758971023
-0.833332728795
0.0811891650167
-0.272347864334
0.936969249033
0.00161955702589
-0.446527506816
-0.374753515787
0.954820088541
0.174935019284
0.0227276139824
-0.73486461335
0.393657325468
-0.959340351495
-0.17624007731
0.127559223876
-1.34731352812
-0.196811798126
-0.615199753344
0.839200810418
-0.588906976457
0.36004666394
-0.623255578586
0.648681207503
0.107323226761
-1.08487533543
0.746959265214
0.268498324039
-0.730795488679
0.0284666998735
0.857381106424
-0.96696151283
-0.371795453351
0.523651708393
0.937917900707
0.399706784257
-0.721469932054
-0.00929741009032
0.488274111631
-0.518752095321
0.297410820044
0.00359008010365
-0.613261219945
0.133877450302
-1.71865245797
-0.473431949302
0.655076803458
-0.45564601332
-0.452456190125
-0.786426889723
-0.0729624821728
0.700882693596
-0.348166154628
0.546672726401
0.982642417422
-0.671433371124
-1.60367238079
-0.895790267948
-1.95189475264
0.968214344477
0.0284031736748
-0.616309453957
0.0735747168109
-0.792903647677
-0.742726370233
-0.627721632021
-0.614450927639
0.746070645104
-0.496611976491
0.68920557044
