4
0
3
2
1
136
0.268419562196
-3.57528156936
-1.18378790255
-6.57038326067
0.609441016146
-0.253336011224
-4.80016815067
-1.16130848129
-6.71453332332
-0.999872372756
0.754413048404
-0.809763423848
-0.684677728661
0.562391595517
-10.206385302
-2.46016318494
-1.98689515709
-15.609993471
-0.13944076929
-0.0745259989056
0.688250861069
0.585179919123
0.530351784321
-0.202286945309
-1.52028286914
-1.48191689088
0.0529774963853
-1.23027232344
-0.35505518077
0.546611928575
-0.189158269744
-0.949063906922
0.53394364702
-13.9510924891
0.213506590056
-7.18075340361
0.301400689657
-0.739974870194
-0.983042178609
-0.943799181774
-1.29164840236
-0.7733787248
-0.396778322587
0.027351565617
-0.667094043374
-0.0211130156287
-0.850443385571
0.791019667809
-0.179850009258
0.239010021236
-0.989195569973
-0.522624269914
0.901421064186
-0.533691562302
0.805882634578
-0.0860015062644
-0.689011256193
-0.846228737968
-1.27731274818
-0.924092725043
0.103709344515
-0.431112178885
-0.245377415602
0.988794715144
0.480329211181
0.0258709586985
0.489340941271
-0.833332728795
0.0811891650167
-0.272347864334
0.936969249033
0.00161955702589
-0.446527506816
-0.374753515787
0.954820088541
0.457216744864
0.0919138386993
-0.321046394904
0.393657325468
-0.959340351495
0.106073693512
0.196752848644
-0.933459492363
-0.196811798126
-0.615199753344
0.839200810418
-0.588906976457
0.36004666394
-0.324115333163
0.648681207503
0.107323226761
-0.504584032692
0.746959265214
0.268498324039
-0.730795488679
0.0284666998735
0.857381106424
-0.96696151283
-0.357268529971
0.537367440389
0.937917900707
0.399706784257
-0.721469932054
-0.00929741009032
0.488274111631
-0.518752095321
0.297410820044
0.248237449285
0.474911640787
0.173262642362
-0.400150998748
-0.473431949302
0.899934692697
0.633272138723
-0.413039399173
0.532856045995
-0.0729624821728
0.700882693596
-0.348166154628
0.546672726401
0.982642417422
0.512814769749
-0.822318206583
-0.114308620097
-0.448670178728
0.968214344477
0.0284031736748
-0.616309453957
0.0735747168109
-0.792903647677
-0.742726370233
-0.547048593785
-0.614450927639
0.785997823536
-0.496611976491
0.68920557044
