4
0
3
2
1
136
0.159522527874
-5.05112295569
-1.35859629975
-8.88014667316
0.609441016146
-0.362233045546
-6.276009537
-1.33611687849
-9.0242967358
-0.999872372756
0.754413048404
-0.809763423848
-0.684677728661
0.562391595517
-13.2612336863
-3.10208254513
-2.62881451728
-20.5246885734
-0.13944076929
-0.0745259989056
0.688250861069
0.585179919123
0.530351784321
-0.202286945309
-1.84983968352
-1.74556234239
0.0214546706606
-1.33057222346
-0.45535508079
0.446312028555
-0.189158269744
-0.949063906922
0.53394364702
-18.7654876915
0.213506590056
-9.28991701599
0.301400689657
-0.739974870194
-1.08334207863
-1.04409908179
-1.39194830238
-0.7733787248
-0.439357716711
0.0192706230608
-0.750799089864
-0.0211130156287
-0.850443385571
0.748431947815
-0.187931269805
0.155292880631
-0.989195569973
-0.522624269914
0.901421064186
-0.533691562302
0.805882634578
-0.123900452299
-0.689011256193
-0.846228737968
-1.42142257788
-0.924092725043
0.103709344515
-0.431112178885
-0.245377415602
0.988794715144
0.480329211181
0.0124006290657
0.48175608887
-0.833332728795
0.0811891650167
-0.272347864334
0.936969249033
0.00161955702589
-0.446527506816
-0.374753515787
0.954820088541
0.404296154398
0.0789952601622
-0.399301970031
0.393657325468
-0.959340351495
0.0531417797414
0.183831548987
-1.01172774189
-0.196811798126
-0.615199753344
0.839200810418
-0.588906976457
0.36004666394
-0.380722577487
0.648681207503
0.107323226761
-0.61404094172
0.746959265214
0.268498324039
-0.730795488679
0.0284666998735
0.857381106424
-0.96696151283
-0.360065170565
0.534860631333
0.937917900707
0.399706784257
-0.721469932054
-0.00929741009032
0.488274111631
-0.518752095321
0.297410820044
0.21791747594
0.31963840046
0.16782981677
-0.597258254057
-0.473431949302
0.869507666123
0.477608112925
-0.418488334589
0.33533528773
-0.0729624821728
0.700882693596
-0.348166154628
0.546672726401
0.982642417422
0.336190841028
-0.943213166631
-0.235281654981
-0.678033280693
0.968214344477
0.0284031736748
-0.616309453957
0.0735747168109
-0.792903647677
-0.742726370233
-0.559538712629
-0.614450927639
0.780485735317
-0.496611976491
0.68920557044
