4
0
3
2
1
136
-0.66353645247
-16.2057380849
-2.67982255767
-26.3376608373
0.609441016146
-1.18529202589
-17.4306246662
-2.65734313641
-26.4818108999
-0.999872372756
0.754413048404
-0.809763423848
-0.684677728661
0.562391595517
-36.3502040328
-7.9537986396
-7.48053061175
-57.6706399291
-0.13944076929
-0.0745259989056
0.688250861069
0.585179919123
0.530351784321
-0.202286945309
-4.34067607135
-3.73823145266
-0.216799244701
-2.08865286325
-1.21343572058
-0.311768611235
-0.189158269744
-0.949063906922
0.53394364702
-55.1533584073
0.213506590056
-25.2312699003
0.301400689657
-0.739974870194
-1.84142271842
-1.80217972158
-2.15002894217
-0.7733787248
-0.779336228922
-0.0438059303976
-1.41153225766
-0.0211130156287
-0.850443385571
0.408436117559
-0.251008745646
-0.505466831455
-0.989195569973
-0.522624269914
0.901421064186
-0.533691562302
0.805882634578
-0.422881265119
-0.689011256193
-0.846228737968
-2.55676260708
-0.924092725043
0.103709344515
-0.431112178885
-0.245377415602
0.988794715144
0.480329211181
-0.0943598288201
0.420429805573
-0.833332728795
0.0811891650167
-0.272347864334
0.936969249033
0.00161955702589
-0.446527506816
-0.374753515787
0.954820088541
-0.0193253418605
-0.0251718383264
-1.01736147194
0.393657325468
-0.959340351495
-0.370504461686
0.0796589084489
-1.62981476551
-0.196811798126
-0.615199753344
0.839200810418
-0.588906976457
0.36004666394
-0.827395185213
0.648681207503
0.107323226761
-1.48477332748
0.746959265214
0.268498324039
-0.730795488679
0.0284666998735
0.857381106424
-0.96696151283
-0.381562514279
0.513979284485
0.937917900707
0.399706784257
-0.721469932054
-0.00929741009032
0.488274111631
-0.518752095321
0.297410820044
-0.182537086138
-1.41646411547
0.104489887296
-2.67859710724
-0.473431949302
0.46894950152
-1.25885001915
-0.481843785117
-1.74637276088
-0.0729624821728
0.700882693596
-0.348166154628
0.546672726401
0.982642417422
-1.53342256354
-2.16207720936
-1.45419513076
-3.04618632937
0.968214344477
0.0284031736748
-0.616309453957
0.0735747168109
-0.792903647677
-0.742726370233
-0.686474603808
-0.614450927639
0.716680950443
-0.496611976491
0.68920557044
