4
0
3
2
1
136
-0.909187901988
-19.5349616773
-3.07415777927
-31.5480573724
0.609441016146
-1.43094347541
-20.7598482586
-3.05167835801
-31.6922074351
-0.999872372756
0.754413048404
-0.809763423848
-0.684677728661
0.562391595517
-43.2413736439
-9.40184928933
-8.92858126148
-68.7572777183
-0.13944076929
-0.0745259989056
0.688250861069
0.585179919123
0.530351784321
-0.202286945309
-5.08409493171
-4.33296654096
-0.287908874824
-2.31491077728
-1.43969363461
-0.538026525264
-0.189158269744
-0.949063906922
0.53394364702
-66.0137382825
0.213506590056
-29.9891506073
0.301400689657
-0.739974870194
-2.06768063245
-2.02843763561
-2.3762868562
-0.7733787248
-0.88254579552
-0.0629829996947
-1.61156403732
-0.0211130156287
-0.850443385571
0.305226038477
-0.270185883198
-0.705499513013
-0.989195569973
-0.522624269914
0.901421064186
-0.533691562302
0.805882634578
-0.513267912854
-0.689011256193
-0.846228737968
-2.90228303128
-0.924092725043
0.103709344515
-0.431112178885
-0.245377415602
0.988794715144
0.480329211181
-0.126648027408
0.401464636885
-0.833332728795
0.0811891650167
-0.272347864334
0.936969249033
0.00161955702589
-0.446527506816
-0.374753515787
0.954820088541
-0.148189570188
-0.0570565786914
-1.20447746647
0.393657325468
-0.959340351495
-0.499369592973
0.0477739473636
-1.81693168583
-0.196811798126
-0.615199753344
0.839200810418
-0.588906976457
0.36004666394
-0.96266819143
0.648681207503
0.107323226761
-1.75130927307
0.746959265214
0.268498324039
-0.730795488679
0.0284666998735
0.857381106424
-0.96696151283
-0.388019902329
0.507540310576
0.937917900707
0.399706784257
-0.721469932054
-0.00929741009032
0.488274111631
-0.518752095321
0.297410820044
-0.305362763752
-1.94655193136
0.0850963619284
-3.31211628065
-0.473431949302
0.346123823313
-1.78893784928
-0.501237310607
-2.37989195583
-0.0729624821728
0.700882693596
-0.348166154628
0.546672726401
0.982642417422
-2.10229729365
-2.53055435394
-1.82267227545
-3.76948380965
0.968214344477
0.0284031736748
-0.616309453957
0.0735747168109
-0.792903647677
-0.742726370233
-0.725261045434
-0.614450927639
0.697287415619
-0.496611976491
0.68920557044
