4
0
3
2
1
136
-0.362170241206
-12.121432853
-2.19605048169
-19.9455248818
0.609441016146
-0.883925814626
-13.3463194343
-2.17357106044
-20.0896749445
-0.999872372756
0.754413048404
-0.809763423848
-0.684677728661
0.562391595517
-27.8960887367
-6.17732413116
-5.70405610331
-44.0695069711
-0.13944076929
-0.0745259989056
0.688250861069
0.585179919123
0.530351784321
-0.202286945309
-3.42864674781
-3.00860799382
-0.12956165723
-1.81107872129
-0.935861578625
-0.0341944692807
-0.189158269744
-0.949063906922
0.53394364702
-41.8297995914
0.213506590056
-19.3942822288
0.301400689657
-0.739974870194
-1.56384857646
-1.52460557963
-1.87245480021
-0.7733787248
-0.653152313316
-0.0204320918958
-1.16687310873
-0.0211130156287
-0.850443385571
0.534621814143
-0.227634750109
-0.260804705719
-0.989195569973
-0.522624269914
0.901421064186
-0.533691562302
0.805882634578
-0.312266515276
-0.689011256193
-0.846228737968
-2.13547096004
-0.924092725043
0.103709344515
-0.431112178885
-0.245377415602
0.988794715144
0.480329211181
-0.0548399315245
0.443414703772
-0.833332728795
0.0811891650167
-0.272347864334
0.936969249033
0.00161955702589
-0.446527506816
-0.374753515787
0.954820088541
0.138098091077
0.0136607111009
-0.788495784195
0.393657325468
-0.959340351495
-0.213078214292
0.11849206478
-1.40094603189
-0.196811798126
-0.615199753344
0.839200810418
-0.588906976457
0.36004666394
-0.662005980182
0.648681207503
0.107323226761
-1.16053700059
0.746959265214
0.268498324039
-0.730795488679
0.0284666998735
0.857381106424
-0.96696151283
-0.373652893172
0.521823616431
0.937917900707
0.399706784257
-0.721469932054
-0.00929741009032
0.488274111631
-0.518752095321
0.297410820044
-0.031857677781
-0.766203724657
0.128281044151
-1.90144998718
-0.473431949302
0.619628956325
-0.608589172399
-0.458052617203
-0.96922512127
-0.0729624821728
0.700882693596
-0.348166154628
0.546672726401
0.982642417422
-0.835576885433
-1.7100307739
-1.00214868438
-2.16001707936
0.968214344477
0.0284031736748
-0.616309453957
0.0735747168109
-0.792903647677
-0.742726370233
-0.638903534056
-0.614450927639
0.740472876303
-0.496611976491
0.68920557044
