4
0
3
2
1
136
-0.445742383825
-13.2540553122
-2.33020576327
-21.7181340123
0.609441016146
-0.967497957245
-14.4789418936
-2.30772634201
-21.862284075
-0.999872372756
0.754413048404
-0.809763423848
-0.684677728661
0.562391595517
-30.2405072642
-6.66995991922
-6.19669189136
-47.8412497242
-0.13944076929
-0.0745259989056
0.688250861069
0.585179919123
0.530351784321
-0.202286945309
-3.68156244257
-3.21094054964
-0.153753593251
-1.88805306318
-1.01283592051
-0.111168811167
-0.189158269744
-0.949063906922
0.53394364702
-45.5245680025
0.213506590056
-21.0129426755
0.301400689657
-0.739974870194
-1.64082291835
-1.60157992152
-1.9494291421
-0.7733787248
-0.688065124815
-0.0268922100829
-1.2345860295
-0.0211130156287
-0.850443385571
0.499708293616
-0.234094923475
-0.328518791191
-0.989195569973
-0.522624269914
0.901421064186
-0.533691562302
0.805882634578
-0.342890115508
-0.689011256193
-0.846228737968
-2.25191590354
-0.924092725043
0.103709344515
-0.431112178885
-0.245377415602
0.988794715144
0.480329211181
-0.0657814649678
0.437080759305
-0.833332728795
0.0811891650167
-0.272347864334
0.936969249033
0.00161955702589
-0.446527506816
-0.374753515787
0.954820088541
0.0945595678347
0.00293448916434
-0.851838425093
0.393657325468
-0.959340351495
-0.256617827126
0.107765611758
-1.46428986561
-0.196811798126
-0.615199753344
0.839200810418
-0.588906976457
0.36004666394
-0.7077749489
0.648681207503
0.107323226761
-1.25005953934
0.746959265214
0.268498324039
-0.730795488679
0.0284666998735
0.857381106424
-0.96696151283
-0.375844198804
0.519658296036
0.937917900707
0.399706784257
-0.721469932054
-0.00929741009032
0.488274111631
-0.518752095321
0.297410820044
-0.0736410994357
-0.946508325754
0.121683900264
-2.11694114411
-0.473431949302
0.577845501371
-0.788894069741
-0.46464976905
-1.18471660642
-0.0729624821728
0.700882693596
-0.348166154628
0.546672726401
0.982642417422
-1.02907838723
-1.8353868654
-1.12750478392
-2.40555212853
0.968214344477
0.0284031736748
-0.616309453957
0.0735747168109
-0.792903647677
-0.742726370233
-0.652091342321
-0.614450927639
0.733875187151
-0.496611976491
0.68920557044
