4
0
3
2
1
136
0.435563847436
-1.31003665086
-0.915477339445
-3.02516499965
0.609441016146
-0.0861917259848
-2.53492323217
-0.892997918188
-3.1693150623
-0.999872372756
0.754413048404
-0.809763423848
-0.684677728661
0.562391595517
-5.51754824713
-1.47489160884
-1.00162358099
-8.06650805593
-0.13944076929
-0.0745259989056
0.688250861069
0.585179919123
0.530351784321
-0.202286945309
-1.01445147961
-1.07725177978
0.101361368428
-1.07632370412
-0.201106561299
0.700560548195
-0.189158269744
-0.949063906922
0.53394364702
-6.56155568361
0.213506590056
-3.9434325102
0.301400689657
-0.739974870194
-0.82909355884
-0.789850561855
-1.13769978229
-0.7733787248
-0.334367848727
0.0395411460254
-0.543006301395
-0.0211130156287
-0.850443385571
0.85344892579
-0.16765977106
0.363124663731
-0.989195569973
-0.522624269914
0.901421064186
-0.533691562302
0.805882634578
-0.0299303068953
-0.689011256193
-0.846228737968
-1.06208545526
-0.924092725043
0.103709344515
-0.431112178885
-0.245377415602
0.988794715144
0.480329211181
0.045679569022
0.500528522111
-0.833332728795
0.0811891650167
-0.272347864334
0.936969249033
0.00161955702589
-0.446527506816
-0.374753515787
0.954820088541
0.534752088845
0.110750667905
-0.205123079406
0.393657325468
-0.959340351495
0.183634223794
0.215595916213
-0.817507956157
-0.196811798126
-0.615199753344
0.839200810418
-0.588906976457
0.36004666394
-0.240235755614
0.648681207503
0.107323226761
-0.342077811305
0.746959265214
0.268498324039
-0.730795488679
0.0284666998735
0.857381106424
-0.96696151283
-0.353027855
0.540946680252
0.937917900707
0.399706784257
-0.721469932054
-0.00929741009032
0.488274111631
-0.518752095321
0.297410820044
0.270327183966
0.615173427954
0.178069809169
-0.205375780257
-0.473431949302
0.922104260147
0.773933801017
-0.408216608581
0.728073485938
-0.0729624821728
0.700882693596
-0.348166154628
0.546672726401
0.982642417422
0.684350070955
-0.704580651958
0.00352436635505
-0.209365044064
0.968214344477
0.0284031736748
-0.616309453957
0.0735747168109
-0.792903647677
-0.742726370233
-0.53343856646
-0.614450927639
0.79024898407
-0.496611976491
0.68920557044
