4
0
3
2
1
136
-0.220350847669
-10.1994068615
-1.96839303417
-16.9374609028
0.609441016146
-0.74210642109
-11.4242934428
-1.94591361292
-17.0816109654
-0.999872372756
0.754413048404
-0.809763423848
-0.684677728661
0.562391595517
-23.9176815385
-5.34133612719
-4.86806809934
-37.6689738145
-0.13944076929
-0.0745259989056
0.688250861069
0.585179919123
0.530351784321
-0.202286945309
-2.9994564779
-2.6652557779
-0.0885086748908
-1.68045559567
-0.805238453
0.0964286563447
-0.189158269744
-0.949063906922
0.53394364702
-35.5598895604
0.213506590056
-16.647464501
0.301400689657
-0.739974870194
-1.43322545084
-1.393982454
-1.74183167459
-0.7733787248
-0.59414351226
-0.00951866364544
-1.05235765892
-0.0211130156287
-0.850443385571
0.593632468505
-0.216721198606
-0.146286288294
-0.989195569973
-0.522624269914
0.901421064186
-0.533691562302
0.805882634578
-0.260455491316
-0.689011256193
-0.846228737968
-1.93879109331
-0.924092725043
0.103709344515
-0.431112178885
-0.245377415602
0.988794715144
0.480329211181
-0.0363289765537
0.454071535797
-0.833332728795
0.0811891650167
-0.272347864334
0.936969249033
0.00161955702589
-0.446527506816
-0.374753515787
0.954820088541
0.211647759065
0.0317563240664
-0.681370043614
0.393657325468
-0.959340351495
-0.139525788828
0.136588264277
-1.29381724187
-0.196811798126
-0.615199753344
0.839200810418
-0.588906976457
0.36004666394
-0.584603723011
0.648681207503
0.107323226761
-1.00953112845
0.746959265214
0.268498324039
-0.730795488679
0.0284666998735
0.857381106424
-0.96696151283
-0.369940152892
0.525468922495
0.937917900707
0.399706784257
-0.721469932054
-0.00929741009032
0.488274111631
-0.518752095321
0.297410820044
0.0390237712465
-0.460419023897
0.139470627594
-1.53595553565
-0.473431949302
0.690510761181
-0.302802173783
-0.446862952873
-0.603728237287
-0.0729624821728
0.700882693596
-0.348166154628
0.546672726401
0.982642417422
-0.507379706572
-1.4973277088
-0.789445520638
-1.74407235914
0.968214344477
0.0284031736748
-0.616309453957
0.0735747168109
-0.792903647677
-0.742726370233
-0.616555145308
-0.614450927639
0.751667489871
-0.496611976491
0.68920557044
