4
0
3
2
1
136
-0.587561777361
-15.1760813037
-2.55786321079
-24.7261979914
0.609441016146
-1.10931735078
-16.4009678851
-2.53538378953
-24.870348054
-0.999872372756
0.754413048404
-0.809763423848
-0.684677728661
0.562391595517
-34.2189144624
-7.50594792318
-7.03267989533
-54.2417828809
-0.13944076929
-0.0745259989056
0.688250861069
0.585179919123
0.530351784321
-0.202286945309
-4.11075271247
-3.55429276556
-0.19480657559
-2.0186761888
-1.14345904614
-0.241791936792
-0.189158269744
-0.949063906922
0.53394364702
-51.7944780336
0.213506590056
-23.7597604032
0.301400689657
-0.739974870194
-1.77144604398
-1.73220304714
-2.08005226772
-0.7733787248
-0.747462224483
-0.0378945468552
-1.34974683019
-0.0211130156287
-0.850443385571
0.440310401457
-0.245097332225
-0.443680923763
-0.989195569973
-0.522624269914
0.901421064186
-0.533691562302
0.805882634578
-0.394955049844
-0.689011256193
-0.846228737968
-2.45022704409
-0.924092725043
0.103709344515
-0.431112178885
-0.245377415602
0.988794715144
0.480329211181
-0.0843830443938
0.426258978574
-0.833332728795
0.0811891650167
-0.272347864334
0.936969249033
0.00161955702589
-0.446527506816
-0.374753515787
0.954820088541
0.0204552442407
-0.015346146819
-0.959565127262
0.393657325468
-0.959340351495
-0.330723412161
0.0894847036794
-1.57201792974
-0.196811798126
-0.615199753344
0.839200810418
-0.588906976457
0.36004666394
-0.785622895246
0.648681207503
0.107323226761
-1.40269462741
0.746959265214
0.268498324039
-0.730795488679
0.0284666998735
0.857381106424
-0.96696151283
-0.379566770628
0.515964811447
0.937917900707
0.399706784257
-0.721469932054
-0.00929741009032
0.488274111631
-0.518752095321
0.297410820044
-0.144549842537
-1.25252156336
0.11048786615
-2.48266583611
-0.473431949302
0.5069367463
-1.09490744722
-0.475845805998
-1.55044146368
-0.0729624821728
0.700882693596
-0.348166154628
0.546672726401
0.982642417422
-1.35748413069
-2.04811525915
-1.34023318031
-2.82261639495
0.968214344477
0.0284031736748
-0.616309453957
0.0735747168109
-0.792903647677
-0.742726370233
-0.674479373635
-0.614450927639
0.722678949179
-0.496611976491
0.68920557044
