4
0
3
2
1
136
-0.676198898322
-16.3773475484
-2.70014911549
-26.6062379783
0.609441016146
-1.19795447174
-17.6022341297
-2.67766969423
-26.7503880409
-0.999872372756
0.754413048404
-0.809763423848
-0.684677728661
0.562391595517
-36.7054189612
-8.02844042566
-7.55517239781
-58.2421161038
-0.13944076929
-0.0745259989056
0.688250861069
0.585179919123
0.530351784321
-0.202286945309
-4.37899663116
-3.76888790051
-0.220464689552
-2.10031564232
-1.22509849965
-0.323431390308
-0.189158269744
-0.949063906922
0.53394364702
-55.713171803
0.213506590056
-25.4765214831
0.301400689657
-0.739974870194
-1.85308549749
-1.81384250066
-2.16169172124
-0.7733787248
-0.784651309273
-0.044792185441
-1.42183454263
-0.0211130156287
-0.850443385571
0.403120997882
-0.251995005187
-0.51576918457
-0.989195569973
-0.522624269914
0.901421064186
-0.533691562302
0.805882634578
-0.427537341934
-0.689011256193
-0.846228737968
-2.57453578258
-0.924092725043
0.103709344515
-0.431112178885
-0.245377415602
0.988794715144
0.480329211181
-0.0960231927267
0.4194563901
-0.833332728795
0.0811891650167
-0.272347864334
0.936969249033
0.00161955702589
-0.446527506816
-0.374753515787
0.954820088541
-0.0259597199893
-0.0268113276326
-1.02699857856
0.393657325468
-0.959340351495
-0.377138906214
0.078019403958
-1.63945194187
-0.196811798126
-0.615199753344
0.839200810418
-0.588906976457
0.36004666394
-0.834360874751
0.648681207503
0.107323226761
-1.49847148657
0.746959265214
0.268498324039
-0.730795488679
0.0284666998735
0.857381106424
-0.96696151283
-0.381895217943
0.513648013341
0.937917900707
0.399706784257
-0.721469932054
-0.00929741009032
0.488274111631
-0.518752095321
0.297410820044
-0.188868301114
-1.44378805506
0.103490222304
-2.71125252307
-0.473431949302
0.462618286444
-1.2861739607
-0.482843450131
-1.77902817943
-0.0729624821728
0.700882693596
-0.348166154628
0.546672726401
0.982642417422
-1.56274582034
-2.181070873
-1.47318879442
-3.08345543203
0.968214344477
0.0284031736748
-0.616309453957
0.0735747168109
-0.792903647677
-0.742726370233
-0.688473856322
-0.614450927639
0.715681283801
-0.496611976491
0.68920557044
