4
0
3
2
1
136
-1.09405961142
-22.0404598448
-3.37092552335
-35.4692836309
0.609441016146
-1.61581518484
-23.2653464261
-3.3484461021
-35.6134336935
-0.999872372756
0.754413048404
-0.809763423848
-0.684677728661
0.562391595517
-48.4275115987
-10.4916193659
-10.0183513381
-77.100829869
-0.13944076929
-0.0745259989056
0.688250861069
0.585179919123
0.530351784321
-0.202286945309
-5.64357510498
-4.78055067958
-0.341424369659
-2.48518735175
-1.60997020908
-0.70830309974
-0.189158269744
-0.949063906922
0.53394364702
-74.1870138587
0.213506590056
-33.5698237166
0.301400689657
-0.739974870194
-2.23795720692
-2.19871421009
-2.54656343067
-0.7733787248
-0.96030410327
-0.0774636675775
-1.7622504536
-0.0211130156287
-0.850443385571
0.227467557402
-0.284666583341
-0.856186242274
-0.989195569973
-0.522624269914
0.901421064186
-0.533691562302
0.805882634578
-0.581340419613
-0.689011256193
-0.846228737968
-3.16309832352
-0.924092725043
0.103709344515
-0.431112178885
-0.245377415602
0.988794715144
0.480329211181
-0.150962794661
0.387101342131
-0.833332728795
0.0811891650167
-0.272347864334
0.936969249033
0.00161955702589
-0.446527506816
-0.374753515787
0.954820088541
-0.245315425571
-0.0811392787181
-1.34543469932
0.393657325468
-0.959340351495
-0.596495787593
0.0236911469853
-1.95788924405
-0.196811798126
-0.615199753344
0.839200810418
-0.588906976457
0.36004666394
-1.06460701058
0.648681207503
0.107323226761
-1.9527953915
0.746959265214
0.268498324039
-0.730795488679
0.0284666998735
0.857381106424
-0.96696151283
-0.392882276506
0.502683849285
0.937917900707
0.399706784257
-0.721469932054
-0.00929741009032
0.488274111631
-0.518752095321
0.297410820044
-0.397798616995
-2.34548545264
0.0705012272241
-3.78889037879
-0.473431949302
0.253687970051
-2.18787137158
-0.515832445314
-2.85666605607
-0.0729624821728
0.700882693596
-0.348166154628
0.546672726401
0.982642417422
-2.53042106711
-2.80786191721
-2.09997983873
-4.31408075961
0.968214344477
0.0284031736748
-0.616309453957
0.0735747168109
-0.792903647677
-0.742726370233
-0.754451263561
-0.614450927639
0.682692280673
-0.496611976491
0.68920557044
