4
0
3
2
1
136
-0.878798031945
-19.1230989648
-3.02537404051
-30.9034722341
0.609441016146
-1.40055360536
-20.3479855462
-3.00289461926
-31.0476222967
-0.999872372756
0.754413048404
-0.809763423848
-0.684677728661
0.562391595517
-42.3888578158
-9.22270900276
-8.74944097491
-67.385734899
-0.13944076929
-0.0745259989056
0.688250861069
0.585179919123
0.530351784321
-0.202286945309
-4.99212558816
-4.25939106612
-0.27911180718
-2.2869201075
-1.41170296483
-0.510035855487
-0.189158269744
-0.949063906922
0.53394364702
-64.670186133
0.213506590056
-29.4005468085
0.301400689657
-0.739974870194
-2.03968996267
-2.00044696584
-2.34829618642
-0.7733787248
-0.869768873616
-0.060606119869
-1.58680274481
-0.0211130156287
-0.850443385571
0.318003001645
-0.267808996769
-0.680738146624
-0.989195569973
-0.522624269914
0.901421064186
-0.533691562302
0.805882634578
-0.50208087897
-0.689011256193
-0.846228737968
-2.85946552413
-0.924092725043
0.103709344515
-0.431112178885
-0.245377415602
0.988794715144
0.480329211181
-0.122651974767
0.403819131742
-0.833332728795
0.0811891650167
-0.272347864334
0.936969249033
0.00161955702589
-0.446527506816
-0.374753515787
0.954820088541
-0.132233046174
-0.0531040897197
-1.18131498281
0.393657325468
-0.959340351495
-0.48341299204
0.051726456976
-1.79376912591
-0.196811798126
-0.615199753344
0.839200810418
-0.588906976457
0.36004666394
-0.945920202928
0.648681207503
0.107323226761
-1.71825423311
0.746959265214
0.268498324039
-0.730795488679
0.0284666998735
0.857381106424
-0.96696151283
-0.387220779115
0.508337985494
0.937917900707
0.399706784257
-0.721469932054
-0.00929741009032
0.488274111631
-0.518752095321
0.297410820044
-0.290167829564
-1.88097386099
0.0874955620417
-3.23374252193
-0.473431949302
0.361318757512
-1.72335977848
-0.498838110492
-2.30151819631
-0.0729624821728
0.700882693596
-0.348166154628
0.546672726401
0.982642417422
-2.0319208297
-2.48496954937
-1.77708747088
-3.67997786352
0.968214344477
0.0284031736748
-0.616309453957
0.0735747168109
-0.792903647677
-0.742726370233
-0.720462666389
-0.614450927639
0.69968661588
-0.496611976491
0.68920557044
