4
0
3
2
1
136
0.101275276957
-5.84052648791
-1.45209846569
-10.1156015217
0.609441016146
-0.420480296463
-7.06541306922
-1.42961904444
-10.2597515843
-0.999872372756
0.754413048404
-0.809763423848
-0.684677728661
0.562391595517
-14.8952223569
-3.44543476105
-2.9721667332
-23.153478977
-0.13944076929
-0.0745259989056
0.688250861069
0.585179919123
0.530351784321
-0.202286945309
-2.02611425866
-1.8865820025
0.00459362434268
-1.3842210072
-0.509003864528
0.392663244816
-0.189158269744
-0.949063906922
0.53394364702
-21.3406293114
0.213506590056
-10.418074297
0.301400689657
-0.739974870194
-1.13699086237
-1.09774786553
-1.44559708612
-0.7733787248
-0.462577537342
0.0149108698279
-0.796243538085
-0.0211130156287
-0.850443385571
0.725208713432
-0.192291163163
0.109843410055
-0.989195569973
-0.522624269914
0.901421064186
-0.533691562302
0.805882634578
-0.144484216527
-0.689011256193
-0.846228737968
-1.49947502788
-0.924092725043
0.103709344515
-0.431112178885
-0.245377415602
0.988794715144
0.480329211181
0.00506881457284
0.477620933285
-0.833332728795
0.0811891650167
-0.272347864334
0.936969249033
0.00161955702589
-0.446527506816
-0.374753515787
0.954820088541
0.375424371808
0.07193352933
-0.441799816341
0.393657325468
-0.959340351495
0.0242653055877
0.176768717025
-1.05423083864
-0.196811798126
-0.615199753344
0.839200810418
-0.588906976457
0.36004666394
-0.411454752541
0.648681207503
0.107323226761
-0.673486987624
0.746959265214
0.268498324039
-0.730795488679
0.0284666998735
0.857381106424
-0.96696151283
-0.361569193371
0.533475782536
0.937917900707
0.399706784257
-0.721469932054
-0.00929741009032
0.488274111631
-0.518752095321
0.297410820044
0.194914331513
0.214433824391
0.164074747541
-0.726198224633
-0.473431949302
0.846454722672
0.372240390006
-0.42225043149
0.206225393115
-0.0729624821728
0.700882693596
-0.348166154628
0.546672726401
0.982642417422
0.220197283531
-1.02136006178
-0.313455272665
-0.825243140321
0.968214344477
0.0284031736748
-0.616309453957
0.0735747168109
-0.792903647677
-0.742726370233
-0.56739942423
-0.614450927639
0.776575133753
-0.496611976491
0.68920557044
