4
0
3
2
1
136
-0.395092600419
-12.5676174581
-2.24889953201
-20.6438254484
0.609441016146
-0.91684817384
-13.7925040395
-2.22642011075
-20.787975511
-0.999872372756
0.754413048404
-0.809763423848
-0.684677728661
0.562391595517
-28.8196475506
-6.37139277494
-5.89812474709
-45.5553450254
-0.13944076929
-0.0745259989056
0.688250861069
0.585179919123
0.530351784321
-0.202286945309
-3.52828020332
-3.08831475823
-0.139091813844
-1.84140194688
-0.966184804217
-0.0645176948723
-0.189158269744
-0.949063906922
0.53394364702
-43.28531442
0.213506590056
-20.0319363442
0.301400689657
-0.739974870194
-1.59417180206
-1.55492880522
-1.9027780258
-0.7733787248
-0.666895988241
-0.0229746768645
-1.19353146134
-0.0211130156287
-0.850443385571
0.520877832958
-0.230177358138
-0.287463558865
-0.989195569973
-0.522624269914
0.901421064186
-0.533691562302
0.805882634578
-0.32432392659
-0.689011256193
-0.846228737968
-2.1813010647
-0.924092725043
0.103709344515
-0.431112178885
-0.245377415602
0.988794715144
0.480329211181
-0.0591479484031
0.440923790358
-0.833332728795
0.0811891650167
-0.272347864334
0.936969249033
0.00161955702589
-0.446527506816
-0.374753515787
0.954820088541
0.120960688642
0.00943997774637
-0.813433653332
0.393657325468
-0.959340351495
-0.230216084056
0.114271232448
-1.42588441391
-0.196811798126
-0.615199753344
0.839200810418
-0.588906976457
0.36004666394
-0.68002481401
0.648681207503
0.107323226761
-1.19576131558
0.746959265214
0.268498324039
-0.730795488679
0.0284666998735
0.857381106424
-0.96696151283
-0.374515882675
0.520971840583
0.937917900707
0.399706784257
-0.721469932054
-0.00929741009032
0.488274111631
-0.518752095321
0.297410820044
-0.0483174135794
-0.837228705826
0.125682268019
-1.98633629577
-0.473431949302
0.603169202375
-0.67961430723
-0.460651397668
-1.05411159843
-0.0729624821728
0.700882693596
-0.348166154628
0.546672726401
0.982642417422
-0.911800933406
-1.75941313478
-1.05153104973
-2.25671630962
0.968214344477
0.0284031736748
-0.616309453957
0.0735747168109
-0.792903647677
-0.742726370233
-0.644097934227
-0.614450927639
0.737873806608
-0.496611976491
0.68920557044
