4
0
3
2
1
136
-0.157038618412
-9.34135954384
-1.8667602451
-15.5945751978
0.609441016146
-0.678794191832
-10.5662461252
-1.84428082385
-15.7387252605
-0.999872372756
0.754413048404
-0.809763423848
-0.684677728661
0.562391595517
-22.1416068965
-4.96812719685
-4.494859169
-34.8115929409
-0.13944076929
-0.0745259989056
0.688250861069
0.585179919123
0.530351784321
-0.202286945309
-2.80785367884
-2.51197353865
-0.0701814506323
-1.6221417003
-0.746924557631
0.154742551713
-0.189158269744
-0.949063906922
0.53394364702
-32.7608225822
0.213506590056
-15.4212065869
0.301400689657
-0.739974870194
-1.37491155547
-1.33566855864
-1.68351777922
-0.7733787248
-0.567937193457
-0.0046702745914
-1.0014569371
-0.0211130156287
-0.850443385571
0.619839989567
-0.211872739188
-0.0953836823098
-0.989195569973
-0.522624269914
0.901421064186
-0.533691562302
0.805882634578
-0.237416981398
-0.689011256193
-0.846228737968
-1.85145432549
-0.924092725043
0.103709344515
-0.431112178885
-0.245377415602
0.988794715144
0.480329211181
-0.0280990201078
0.458784327689
-0.833332728795
0.0811891650167
-0.272347864334
0.936969249033
0.00161955702589
-0.446527506816
-0.374753515787
0.954820088541
0.244294501269
0.0397786149851
-0.633753925745
0.393657325468
-0.959340351495
-0.106877299708
0.14461093178
-1.2461991808
-0.196811798126
-0.615199753344
0.839200810418
-0.588906976457
0.36004666394
-0.550197795524
0.648681207503
0.107323226761
-0.942569708117
0.746959265214
0.268498324039
-0.730795488679
0.0284666998735
0.857381106424
-0.96696151283
-0.368285861938
0.527079851548
0.937917900707
0.399706784257
-0.721469932054
-0.00929741009032
0.488274111631
-0.518752095321
0.297410820044
0.0706262426456
-0.324157098474
0.144457097861
-1.37303898723
-0.473431949302
0.722113907719
-0.166536676992
-0.441876339521
-0.440807970257
-0.0729624821728
0.700882693596
-0.348166154628
0.546672726401
0.982642417422
-0.3610838688
-1.40241362718
-0.694531233565
-1.55894070643
0.968214344477
0.0284031736748
-0.616309453957
0.0735747168109
-0.792903647677
-0.742726370233
-0.606611749165
-0.614450927639
0.756662080775
-0.496611976491
0.68920557044
