4
0
3
2
1
136
-0.640744049937
-15.8968410506
-2.64323475361
-25.8542219835
0.609441016146
-1.16249962336
-17.1217276319
-2.62075533235
-25.9983720462
-0.999872372756
0.754413048404
-0.809763423848
-0.684677728661
0.562391595517
-35.7108171617
-7.81944342467
-7.34617539682
-56.6419828146
-0.13944076929
-0.0745259989056
0.688250861069
0.585179919123
0.530351784321
-0.202286945309
-4.27169906368
-3.68304984653
-0.210201443968
-2.06765986091
-1.19244271825
-0.290775608902
-0.189158269744
-0.949063906922
0.53394364702
-54.1456942952
0.213506590056
-24.7898170512
0.301400689657
-0.739974870194
-1.82042971609
-1.78118671925
-2.12903593983
-0.7733787248
-0.769770934822
-0.0420313865821
-1.39299132592
-0.0211130156287
-0.850443385571
0.41800148731
-0.249234193403
-0.486925769033
-0.989195569973
-0.522624269914
0.901421064186
-0.533691562302
0.805882634578
-0.414501472207
-0.689011256193
-0.846228737968
-2.52478287971
-0.924092725043
0.103709344515
-0.431112178885
-0.245377415602
0.988794715144
0.480329211181
-0.0913661516436
0.422180635518
-0.833332728795
0.0811891650167
-0.272347864334
0.936969249033
0.00161955702589
-0.446527506816
-0.374753515787
0.954820088541
-0.0073863665255
-0.0222220598245
-1.00001763864
0.393657325468
-0.959340351495
-0.358565359522
0.0826087156965
-1.61247079854
-0.196811798126
-0.615199753344
0.839200810418
-0.588906976457
0.36004666394
-0.814859430146
0.648681207503
0.107323226761
-1.4601294809
0.746959265214
0.268498324039
-0.730795488679
0.0284666998735
0.857381106424
-0.96696151283
-0.380963701876
0.514575336696
0.937917900707
0.399706784257
-0.721469932054
-0.00929741009032
0.488274111631
-0.518752095321
0.297410820044
-0.171140903331
-1.36728112971
0.106289283298
-2.61981747961
-0.473431949302
0.480345684558
-1.20966702909
-0.480044389064
-1.68759312741
-0.0729624821728
0.700882693596
-0.348166154628
0.546672726401
0.982642417422
-1.48064080979
-2.12788861759
-1.42000653895
-2.97910700724
0.968214344477
0.0284031736748
-0.616309453957
0.0735747168109
-0.792903647677
-0.742726370233
-0.682875977469
-0.614450927639
0.718480350306
-0.496611976491
0.68920557044
