4
0
3
2
1
136
-1.13711192731
-22.6239320208
-3.44003581992
-36.3824459102
0.609441016146
-1.65886750073
-23.8488186021
-3.41755639867
-36.5265959729
-0.999872372756
0.754413048404
-0.809763423848
-0.684677728661
0.562391595517
-49.6352423553
-10.7454014386
-10.2721334107
-79.043848863
-0.13944076929
-0.0745259989056
0.688250861069
0.585179919123
0.530351784321
-0.202286945309
-5.77386500834
-4.88478260227
-0.353886882155
-2.5248408006
-1.64962365794
-0.747956548591
-0.189158269744
-0.949063906922
0.53394364702
-76.0903794038
0.213506590056
-34.4036790983
0.301400689657
-0.739974870194
-2.27761065578
-2.23836765894
-2.58621687952
-0.7733787248
-0.978418107007
-0.080840436842
-1.79735191593
-0.0211130156287
-0.850443385571
0.209353527208
-0.28804335852
-0.891287752679
-0.989195569973
-0.522624269914
0.901421064186
-0.533691562302
0.805882634578
-0.597196131958
-0.689011256193
-0.846228737968
-3.22390895286
-0.924092725043
0.103709344515
-0.431112178885
-0.245377415602
0.988794715144
0.480329211181
-0.156626081034
0.383747809704
-0.833332728795
0.0811891650167
-0.272347864334
0.936969249033
0.00161955702589
-0.446527506816
-0.374753515787
0.954820088541
-0.2679447007
-0.0867558853477
-1.37826996826
0.393657325468
-0.959340351495
-0.619125117893
0.0180745218062
-1.99072456354
-0.196811798126
-0.615199753344
0.839200810418
-0.588906976457
0.36004666394
-1.0883572528
0.648681207503
0.107323226761
-1.99980457465
0.746959265214
0.268498324039
-0.730795488679
0.0284666998735
0.857381106424
-0.96696151283
-0.394014805762
0.50155218298
0.937917900707
0.399706784257
-0.721469932054
-0.00929741009032
0.488274111631
-0.518752095321
0.297410820044
-0.419324774886
-2.43838780736
0.0671023601878
-3.89992001061
-0.473431949302
0.232161812159
-2.28077372636
-0.519231312351
-2.96769568805
-0.0729624821728
0.700882693596
-0.348166154628
0.546672726401
0.982642417422
-2.63012115466
-2.87244039102
-2.16455831254
-4.44092434675
0.968214344477
0.0284031736748
-0.616309453957
0.0735747168109
-0.792903647677
-0.742726370233
-0.761248994168
-0.614450927639
0.679293413628
-0.496611976491
0.68920557044
