4
0
3
2
1
136
-0.704056279195
-16.7548883682
-2.74486754268
-27.1971076885
0.609441016146
-1.22581185261
-17.9797749495
-2.72238812142
-27.3412577511
-0.999872372756
0.754413048404
-0.809763423848
-0.684677728661
0.562391595517
-37.4868918037
-8.19265235502
-7.71938432716
-59.4993636881
-0.13944076929
-0.0745259989056
0.688250861069
0.585179919123
0.530351784321
-0.202286945309
-4.46330186275
-3.83633208578
-0.228528668226
-2.12597375628
-1.25075661361
-0.34908950427
-0.189158269744
-0.949063906922
0.53394364702
-56.9447612733
0.213506590056
-26.0160749653
0.301400689657
-0.739974870194
-1.87874361145
-1.83950061462
-2.1873498352
-0.7733787248
-0.79634688199
-0.0469629103874
-1.44450369453
-0.0211130156287
-0.850443385571
0.391425344925
-0.254165739589
-0.538438476004
-0.989195569973
-0.522624269914
0.901421064186
-0.533691562302
0.805882634578
-0.43778218593
-0.689011256193
-0.846228737968
-2.61365284703
-0.924092725043
0.103709344515
-0.431112178885
-0.245377415602
0.988794715144
0.480329211181
-0.0996830769132
0.417313098708
-0.833332728795
0.0811891650167
-0.272347864334
0.936969249033
0.00161955702589
-0.446527506816
-0.374753515787
0.954820088541
-0.0405591446775
-0.0304199511363
-1.04820405133
0.393657325468
-0.959340351495
-0.391738467498
0.0744107488742
-1.66065755748
-0.196811798126
-0.615199753344
0.839200810418
-0.588906976457
0.36004666394
-0.84968866028
0.648681207503
0.107323226761
-1.52862476302
0.746959265214
0.268498324039
-0.730795488679
0.0284666998735
0.857381106424
-0.96696151283
-0.382627236831
0.512918911571
0.937917900707
0.399706784257
-0.721469932054
-0.00929741009032
0.488274111631
-0.518752095321
0.297410820044
-0.202796978354
-1.50390083999
0.101290958314
-2.7830945752
-0.473431949302
0.448689609038
-1.34628674909
-0.485042714156
-1.85087023646
-0.0729624821728
0.700882693596
-0.348166154628
0.546672726401
0.982642417422
-1.62725710725
-2.22285693588
-1.51497485733
-3.16545408295
0.968214344477
0.0284031736748
-0.616309453957
0.0735747168109
-0.792903647677
-0.742726370233
-0.692872243813
-0.614450927639
0.7134820171
-0.496611976491
0.68920557044
