4
0
3
2
1
136
-0.962370174564
-20.2557214241
-3.15952932209
-32.6760813646
0.609441016146
-1.48412574798
-21.4806080054
-3.13704990083
-32.8202314272
-0.999872372756
0.754413048404
-0.809763423848
-0.684677728661
0.562391595517
-44.7332763433
-9.71534479082
-9.24207676297
-71.1574776521
-0.13944076929
-0.0745259989056
0.688250861069
0.585179919123
0.530351784321
-0.202286945309
-5.24504128292
-4.46172362193
-0.303303743201
-2.36389444939
-1.48867730672
-0.587010197374
-0.189158269744
-0.949063906922
0.53394364702
-68.3649545441
0.213506590056
-31.0192072552
0.301400689657
-0.739974870194
-2.11666430456
-2.07742130772
-2.42527052831
-0.7733787248
-0.904909521416
-0.067145093261
-1.65490340547
-0.0211130156287
-0.850443385571
0.282862250468
-0.274347987347
-0.748838992841
-0.989195569973
-0.522624269914
0.901421064186
-0.533691562302
0.805882634578
-0.532847574049
-0.689011256193
-0.846228737968
-2.97725478094
-0.924092725043
0.103709344515
-0.431112178885
-0.245377415602
0.988794715144
0.480329211181
-0.133641837448
0.397339483403
-0.833332728795
0.0811891650167
-0.272347864334
0.936969249033
0.00161955702589
-0.446527506816
-0.374753515787
0.954820088541
-0.176120680285
-0.0639780140268
-1.24501850023
0.393657325468
-0.959340351495
-0.527300821191
0.0408524791013
-1.85747283517
-0.196811798126
-0.615199753344
0.839200810418
-0.588906976457
0.36004666394
-0.991984005434
0.648681207503
0.107323226761
-1.80920319867
0.746959265214
0.268498324039
-0.730795488679
0.0284666998735
0.857381106424
-0.96696151283
-0.389418500383
0.50614386927
0.937917900707
0.399706784257
-0.721469932054
-0.00929741009032
0.488274111631
-0.518752095321
0.297410820044
-0.33195389921
-2.06131359576
0.0808977616083
-3.44927041965
-0.473431949302
0.319532687844
-1.90369951419
-0.505435910929
-2.5170460958
-0.0729624821728
0.700882693596
-0.348166154628
0.546672726401
0.982642417422
-2.22545615057
-2.61032776231
-1.90244568383
-3.9261321262
0.968214344477
0.0284031736748
-0.616309453957
0.0735747168109
-0.792903647677
-0.742726370233
-0.733658221222
-0.614450927639
0.693088815158
-0.496611976491
0.68920557044
