4
0
3
2
1
136
0.577353734063
0.611013464332
-0.687851619705
-0.0178734832544
0.609441016146
0.0556006061691
-0.613823843262
-0.665371527181
-0.161973188313
-0.999872372756
0.754413048404
-0.809763423848
-0.684677728661
0.562391595517
-1.54025114005
-0.639043190622
-0.165773111549
-1.67371391132
-0.13944076929
-0.0745259989056
0.688250861069
0.585179919123
0.530351784321
-0.202286945309
-0.585340938216
-0.734168331525
0.142412835792
-0.945785094533
-0.0705677557154
0.831099549326
-0.189158269744
-0.949063906922
0.53394364702
-0.298483665654
0.213506590056
-1.19693325748
0.301400689657
-0.739974870194
-0.698554362613
-0.659311170982
-1.00716019722
-0.7733787248
-0.285356472247
0.0496324429621
-0.443555466396
-0.0211130156287
-0.850443385571
0.902482410436
-0.157567730486
0.462607043168
-0.989195569973
-0.522624269914
0.901421064186
-0.533691562302
0.805882634578
0.0147727570288
-0.689011256193
-0.846228737968
-0.886984053681
-0.924092725043
0.103709344515
-0.431112178885
-0.245377415602
0.988794715144
0.480329211181
0.0612855833441
0.509489834142
-0.833332728795
0.0811891650167
-0.272347864334
0.936969249033
0.00161955702589
-0.446527506816
-0.374753515787
0.954820088541
0.595663742163
0.125424537941
-0.11232031122
0.393657325468
-0.959340351495
0.244575172849
0.230277147383
-0.724672232794
-0.196811798126
-0.615199753344
0.839200810418
-0.588906976457
0.36004666394
-0.173114650401
0.648681207503
0.107323226761
-0.211064490592
0.746959265214
0.268498324039
-0.730795488679
0.0284666998735
0.857381106424
-0.96696151283
-0.349498086804
0.54366136917
0.937917900707
0.399706784257
-0.721469932054
-0.00929741009032
0.488274111631
-0.518752095321
0.297410820044
0.279309713308
0.6821279637
0.180358196862
-0.101163341133
-0.473431949302
0.931109181872
0.841038200029
-0.405922533044
0.832464851668
-0.0729624821728
0.700882693596
-0.348166154628
0.546672726401
0.982642417422
0.773776923872
-0.644289776616
0.0638554978598
-0.0707569403241
0.968214344477
0.0284031736748
-0.616309453957
0.0735747168109
-0.792903647677
-0.742726370233
-0.525347686756
-0.614450927639
0.791941779141
-0.496611976491
0.68920557044
