4
0
3
2
1
136
-1.0104874688
-20.9078373855
-3.23677024178
-33.6966745003
0.609441016146
-1.53224304222
-22.1327239668
-3.21429082052
-33.840824563
-0.999872372756
0.754413048404
-0.809763423848
-0.684677728661
0.562391595517
-46.0830930712
-9.99898357788
-9.52571555003
-73.329087116
-0.13944076929
-0.0745259989056
0.688250861069
0.585179919123
0.530351784321
-0.202286945309
-5.39065941021
-4.57821812376
-0.317232433638
-2.40821300987
-1.5329958672
-0.631328757854
-0.189158269744
-0.949063906922
0.53394364702
-70.4922454475
0.213506590056
-31.9511632699
0.301400689657
-0.739974870194
-2.16098286504
-2.1217398682
-2.46958908879
-0.7733787248
-0.925147249284
-0.0709134009781
-1.69412190488
-0.0211130156287
-0.850443385571
0.2626244758
-0.278116303674
-0.788057576767
-0.989195569973
-0.522624269914
0.901421064186
-0.533691562302
0.805882634578
-0.550564687948
-0.689011256193
-0.846228737968
-3.04512813525
-0.924092725043
0.103709344515
-0.431112178885
-0.245377415602
0.988794715144
0.480329211181
-0.139970227508
0.393602299823
-0.833332728795
0.0811891650167
-0.272347864334
0.936969249033
0.00161955702589
-0.446527506816
-0.374753515787
0.954820088541
-0.201398606797
-0.0702449538356
-1.28170480009
0.393657325468
-0.959340351495
-0.552578838978
0.0345855125571
-1.89415922283
-0.196811798126
-0.615199753344
0.839200810418
-0.588906976457
0.36004666394
-1.01851455673
0.648681207503
0.107323226761
-1.86163245468
0.746959265214
0.268498324039
-0.730795488679
0.0284666998735
0.857381106424
-0.96696151283
-0.39068402503
0.504879945576
0.937917900707
0.399706784257
-0.721469932054
-0.00929741009032
0.488274111631
-0.518752095321
0.297410820044
-0.356012545956
-2.16514560714
0.077099027915
-3.57336230548
-0.473431949302
0.295474041094
-2.00753152583
-0.509234644623
-2.6411379822
-0.0729624821728
0.700882693596
-0.348166154628
0.546672726401
0.982642417422
-2.33688562468
-2.68250370344
-1.97462162496
-4.06787400607
0.968214344477
0.0284031736748
-0.616309453957
0.0735747168109
-0.792903647677
-0.742726370233
-0.741255674917
-0.614450927639
0.689290081405
-0.496611976491
0.68920557044
