4
0
3
2
1
136
-0.648341517448
-15.9998067287
-2.65543068829
-26.0153682681
0.609441016146
-1.17009709087
-17.22469331
-2.63295126704
-26.1595183308
-0.999872372756
0.754413048404
-0.809763423848
-0.684677728661
0.562391595517
-35.9239461187
-7.86422849631
-7.39096046846
-56.9848685194
-0.13944076929
-0.0745259989056
0.688250861069
0.585179919123
0.530351784321
-0.202286945309
-4.29469139957
-3.70144371524
-0.212400710879
-2.07465752836
-1.19944038569
-0.297773276346
-0.189158269744
-0.949063906922
0.53394364702
-54.4815823326
0.213506590056
-24.9369680009
0.301400689657
-0.739974870194
-1.82742738353
-1.78818438669
-2.13603360728
-0.7733787248
-0.772959092875
-0.0426227973807
-1.39917116698
-0.0211130156287
-0.850443385571
0.41481330332
-0.24982560706
-0.493105654841
-0.989195569973
-0.522624269914
0.901421064186
-0.533691562302
0.805882634578
-0.417294566963
-0.689011256193
-0.846228737968
-2.53544104515
-0.924092725043
0.103709344515
-0.431112178885
-0.245377415602
0.988794715144
0.480329211181
-0.0923639879502
0.421597216746
-0.833332728795
0.0811891650167
-0.272347864334
0.936969249033
0.00161955702589
-0.446527506816
-0.374753515787
0.954820088541
-0.0113655974029
-0.0232051299211
-1.00579847982
0.393657325468
-0.959340351495
-0.362544633755
0.081625635809
-1.61825168548
-0.196811798126
-0.615199753344
0.839200810418
-0.588906976457
0.36004666394
-0.819037650388
0.648681207503
0.107323226761
-1.46834223394
0.746959265214
0.268498324039
-0.730795488679
0.0284666998735
0.857381106424
-0.96696151283
-0.38116329804
0.514376687462
0.937917900707
0.399706784257
-0.721469932054
-0.00929741009032
0.488274111631
-0.518752095321
0.297410820044
-0.174939630258
-1.38367544168
0.105689484792
-2.63941066992
-0.473431949302
0.476546957545
-1.22606134261
-0.480644187589
-1.70718631981
-0.0729624821728
0.700882693596
-0.348166154628
0.546672726401
0.982642417422
-1.49823471067
-2.13928481439
-1.43140273576
-3.00146603693
0.968214344477
0.0284031736748
-0.616309453957
0.0735747168109
-0.792903647677
-0.742726370233
-0.684075515174
-0.614450927639
0.717880550368
-0.496611976491
0.68920557044
