4
0
3
2
1
136
-0.947175239542
-20.0497900679
-3.13513745271
-32.3537887954
0.609441016146
-1.46893081296
-21.2746766492
-3.11265803145
-32.4979388581
-0.999872372756
0.754413048404
-0.809763423848
-0.684677728661
0.562391595517
-44.3070184292
-9.62577464753
-9.15250661968
-70.4717062424
-0.13944076929
-0.0745259989056
0.688250861069
0.585179919123
0.530351784321
-0.202286945309
-5.19905661115
-4.42493588451
-0.298905209379
-2.3498991145
-1.47468197183
-0.573014862485
-0.189158269744
-0.949063906922
0.53394364702
-67.6931784694
0.213506590056
-30.7249053558
0.301400689657
-0.739974870194
-2.10266896967
-2.06342597283
-2.41127519342
-0.7733787248
-0.898519392274
-0.0659556044301
-1.64251987757
-0.0211130156287
-0.850443385571
0.289252396155
-0.273158495612
-0.736455435145
-0.989195569973
-0.522624269914
0.901421064186
-0.533691562302
0.805882634578
-0.527253105585
-0.689011256193
-0.846228737968
-2.95582915231
-0.924092725043
0.103709344515
-0.431112178885
-0.245377415602
0.988794715144
0.480329211181
-0.131643521299
0.398518698422
-0.833332728795
0.0811891650167
-0.272347864334
0.936969249033
0.00161955702589
-0.446527506816
-0.374753515787
0.954820088541
-0.168139491426
-0.0619998875183
-1.23343454524
0.393657325468
-0.959340351495
-0.519319600563
0.0428306146318
-1.84588884929
-0.196811798126
-0.615199753344
0.839200810418
-0.588906976457
0.36004666394
-0.983607220967
0.648681207503
0.107323226761
-1.79265609514
0.746959265214
0.268498324039
-0.730795488679
0.0284666998735
0.857381106424
-0.96696151283
-0.389018884955
0.506542913382
0.937917900707
0.399706784257
-0.721469932054
-0.00929741009032
0.488274111631
-0.518752095321
0.297410820044
-0.324356431878
-2.02852454457
0.0820973617108
-3.41008351634
-0.473431949302
0.327130155179
-1.87091046288
-0.504236310826
-2.47785919226
-0.0729624821728
0.700882693596
-0.348166154628
0.546672726401
0.982642417422
-2.19026790111
-2.58753535988
-1.8796532814
-3.88137389759
0.968214344477
0.0284031736748
-0.616309453957
0.0735747168109
-0.792903647677
-0.742726370233
-0.731259026856
-0.614450927639
0.69428841529
-0.496611976491
0.68920557044
