4
0
3
2
1
136
-0.248208228543
-10.5769476812
-2.01311146137
-17.5283306129
0.609441016146
-0.769963801963
-11.8018342625
-1.99063204011
-17.6724806756
-0.999872372756
0.754413048404
-0.809763423848
-0.684677728661
0.562391595517
-24.699154381
-5.50554805654
-5.03228002869
-38.9262213988
-0.13944076929
-0.0745259989056
0.688250861069
0.585179919123
0.530351784321
-0.202286945309
-3.08376170949
-2.73269996317
-0.0965726535646
-1.70611370963
-0.830896566962
0.0707705423826
-0.189158269744
-0.949063906922
0.53394364702
-36.7914790307
0.213506590056
-17.1870179833
0.301400689657
-0.739974870194
-1.4588835648
-1.41964056797
-1.76748978855
-0.7733787248
-0.605704768043
-0.0116568960616
-1.07480316654
-0.0211130156287
-0.850443385571
0.582070767052
-0.218859458696
-0.168732501544
-0.989195569973
-0.522624269914
0.901421064186
-0.533691562302
0.805882634578
-0.27061287323
-0.689011256193
-0.846228737968
-1.9773185605
-0.924092725043
0.103709344515
-0.431112178885
-0.245377415602
0.988794715144
0.480329211181
-0.0399577910376
0.451988518476
-0.833332728795
0.0811891650167
-0.272347864334
0.936969249033
0.00161955702589
-0.446527506816
-0.374753515787
0.954820088541
0.197241697627
0.0282143746295
-0.702367204624
0.393657325468
-0.959340351495
-0.153932504811
0.133046174868
-1.31481512926
-0.196811798126
-0.615199753344
0.839200810418
-0.588906976457
0.36004666394
-0.599775087151
0.648681207503
0.107323226761
-1.03908969444
0.746959265214
0.268498324039
-0.730795488679
0.0284666998735
0.857381106424
-0.96696151283
-0.370668735098
0.524756488501
0.937917900707
0.399706784257
-0.721469932054
-0.00929741009032
0.488274111631
-0.518752095321
0.297410820044
0.0251062174083
-0.520445691817
0.137273939806
-1.60771077528
-0.473431949302
0.676593067009
-0.362829673457
-0.449059671847
-0.67548434934
-0.0729624821728
0.700882693596
-0.348166154628
0.546672726401
0.982642417422
-0.571812927175
-1.53910312955
-0.831220981751
-1.82567108242
0.968214344477
0.0284031736748
-0.616309453957
0.0735747168109
-0.792903647677
-0.742726370233
-0.620939333083
-0.614450927639
0.749468925743
-0.496611976491
0.68920557044
