4
0
3
2
1
136
0.0404955368704
-6.66425191283
-1.5496659432
-11.4047717984
0.609441016146
-0.48126003655
-7.88913849415
-1.52718652194
-11.5489218611
-0.999872372756
0.754413048404
-0.809763423848
-0.684677728661
0.562391595517
-16.6002540133
-3.80371533418
-3.33044730633
-25.8965646156
-0.13944076929
-0.0745259989056
0.688250861069
0.585179919123
0.530351784321
-0.202286945309
-2.21005294576
-2.03373295218
-0.0130005109455
-1.44020234675
-0.564985204082
0.336681905263
-0.189158269744
-0.949063906922
0.53394364702
-24.0277336104
0.213506590056
-11.5952818946
0.301400689657
-0.739974870194
-1.19297220192
-1.15372920509
-1.50157842567
-0.7733787248
-0.487065034529
0.0103372157303
-0.844058289877
-0.0211130156287
-0.850443385571
0.700718294377
-0.196864944274
0.0620243151474
-0.989195569973
-0.522624269914
0.901421064186
-0.533691562302
0.805882634578
-0.166142407643
-0.689011256193
-0.846228737968
-1.58152035234
-0.924092725043
0.103709344515
-0.431112178885
-0.245377415602
0.988794715144
0.480329211181
-0.00265362386345
0.473256037081
-0.833332728795
0.0811891650167
-0.272347864334
0.936969249033
0.00161955702589
-0.446527506816
-0.374753515787
0.954820088541
0.344965693113
0.0644755014745
-0.486520180315
0.393657325468
-0.959340351495
-0.00619742200441
0.169309755288
-1.09895573276
-0.196811798126
-0.615199753344
0.839200810418
-0.588906976457
0.36004666394
-0.443787255026
0.648681207503
0.107323226761
-0.736075336824
0.746959265214
0.268498324039
-0.730795488679
0.0284666998735
0.857381106424
-0.96696151283
-0.363143510988
0.532003942907
0.937917900707
0.399706784257
-0.721469932054
-0.00929741009032
0.488274111631
-0.518752095321
0.297410820044
0.167512529822
0.0940003298994
0.159724008528
-0.871882959571
-0.473431949302
0.819022374
0.251704854261
-0.426605687879
0.0604349588463
-0.0729624821728
0.700882693596
-0.348166154628
0.546672726401
0.982642417422
0.0891540450975
-1.10842056736
-0.400529693206
-0.990611199861
0.968214344477
0.0284031736748
-0.616309453957
0.0735747168109
-0.792903647677
-0.742726370233
-0.576201937072
-0.614450927639
0.772084992571
-0.496611976491
0.68920557044
