4
0
3
2
1
136
0.154457549533
-5.1197667411
-1.36672692287
-8.98757752955
0.609441016146
-0.367298023887
-6.34465332241
-1.34424750162
-9.1317275922
-0.999872372756
0.754413048404
-0.809763423848
-0.684677728661
0.562391595517
-13.4033196576
-3.13193925956
-2.65867123171
-20.7532790432
-0.13944076929
-0.0745259989056
0.688250861069
0.585179919123
0.530351784321
-0.202286945309
-1.86516790745
-1.75782492153
0.0199884927199
-1.33523733509
-0.460020192419
0.441646916925
-0.189158269744
-0.949063906922
0.53394364702
-18.9894130498
0.213506590056
-9.38801764913
0.301400689657
-0.739974870194
-1.08800719026
-1.04876419342
-1.39661341401
-0.7733787248
-0.441365968266
0.0188924819477
-0.754734274221
-0.0211130156287
-0.850443385571
0.746423373118
-0.188309423874
0.151357222842
-0.989195569973
-0.522624269914
0.901421064186
-0.533691562302
0.805882634578
-0.125682758215
-0.689011256193
-0.846228737968
-1.4281853008
-0.924092725043
0.103709344515
-0.431112178885
-0.245377415602
0.988794715144
0.480329211181
0.0117661380057
0.481398514943
-0.833332728795
0.0811891650167
-0.272347864334
0.936969249033
0.00161955702589
-0.446527506816
-0.374753515787
0.954820088541
0.401799448001
0.0783849263245
-0.402981728702
0.393657325468
-0.959340351495
0.0506446307327
0.183221110495
-1.01540799593
-0.196811798126
-0.615199753344
0.839200810418
-0.588906976457
0.36004666394
-0.383383844509
0.648681207503
0.107323226761
-0.619187462507
0.746959265214
0.268498324039
-0.730795488679
0.0284666998735
0.857381106424
-0.96696151283
-0.360195752588
0.534741312724
0.937917900707
0.399706784257
-0.721469932054
-0.00929741009032
0.488274111631
-0.518752095321
0.297410820044
0.216087325181
0.311020557784
0.167524258191
-0.607912898758
-0.473431949302
0.867672509276
0.468973697154
-0.418794597343
0.32466332339
-0.0729624821728
0.700882693596
-0.348166154628
0.546672726401
0.982642417422
0.326610305984
-0.94970984148
-0.241781240226
-0.690251100839
0.968214344477
0.0284031736748
-0.616309453957
0.0735747168109
-0.792903647677
-0.742726370233
-0.560193730224
-0.614450927639
0.780167639555
-0.496611976491
0.68920557044
