4
0
3
2
1
136
-0.298858011948
-11.2633855353
-2.09441769262
-18.6026391769
0.609441016146
-0.820613585369
-12.4882721167
-2.07193827137
-18.7467892395
-0.999872372756
0.754413048404
-0.809763423848
-0.684677728661
0.562391595517
-26.1200140947
-5.80411520082
-5.33084717297
-41.2121260976
-0.13944076929
-0.0745259989056
0.688250861069
0.585179919123
0.530351784321
-0.202286945309
-3.23704394874
-2.85532575457
-0.111234432971
-1.75276482592
-0.877547683257
0.0241194260878
-0.189158269744
-0.949063906922
0.53394364702
-39.0307326133
0.213506590056
-18.1680243146
0.301400689657
-0.739974870194
-1.5055346811
-1.46629168426
-1.81414090484
-0.7733787248
-0.626765333935
-0.015551704337
-1.11567845722
-0.0211130156287
-0.850443385571
0.561009500815
-0.222754312721
-0.20960891058
-0.989195569973
-0.522624269914
0.901421064186
-0.533691562302
0.805882634578
-0.289107567713
-0.689011256193
-0.846228737968
-2.04750769255
-0.924092725043
0.103709344515
-0.431112178885
-0.245377415602
0.988794715144
0.480329211181
-0.0465654990169
0.44818781197
-0.833332728795
0.0811891650167
-0.272347864334
0.936969249033
0.00161955702589
-0.446527506816
-0.374753515787
0.954820088541
0.170993619662
0.0217578577722
-0.740604876757
0.393657325468
-0.959340351495
-0.180181621222
0.12658943703
-1.35305395102
-0.196811798126
-0.615199753344
0.839200810418
-0.588906976457
0.36004666394
-0.627403100534
0.648681207503
0.107323226761
-1.09296758108
0.746959265214
0.268498324039
-0.730795488679
0.0284666998735
0.857381106424
-0.96696151283
-0.371994370597
0.523456315455
0.937917900707
0.399706784257
-0.721469932054
-0.00929741009032
0.488274111631
-0.518752095321
0.297410820044
-0.000207478811259
-0.629644635197
0.133277933501
-1.73823461741
-0.473431949302
0.651279229747
-0.472029530259
-0.453055710356
-0.806009157366
-0.0729624821728
0.700882693596
-0.348166154628
0.546672726401
0.982642417422
-0.689017210713
-1.61506753389
-0.907185425015
-1.97418164888
0.968214344477
0.0284031736748
-0.616309453957
0.0735747168109
-0.792903647677
-0.742726370233
-0.628919149993
-0.614450927639
0.745470909452
-0.496611976491
0.68920557044
