4
0
3
2
1
136
0.0328980693595
-6.76721759095
-1.56186187789
-11.565918083
0.609441016146
-0.488857504061
-7.99210417226
-1.53938245663
-11.7100681457
-0.999872372756
0.754413048404
-0.809763423848
-0.684677728661
0.562391595517
-16.8133829704
-3.84850040582
-3.37523237797
-26.2394503204
-0.13944076929
-0.0745259989056
0.688250861069
0.585179919123
0.530351784321
-0.202286945309
-2.23304528165
-2.05212682089
-0.0151997778566
-1.44720001419
-0.571982871526
0.329684237819
-0.189158269744
-0.949063906922
0.53394364702
-24.3636216478
0.213506590056
-11.7424328443
0.301400689657
-0.739974870194
-1.19996986937
-1.16072687253
-1.50857609311
-0.7733787248
-0.490142034991
0.00976388617206
-0.850059855218
-0.0211130156287
-0.850443385571
0.697640969549
-0.197438288447
0.0560222645277
-0.989195569973
-0.522624269914
0.901421064186
-0.533691562302
0.805882634578
-0.168860794493
-0.689011256193
-0.846228737968
-1.591814785
-0.924092725043
0.103709344515
-0.431112178885
-0.245377415602
0.988794715144
0.480329211181
-0.00362333963082
0.472707133352
-0.833332728795
0.0811891650167
-0.272347864334
0.936969249033
0.00161955702589
-0.446527506816
-0.374753515787
0.954820088541
0.34113758808
0.0635376366417
-0.492133670997
0.393657325468
-0.959340351495
-0.0100259788927
0.168371787313
-1.10456972889
-0.196811798126
-0.615199753344
0.839200810418
-0.588906976457
0.36004666394
-0.447845304514
0.648681207503
0.107323226761
-0.743935057963
0.746959265214
0.268498324039
-0.730795488679
0.0284666998735
0.857381106424
-0.96696151283
-0.363340612811
0.531818255518
0.937917900707
0.399706784257
-0.721469932054
-0.00929741009032
0.488274111631
-0.518752095321
0.297410820044
0.163934426139
0.0784505020284
0.15915945351
-0.890608525375
-0.473431949302
0.815441804389
0.236146461899
-0.427170626251
0.0417005392446
-0.0729624821728
0.700882693596
-0.348166154628
0.546672726401
0.982642417422
0.0723171741501
-1.11952933982
-0.411639494334
-1.01183690149
0.968214344477
0.0284031736748
-0.616309453957
0.0735747168109
-0.792903647677
-0.742726370233
-0.577332591433
-0.614450927639
0.771506766362
-0.496611976491
0.68920557044
