4
0
3
2
1
136
-0.0304141598977
-7.62526490858
-1.66349466696
-12.908803788
0.609441016146
-0.552169733318
-8.85015148989
-1.6410152457
-13.0529538506
-0.999872372756
0.754413048404
-0.809763423848
-0.684677728661
0.562391595517
-18.5894576124
-4.22170933616
-3.74844130831
-29.0968311939
-0.13944076929
-0.0745259989056
0.688250861069
0.585179919123
0.530351784321
-0.202286945309
-2.42464808071
-2.20540906014
-0.0335270021151
-1.50551390956
-0.630296766894
0.27137034245
-0.189158269744
-0.949063906922
0.53394364702
-27.1626886259
0.213506590056
-12.9686907585
0.301400689657
-0.739974870194
-1.25828376473
-1.2190407679
-1.56688998848
-0.7733787248
-0.515903146551
0.00497316099834
-0.900258101285
-0.0211130156287
-0.850443385571
0.671877465086
-0.202229125516
0.00582041458513
-0.989195569973
-0.522624269914
0.901421064186
-0.533691562302
0.805882634578
-0.191596235969
-0.689011256193
-0.846228737968
-1.67790248571
-0.924092725043
0.103709344515
-0.431112178885
-0.245377415602
0.988794715144
0.480329211181
-0.0117366426706
0.46810692181
-0.833332728795
0.0811891650167
-0.272347864334
0.936969249033
0.00161955702589
-0.446527506816
-0.374753515787
0.954820088541
0.309081177126
0.0556798288344
-0.539088045615
0.393657325468
-0.959340351495
-0.0420857417522
0.160513221972
-1.15152785151
-0.196811798126
-0.615199753344
0.839200810418
-0.588906976457
0.36004666394
-0.48178548623
0.648681207503
0.107323226761
-0.809714359041
0.746959265214
0.268498324039
-0.730795488679
0.0284666998735
0.857381106424
-0.96696151283
-0.364985506383
0.530257873677
0.937917900707
0.399706784257
-0.721469932054
-0.00929741009032
0.488274111631
-0.518752095321
0.297410820044
0.133385039564
-0.05365604592
0.154347557339
-1.04926462906
-0.473431949302
0.784879523274
0.103993040963
-0.431984624198
-0.117003983152
-0.0729624821728
0.700882693596
-0.348166154628
0.546672726401
0.982642417422
-0.0702770595557
-1.21310975489
-0.50522498576
-1.19162826823
0.968214344477
0.0284031736748
-0.616309453957
0.0735747168109
-0.792903647677
-0.742726370233
-0.586926941873
-0.614450927639
0.766612321834
-0.496611976491
0.68920557044
