4
0
3
2
1
136
-0.696458811684
-16.6519226901
-2.73267160799
-27.0359614039
0.609441016146
-1.2182143851
-17.8768092714
-2.71019218673
-27.1801114665
-0.999872372756
0.754413048404
-0.809763423848
-0.684677728661
0.562391595517
-37.2737628467
-8.14786728337
-7.67459925552
-59.1564779833
-0.13944076929
-0.0745259989056
0.688250861069
0.585179919123
0.530351784321
-0.202286945309
-4.44030952686
-3.81793821707
-0.226329401315
-2.11897608884
-1.24375894617
-0.342091836826
-0.189158269744
-0.949063906922
0.53394364702
-56.608873236
0.213506590056
-25.8689240156
0.301400689657
-0.739974870194
-1.87174594401
-1.83250294717
-2.18035216776
-0.7733787248
-0.793156866334
-0.0463707654959
-1.43832065756
-0.0211130156287
-0.850443385571
0.394615381645
-0.253573592177
-0.532255402337
-0.989195569973
-0.522624269914
0.901421064186
-0.533691562302
0.805882634578
-0.434987944816
-0.689011256193
-0.846228737968
-2.60298241003
-0.924092725043
0.103709344515
-0.431112178885
-0.245377415602
0.988794715144
0.480329211181
-0.0986848636934
0.417897870706
-0.833332728795
0.0811891650167
-0.272347864334
0.936969249033
0.00161955702589
-0.446527506816
-0.374753515787
0.954820088541
-0.0365769841295
-0.0294355477666
-1.04242023705
0.393657325468
-0.959340351495
-0.38775627094
0.0753951606175
-1.65487370562
-0.196811798126
-0.615199753344
0.839200810418
-0.588906976457
0.36004666394
-0.845507923231
0.648681207503
0.107323226761
-1.5203988213
0.746959265214
0.268498324039
-0.730795488679
0.0284666998735
0.857381106424
-0.96696151283
-0.382427585988
0.513117797502
0.937917900707
0.399706784257
-0.721469932054
-0.00929741009032
0.488274111631
-0.518752095321
0.297410820044
-0.198998247699
-1.48750642983
0.1018907577
-2.76350127147
-0.473431949302
0.452488339732
-1.32989233809
-0.484442914762
-1.83127693152
-0.0729624821728
0.700882693596
-0.348166154628
0.546672726401
0.982642417422
-1.60966310509
-2.21146073658
-1.50357865803
-3.14308994123
0.968214344477
0.0284031736748
-0.616309453957
0.0735747168109
-0.792903647677
-0.742726370233
-0.691672679686
-0.614450927639
0.71408181712
-0.496611976491
0.68920557044
