4
0
3
2
1
136
-0.210220890988
-10.0621192907
-1.95213178792
-16.72259919
0.609441016146
-0.731976464409
-11.287005872
-1.92965236667
-16.8667492526
-0.999872372756
0.754413048404
-0.809763423848
-0.684677728661
0.562391595517
-23.6335095958
-5.28162269834
-4.80835467049
-37.2117928747
-0.13944076929
-0.0745259989056
0.688250861069
0.585179919123
0.530351784321
-0.202286945309
-2.96880003005
-2.64073061962
-0.0855763190095
-1.67112537241
-0.795908229741
0.105758879604
-0.189158269744
-0.949063906922
0.53394364702
-35.1120388439
0.213506590056
-16.4512632348
0.301400689657
-0.739974870194
-1.42389522758
-1.38465223074
-1.73250145133
-0.7733787248
-0.589943738332
-0.00874184971218
-1.0442026511
-0.0211130156287
-0.850443385571
0.597832416322
-0.215944374133
-0.138131006298
-0.989195569973
-0.522624269914
0.901421064186
-0.533691562302
0.805882634578
-0.25676478748
-0.689011256193
-0.846228737968
-1.92479552338
-0.924092725043
0.103709344515
-0.431112178885
-0.245377415602
0.988794715144
0.480329211181
-0.0350104818553
0.454827623584
-0.833332728795
0.0811891650167
-0.272347864334
0.936969249033
0.00161955702589
-0.446527506816
-0.374753515787
0.954820088541
0.216880419857
0.0330425600973
-0.673741258226
0.393657325468
-0.959340351495
-0.134292873781
0.137874554839
-1.28618817403
-0.196811798126
-0.615199753344
0.839200810418
-0.588906976457
0.36004666394
-0.5790915299
0.648681207503
0.107323226761
-0.998796474869
0.746959265214
0.268498324039
-0.730795488679
0.0284666998735
0.857381106424
-0.96696151283
-0.369675313434
0.52572747258
0.937917900707
0.399706784257
-0.721469932054
-0.00929741009032
0.488274111631
-0.518752095321
0.297410820044
0.0440833332502
-0.438599471506
0.140269125463
-1.50987109388
-0.473431949302
0.695570391428
-0.280982233737
-0.446064440074
-0.577643390202
-0.0729624821728
0.700882693596
-0.348166154628
0.546672726401
0.982642417422
-0.483956814943
-1.48213806044
-0.774255852255
-1.71441815822
0.968214344477
0.0284031736748
-0.616309453957
0.0735747168109
-0.792903647677
-0.742726370233
-0.614962015943
-0.614450927639
0.752466868274
-0.496611976491
0.68920557044
