4
0
3
2
1
136
0.458356249968
-1.00113961694
-0.878889535715
-2.54172614594
0.609441016146
-0.0633993234522
-2.22602619823
-0.856410114457
-2.68587620858
-0.999872372756
0.754413048404
-0.809763423848
-0.684677728661
0.562391595517
-4.87816137663
-1.34053639393
-0.867268366078
-7.03785122123
-0.13944076929
-0.0745259989056
0.688250861069
0.585179919123
0.530351784321
-0.202286945309
-0.945474471973
-1.02207017746
0.107959169161
-1.05533084185
-0.18011369871
0.72155341111
-0.189158269744
-0.949063906922
0.53394364702
-5.55389168093
0.213506590056
-3.50197966112
0.301400689657
-0.739974870194
-0.8081006956
-0.768857698291
-1.1167069184
-0.7733787248
-0.326213390005
0.0411799524027
-0.526612541532
-0.0211130156287
-0.850443385571
0.861606564188
-0.166020857092
0.379522956712
-0.989195569973
-0.522624269914
0.901421064186
-0.533691562302
0.805882634578
-0.0225417266099
-0.689011256193
-0.846228737968
-1.03342457554
-0.924092725043
0.103709344515
-0.431112178885
-0.245377415602
0.988794715144
0.480329211181
0.0482733319104
0.502004249589
-0.833332728795
0.0811891650167
-0.272347864334
0.936969249033
0.00161955702589
-0.446527506816
-0.374753515787
0.954820088541
0.544882997899
0.113200489013
-0.189818297809
0.393657325468
-0.959340351495
0.193769364117
0.218046798306
-0.802198425753
-0.196811798126
-0.615199753344
0.839200810418
-0.588906976457
0.36004666394
-0.229162364359
0.648681207503
0.107323226761
-0.320549082437
0.746959265214
0.268498324039
-0.730795488679
0.0284666998735
0.857381106424
-0.96696151283
-0.352455743694
0.541404600317
0.937917900707
0.399706784257
-0.721469932054
-0.00929741009032
0.488274111631
-0.518752095321
0.297410820044
0.272138051996
0.6281715374
0.178513612776
-0.185881326394
-0.473431949302
0.923920250209
0.786964104394
-0.4077715789
0.747605343916
-0.0729624821728
0.700882693596
-0.348166154628
0.546672726401
0.982642417422
0.701229250962
-0.693113775841
0.014999633757
-0.184173440691
0.968214344477
0.0284031736748
-0.616309453957
0.0735747168109
-0.792903647677
-0.742726370233
-0.531973719079
-0.614450927639
0.790594953559
-0.496611976491
0.68920557044
