4
0
3
2
1
136
-0.352040284524
-11.9841452821
-2.17978923544
-19.730663169
0.609441016146
-0.873795857945
-13.2090318635
-2.15730981419
-19.8748132317
-0.999872372756
0.754413048404
-0.809763423848
-0.684677728661
0.562391595517
-27.611916794
-6.11761070231
-5.64434267446
-43.6123260314
-0.13944076929
-0.0745259989056
0.688250861069
0.585179919123
0.530351784321
-0.202286945309
-3.39799029996
-2.98408283554
-0.126629301349
-1.80174849803
-0.926531355366
-0.0248642460217
-0.189158269744
-0.949063906922
0.53394364702
-41.3819488749
0.213506590056
-19.1980809625
0.301400689657
-0.739974870194
-1.55451835321
-1.51527535637
-1.86312457695
-0.7733787248
-0.648926378394
-0.0196503959999
-1.15867533141
-0.0211130156287
-0.850443385571
0.538847851209
-0.226853046743
-0.252606762224
-0.989195569973
-0.522624269914
0.901421064186
-0.533691562302
0.805882634578
-0.308558436151
-0.689011256193
-0.846228737968
-2.12138118527
-0.924092725043
0.103709344515
-0.431112178885
-0.245377415602
0.988794715144
0.480329211181
-0.0535150659725
0.444179954432
-0.833332728795
0.0811891650167
-0.272347864334
0.936969249033
0.00161955702589
-0.446527506816
-0.374753515787
0.954820088541
0.143367033401
0.0149580563641
-0.780827056619
0.393657325468
-0.959340351495
-0.207809117054
0.119789442844
-1.39327713395
-0.196811798126
-0.615199753344
0.839200810418
-0.588906976457
0.36004666394
-0.656465008963
0.648681207503
0.107323226761
-1.14971046146
0.746959265214
0.268498324039
-0.730795488679
0.0284666998735
0.857381106424
-0.96696151283
-0.373387430512
0.522085343167
0.937917900707
0.399706784257
-0.721469932054
-0.00929741009032
0.488274111631
-0.518752095321
0.297410820044
-0.0267933081664
-0.744351424487
0.129080627414
-1.87533267259
-0.473431949302
0.624693333596
-0.586736810749
-0.457253032122
-0.943107739842
-0.0729624821728
0.700882693596
-0.348166154628
0.546672726401
0.982642417422
-0.812124749125
-1.69483634628
-0.986954254829
-2.13027154997
0.968214344477
0.0284031736748
-0.616309453957
0.0735747168109
-0.792903647677
-0.742726370233
-0.637305541077
-0.614450927639
0.74127258124
-0.496611976491
0.68920557044
