4
0
3
2
1
136
-0.671133919981
-16.308703763
-2.69201849236
-26.4988071219
0.609441016146
-1.1928894934
-17.5335903443
-2.6695390711
-26.6429571845
-0.999872372756
0.754413048404
-0.809763423848
-0.684677728661
0.562391595517
-36.5633329899
-7.99858371124
-7.52531568339
-58.0135256339
-0.13944076929
-0.0745259989056
0.688250861069
0.585179919123
0.530351784321
-0.202286945309
-4.36366840723
-3.75662532137
-0.218998511612
-2.09565053069
-1.22043338802
-0.318766278679
-0.189158269744
-0.949063906922
0.53394364702
-55.4892464447
0.213506590056
-25.37842085
0.301400689657
-0.739974870194
-1.84842038586
-1.80917738903
-2.15702660961
-0.7733787248
-0.782525192199
-0.0443976499488
-1.41771348252
-0.0211130156287
-0.850443385571
0.405247130464
-0.251600467911
-0.511648097573
-0.989195569973
-0.522624269914
0.901421064186
-0.533691562302
0.805882634578
-0.425674858775
-0.689011256193
-0.846228737968
-2.56742595264
-0.924092725043
0.103709344515
-0.431112178885
-0.245377415602
0.988794715144
0.480329211181
-0.095357829919
0.41984581799
-0.833332728795
0.0811891650167
-0.272347864334
0.936969249033
0.00161955702589
-0.446527506816
-0.374753515787
0.954820088541
-0.0233058348562
-0.0261554711035
-1.02314359999
0.393657325468
-0.959340351495
-0.374484994857
0.0786752664962
-1.63559693578
-0.196811798126
-0.615199753344
0.839200810418
-0.588906976457
0.36004666394
-0.831574483983
0.648681207503
0.107323226761
-1.49299162166
0.746959265214
0.268498324039
-0.730795488679
0.0284666998735
0.857381106424
-0.96696151283
-0.381762133979
0.513780532622
0.937917900707
0.399706784257
-0.721469932054
-0.00929741009032
0.488274111631
-0.518752095321
0.297410820044
-0.186335814953
-1.43285847473
0.103890088341
-2.69819035154
-0.473431949302
0.465150772642
-1.27524437962
-0.482443584085
-1.76596600685
-0.0729624821728
0.700882693596
-0.348166154628
0.546672726401
0.982642417422
-1.55101651298
-2.17347340743
-1.46559132885
-3.06854755741
0.968214344477
0.0284031736748
-0.616309453957
0.0735747168109
-0.792903647677
-0.742726370233
-0.687674154106
-0.614450927639
0.716081150462
-0.496611976491
0.68920557044
