4
0
3
2
1
136
-0.980097598756
-20.4959746731
-3.18798650303
-33.052089362
0.609441016146
-1.50185317218
-21.7208612544
-3.16550708177
-33.1962394246
-0.999872372756
0.754413048404
-0.809763423848
-0.684677728661
0.562391595517
-45.230577243
-9.81984329131
-9.34657526346
-71.9575442967
-0.13944076929
-0.0745259989056
0.688250861069
0.585179919123
0.530351784321
-0.202286945309
-5.29869006666
-4.50464264892
-0.308435365994
-2.38022234009
-1.50500519742
-0.603338088077
-0.189158269744
-0.949063906922
0.53394364702
-69.148693298
0.213506590056
-31.3625594711
0.301400689657
-0.739974870194
-2.13299219526
-2.09374919843
-2.44159841901
-0.7733787248
-0.912365131624
-0.0685331405468
-1.6693516468
-0.0211130156287
-0.850443385571
0.275406622071
-0.275736037905
-0.763287266989
-0.989195569973
-0.522624269914
0.901421064186
-0.533691562302
0.805882634578
-0.53937471198
-0.689011256193
-0.846228737968
-3.00225632397
-0.924092725043
0.103709344515
-0.431112178885
-0.245377415602
0.988794715144
0.480329211181
-0.135973283899
0.395963148233
-0.833332728795
0.0811891650167
-0.272347864334
0.936969249033
0.00161955702589
-0.446527506816
-0.374753515787
0.954820088541
-0.185432888386
-0.0662863871617
-1.25853386252
0.393657325468
-0.959340351495
-0.536613064509
0.0385440958029
-1.87098823151
-0.196811798126
-0.615199753344
0.839200810418
-0.588906976457
0.36004666394
-1.00175771908
0.648681207503
0.107323226761
-1.82851400047
0.746959265214
0.268498324039
-0.730795488679
0.0284666998735
0.857381106424
-0.96696151283
-0.389884733367
0.505678261388
0.937917900707
0.399706784257
-0.721469932054
-0.00929741009032
0.488274111631
-0.518752095321
0.297410820044
-0.34081761114
-2.09956749218
0.0794982281477
-3.49498847879
-0.473431949302
0.310668975912
-1.94195341072
-0.50683544439
-2.56276415517
-0.0729624821728
0.700882693596
-0.348166154628
0.546672726401
0.982642417422
-2.26650911195
-2.6369188985
-1.92903682002
-3.97835153685
0.968214344477
0.0284031736748
-0.616309453957
0.0735747168109
-0.792903647677
-0.742726370233
-0.736457282339
-0.614450927639
0.69168928167
-0.496611976491
0.68920557044
