4
0
3
2
1
136
0.359589172327
-2.33969343197
-1.03743668628
-4.63662784556
0.609441016146
-0.162166401093
-3.56458001328
-1.01495726503
-4.78077790821
-0.999872372756
0.754413048404
-0.809763423848
-0.684677728661
0.562391595517
-7.64883781742
-1.92274232525
-1.4494742974
-11.4953650148
-0.13944076929
-0.0745259989056
0.688250861069
0.585179919123
0.530351784321
-0.202286945309
-1.24437483848
-1.26119046635
0.0793686993176
-1.14630031547
-0.271083172796
0.630583936551
-0.189158269744
-0.949063906922
0.53394364702
-9.92043604081
0.213506590056
-5.4149420072
0.301400689657
-0.739974870194
-0.89907017063
-0.859827173791
-1.20767639437
-0.7733787248
-0.362210905984
0.0340360338237
-0.598630550312
-0.0211130156287
-0.850443385571
0.825596354646
-0.173165210011
0.307486828894
-0.989195569973
-0.522624269914
0.901421064186
-0.533691562302
0.805882634578
-0.0550393307489
-0.689011256193
-0.846228737968
-1.15888604806
-0.924092725043
0.103709344515
-0.431112178885
-0.245377415602
0.988794715144
0.480329211181
0.0368328168614
0.49551924773
-0.833332728795
0.0811891650167
-0.272347864334
0.936969249033
0.00161955702589
-0.446527506816
-0.374753515787
0.954820088541
0.500163218396
0.102364413839
-0.257071682783
0.393657325468
-0.959340351495
0.149032643821
0.207206492374
-0.869470808069
-0.196811798126
-0.615199753344
0.839200810418
-0.588906976457
0.36004666394
-0.277825558012
0.648681207503
0.107323226761
-0.414997818429
0.746959265214
0.268498324039
-0.730795488679
0.0284666998735
0.857381106424
-0.96696151283
-0.354946314386
0.53936548193
0.937917900707
0.399706784257
-0.721469932054
-0.00929741009032
0.488274111631
-0.518752095321
0.297410820044
0.262670142584
0.562892860792
0.176284219269
-0.280891862581
-0.473431949302
0.914422544043
0.721511904301
-0.410007628833
0.652397367145
-0.0729624821728
0.700882693596
-0.348166154628
0.546672726401
0.982642417422
0.618402635369
-0.74966284394
-0.0415933156853
-0.304459717724
0.968214344477
0.0284031736748
-0.616309453957
0.0735747168109
-0.792903647677
-0.742726370233
-0.538920878259
-0.614450927639
0.788772551693
-0.496611976491
0.68920557044
