4
0
3
2
1
136
-1.1041895681
-22.1777474156
-3.38718676961
-35.6841453436
0.609441016146
-1.62594514152
-23.4026339969
-3.36470734835
-35.8282954063
-0.999872372756
0.754413048404
-0.809763423848
-0.684677728661
0.562391595517
-48.7116835414
-10.5513327948
-10.0780647669
-77.5580108088
-0.13944076929
-0.0745259989056
0.688250861069
0.585179919123
0.530351784321
-0.202286945309
-5.67423155283
-4.80507583786
-0.34435672554
-2.49451757501
-1.61930043234
-0.717633322999
-0.189158269744
-0.949063906922
0.53394364702
-74.6348645752
0.213506590056
-33.7660249829
0.301400689657
-0.739974870194
-2.24728743018
-2.20804443335
-2.55589365393
-0.7733787248
-0.964566062641
-0.0782580627836
-1.77050935119
-0.0211130156287
-0.850443385571
0.223205591441
-0.285460979985
-0.864445151837
-0.989195569973
-0.522624269914
0.901421064186
-0.533691562302
0.805882634578
-0.585071091773
-0.689011256193
-0.846228737968
-3.17740449607
-0.924092725043
0.103709344515
-0.431112178885
-0.245377415602
0.988794715144
0.480329211181
-0.152295308626
0.386312541035
-0.833332728795
0.0811891650167
-0.272347864334
0.936969249033
0.00161955702589
-0.446527506816
-0.374753515787
0.954820088541
-0.250639656315
-0.0824605774979
-1.35316038616
0.393657325468
-0.959340351495
-0.601820031963
0.0223698437058
-1.96561494346
-0.196811798126
-0.615199753344
0.839200810418
-0.588906976457
0.36004666394
-1.07019498216
0.648681207503
0.107323226761
-1.96385365295
0.746959265214
0.268498324039
-0.730795488679
0.0284666998735
0.857381106424
-0.96696151283
-0.39314874864
0.502417593542
0.937917900707
0.399706784257
-0.721469932054
-0.00929741009032
0.488274111631
-0.518752095321
0.297410820044
-0.402863595319
-2.36734482979
0.0697014938043
-3.8150149972
-0.473431949302
0.248622991727
-2.20973074874
-0.516632178734
-2.88279067453
-0.0729624821728
0.700882693596
-0.348166154628
0.546672726401
0.982642417422
-2.55387991075
-2.82305685223
-2.11517477375
-4.34392576365
0.968214344477
0.0284031736748
-0.616309453957
0.0735747168109
-0.792903647677
-0.742726370233
-0.75605072945
-0.614450927639
0.68189254725
-0.496611976491
0.68920557044
