4
0
3
2
1
136
-0.303922990289
-11.3320293207
-2.10254831575
-18.7100700333
0.609441016146
-0.825678563709
-12.5569159021
-2.08006889449
-18.8542200959
-0.999872372756
0.754413048404
-0.809763423848
-0.684677728661
0.562391595517
-26.262100066
-5.83397191525
-5.3607038874
-41.4407165675
-0.13944076929
-0.0745259989056
0.688250861069
0.585179919123
0.530351784321
-0.202286945309
-3.25237217267
-2.86758833371
-0.112700610912
-1.75742993755
-0.882212794886
0.0194543144583
-0.189158269744
-0.949063906922
0.53394364702
-39.2546579715
0.213506590056
-18.2661249477
0.301400689657
-0.739974870194
-1.51019979273
-1.47095679589
-1.81880601647
-0.7733787248
-0.628873957778
-0.0159416655999
-1.11977018589
-0.0211130156287
-0.850443385571
0.558900813983
-0.223144278257
-0.213700740477
-0.989195569973
-0.522624269914
0.901421064186
-0.533691562302
0.805882634578
-0.290958741739
-0.689011256193
-0.846228737968
-2.0545358684
-0.924092725043
0.103709344515
-0.431112178885
-0.245377415602
0.988794715144
0.480329211181
-0.0472268943161
0.447806840032
-0.833332728795
0.0811891650167
-0.272347864334
0.936969249033
0.00161955702589
-0.446527506816
-0.374753515787
0.954820088541
0.168365249735
0.0211111154289
-0.744432565256
0.393657325468
-0.959340351495
-0.182810085235
0.12594267472
-1.35688174347
-0.196811798126
-0.615199753344
0.839200810418
-0.588906976457
0.36004666394
-0.630168726685
0.648681207503
0.107323226761
-1.09836440324
0.746959265214
0.268498324039
-0.730795488679
0.0284666998735
0.857381106424
-0.96696151283
-0.372126995409
0.523325986014
0.937917900707
0.399706784257
-0.721469932054
-0.00929741009032
0.488274111631
-0.518752095321
0.297410820044
-0.00273925756042
-0.640567459885
0.132878238619
-1.75128993945
-0.473431949302
0.648747442053
-0.482952417401
-0.453455407319
-0.819064545987
-0.0729624821728
0.700882693596
-0.348166154628
0.546672726401
0.982642417422
-0.700740263085
-1.62266437206
-0.914782265575
-1.98904136024
0.968214344477
0.0284031736748
-0.616309453957
0.0735747168109
-0.792903647677
-0.742726370233
-0.629717582776
-0.614450927639
0.745071081093
-0.496611976491
0.68920557044
