4
0
3
2
1
136
-0.990227555437
-20.6332622439
-3.20424774928
-33.2669510748
0.609441016146
-1.51198312886
-21.8581488252
-3.18176832802
-33.4111011374
-0.999872372756
0.754413048404
-0.809763423848
-0.684677728661
0.562391595517
-45.5147491858
-9.87955672017
-9.40628869232
-72.4147252364
-0.13944076929
-0.0745259989056
0.688250861069
0.585179919123
0.530351784321
-0.202286945309
-5.32934651451
-4.5291678072
-0.311367721875
-2.38955256335
-1.51433542068
-0.612668311336
-0.189158269744
-0.949063906922
0.53394364702
-69.5965440145
0.213506590056
-31.5587607374
0.301400689657
-0.739974870194
-2.14232241852
-2.10307942168
-2.45092864227
-0.7733787248
-0.916625691849
-0.0693264569335
-1.67760814898
-0.0211130156287
-0.850443385571
0.27114605196
-0.276529356109
-0.771543787014
-0.989195569973
-0.522624269914
0.901421064186
-0.533691562302
0.805882634578
-0.543104623182
-0.689011256193
-0.846228737968
-3.01654526713
-0.924092725043
0.103709344515
-0.431112178885
-0.245377415602
0.988794715144
0.480329211181
-0.137305574371
0.395176394729
-0.833332728795
0.0811891650167
-0.272347864334
0.936969249033
0.00161955702589
-0.446527506816
-0.374753515787
0.954820088541
-0.190754530615
-0.067605721827
-1.26625727115
0.393657325468
-0.959340351495
-0.54193472601
0.0372247554975
-1.87871165868
-0.196811798126
-0.615199753344
0.839200810418
-0.588906976457
0.36004666394
-1.00734307098
0.648681207503
0.107323226761
-1.83955151503
0.746959265214
0.268498324039
-0.730795488679
0.0284666998735
0.857381106424
-0.96696151283
-0.390151159137
0.505412173863
0.937917900707
0.399706784257
-0.721469932054
-0.00929741009032
0.488274111631
-0.518752095321
0.297410820044
-0.345882589402
-2.12142686296
0.0786984947385
-3.52111308626
-0.473431949302
0.305603997649
-1.96381278156
-0.507635177799
-2.58888876277
-0.0729624821728
0.700882693596
-0.348166154628
0.546672726401
0.982642417422
-2.28996794857
-2.65211383348
-1.94423175499
-4.00819188483
0.968214344477
0.0284031736748
-0.616309453957
0.0735747168109
-0.792903647677
-0.742726370233
-0.738056746264
-0.614450927639
0.690889548248
-0.496611976491
0.68920557044
