4
0
3
2
1
136
-0.992760044608
-20.6675841366
-3.20831306084
-33.320666503
0.609441016146
-1.51451561803
-21.8924707179
-3.18583363958
-33.4648165656
-0.999872372756
0.754413048404
-0.809763423848
-0.684677728661
0.562391595517
-45.5857921714
-9.89448507738
-9.42121704953
-72.5290204714
-0.13944076929
-0.0745259989056
0.688250861069
0.585179919123
0.530351784321
-0.202286945309
-5.33701062648
-4.53529909677
-0.312100810845
-2.39188511916
-1.5166679765
-0.615000867151
-0.189158269744
-0.949063906922
0.53394364702
-69.7085066936
0.213506590056
-31.607811054
0.301400689657
-0.739974870194
-2.14465497433
-2.1054119775
-2.45326119808
-0.7733787248
-0.917690855123
-0.069524802401
-1.67967231447
-0.0211130156287
-0.850443385571
0.27008088627
-0.276727702024
-0.773607956872
-0.989195569973
-0.522624269914
0.901421064186
-0.533691562302
0.805882634578
-0.544037113891
-0.689011256193
-0.846228737968
-3.02011776502
-0.924092725043
0.103709344515
-0.431112178885
-0.245377415602
0.988794715144
0.480329211181
-0.137638650841
0.394979675452
-0.833332728795
0.0811891650167
-0.272347864334
0.936969249033
0.00161955702589
-0.446527506816
-0.374753515787
0.954820088541
-0.192084983126
-0.0679355850636
-1.26818816112
0.393657325468
-0.959340351495
-0.543265183245
0.0368948908693
-1.88064255319
-0.196811798126
-0.615199753344
0.839200810418
-0.588906976457
0.36004666394
-1.00873945027
0.648681207503
0.107323226761
-1.84231120406
0.746959265214
0.268498324039
-0.730795488679
0.0284666998735
0.857381106424
-0.96696151283
-0.390217766342
0.505345649148
0.937917900707
0.399706784257
-0.721469932054
-0.00929741009032
0.488274111631
-0.518752095321
0.297410820044
-0.34714883397
-2.1268917058
0.0784985613859
-3.52764423836
-0.473431949302
0.304337753082
-1.96927762441
-0.507835111152
-2.5954199149
-0.0729624821728
0.700882693596
-0.348166154628
0.546672726401
0.982642417422
-2.29583265788
-2.65591256722
-1.94803048874
-4.01565204735
0.968214344477
0.0284031736748
-0.616309453957
0.0735747168109
-0.792903647677
-0.742726370233
-0.73845661229
-0.614450927639
0.690689614893
-0.496611976491
0.68920557044
