4
0
3
2
1
136
-0.40269006793
-12.6705831363
-2.2610954667
-20.804971733
0.609441016146
-0.924445641351
-13.8954697176
-2.23861604544
-20.9491217956
-0.999872372756
0.754413048404
-0.809763423848
-0.684677728661
0.562391595517
-29.0327765076
-6.41617784658
-5.94290981873
-45.8982307302
-0.13944076929
-0.0745259989056
0.688250861069
0.585179919123
0.530351784321
-0.202286945309
-3.55127253921
-3.10670862695
-0.141291080755
-1.84839961433
-0.973182471661
-0.0715153623165
-0.189158269744
-0.949063906922
0.53394364702
-43.6212024574
0.213506590056
-20.1790872939
0.301400689657
-0.739974870194
-1.6011694695
-1.56192647267
-1.90977569325
-0.7733787248
-0.670069521199
-0.0235618644142
-1.19968657627
-0.0211130156287
-0.850443385571
0.517704234566
-0.230764550756
-0.293618781208
-0.989195569973
-0.522624269914
0.901421064186
-0.533691562302
0.805882634578
-0.327107658782
-0.689011256193
-0.846228737968
-2.19188526595
-0.924092725043
0.103709344515
-0.431112178885
-0.245377415602
0.988794715144
0.480329211181
-0.0601425526874
0.440348153911
-0.833332728795
0.0811891650167
-0.272347864334
0.936969249033
0.00161955702589
-0.446527506816
-0.374753515787
0.954820088541
0.117003167289
0.00846505471401
-0.819191513023
0.393657325468
-0.959340351495
-0.234173705862
0.113296288124
-1.43164238362
-0.196811798126
-0.615199753344
0.839200810418
-0.588906976457
0.36004666394
-0.684185201657
0.648681207503
0.107323226761
-1.2038979999
0.746959265214
0.268498324039
-0.730795488679
0.0284666998735
0.857381106424
-0.96696151283
-0.374715082713
0.520775038607
0.937917900707
0.399706784257
-0.721469932054
-0.00929741009032
0.488274111631
-0.518752095321
0.297410820044
-0.0521159037894
-0.853619972084
0.125082528404
-2.00592633729
-0.473431949302
0.599370709105
-0.696005600891
-0.461251138015
-1.07370167032
-0.0729624821728
0.700882693596
-0.348166154628
0.546672726401
0.982642417422
-0.92939191846
-1.77080914175
-1.06292705743
-2.27903676778
0.968214344477
0.0284031736748
-0.616309453957
0.0735747168109
-0.792903647677
-0.742726370233
-0.645296810474
-0.614450927639
0.737274016688
-0.496611976491
0.68920557044
