4
0
3
2
1
136
-0.0253491815571
-7.55662112317
-1.65536404384
-12.8013729316
0.609441016146
-0.547104754977
-8.78150770448
-1.63288462258
-12.9455229942
-0.999872372756
0.754413048404
-0.809763423848
-0.684677728661
0.562391595517
-18.447371641
-4.19185262174
-3.71858459389
-28.868240724
-0.13944076929
-0.0745259989056
0.688250861069
0.585179919123
0.530351784321
-0.202286945309
-2.40931985679
-2.193146481
-0.0320608241744
-1.50084879793
-0.625631655265
0.27603545408
-0.189158269744
-0.949063906922
0.53394364702
-26.9387632677
0.213506590056
-12.8705901254
0.301400689657
-0.739974870194
-1.2536186531
-1.21437565627
-1.56222487685
-0.7733787248
-0.51383498683
0.00535723932236
-0.896230923999
-0.0211130156287
-0.850443385571
0.673945797193
-0.20184503886
0.00984785305568
-0.989195569973
-0.522624269914
0.901421064186
-0.533691562302
0.805882634578
-0.189772408338
-0.689011256193
-0.846228737968
-1.67099674601
-0.924092725043
0.103709344515
-0.431112178885
-0.245377415602
0.988794715144
0.480329211181
-0.0110856241079
0.468476573097
-0.833332728795
0.0811891650167
-0.272347864334
0.936969249033
0.00161955702589
-0.446527506816
-0.374753515787
0.954820088541
0.311655193597
0.0563110460156
-0.535320995305
0.393657325468
-0.959340351495
-0.0395114825821
0.16114449353
-1.14776052993
-0.196811798126
-0.615199753344
0.839200810418
-0.588906976457
0.36004666394
-0.479062758877
0.648681207503
0.107323226761
-0.804434449092
0.746959265214
0.268498324039
-0.730795488679
0.0284666998735
0.857381106424
-0.96696151283
-0.364853768263
0.530383503357
0.937917900707
0.399706784257
-0.721469932054
-0.00929741009032
0.488274111631
-0.518752095321
0.297410820044
0.135863705961
-0.0429630190357
0.154737815924
-1.0364437689
-0.473431949302
0.787358838613
0.114688559757
-0.431594254161
-0.104180549948
-0.0729624821728
0.700882693596
-0.348166154628
0.546672726401
0.982642417422
-0.058757542837
-1.20557704623
-0.497692036165
-1.1770982714
0.968214344477
0.0284031736748
-0.616309453957
0.0735747168109
-0.792903647677
-0.742726370233
-0.586150366539
-0.614450927639
0.767007367094
-0.496611976491
0.68920557044
