4
0
3
2
1
136
-2.42898542534e-05
-7.21340219612
-1.61471092821
-12.2642186496
0.609441016146
-0.521779863275
-8.43828877743
-1.59223150695
-12.4083687122
-0.999872372756
0.754413048404
-0.809763423848
-0.684677728661
0.562391595517
-17.7369417842
-4.0425690496
-3.56930102175
-27.7252883746
-0.13944076929
-0.0745259989056
0.688250861069
0.585179919123
0.530351784321
-0.202286945309
-2.33267873716
-2.1318335853
-0.024729934471
-1.47752323979
-0.602306097117
0.299361012227
-0.189158269744
-0.949063906922
0.53394364702
-25.8191364764
0.213506590056
-12.3800869597
0.301400689657
-0.739974870194
-1.23029309496
-1.19105009812
-1.53889931871
-0.7733787248
-0.503512424852
0.00727553278507
-0.876123482258
-0.0211130156287
-0.850443385571
0.68426926908
-0.199926702159
0.0299566691836
-0.989195569973
-0.522624269914
0.901421064186
-0.533691562302
0.805882634578
-0.180665775465
-0.689011256193
-0.846228737968
-1.6365155687
-0.924092725043
0.103709344515
-0.431112178885
-0.245377415602
0.988794715144
0.480329211181
-0.0078354144117
0.470320661953
-0.833332728795
0.0811891650167
-0.272347864334
0.936969249033
0.00161955702589
-0.446527506816
-0.374753515787
0.954820088541
0.324501391465
0.0594606022543
-0.51651262215
0.393657325468
-0.959340351495
-0.0266640070247
0.164294337287
-1.12895072836
-0.196811798126
-0.615199753344
0.839200810418
-0.588906976457
0.36004666394
-0.465467992341
0.648681207503
0.107323226761
-0.77807952768
0.746959265214
0.268498324039
-0.730795488679
0.0284666998735
0.857381106424
-0.96696151283
-0.364195447918
0.531009636279
0.937917900707
0.399706784257
-0.721469932054
-0.00929741009032
0.488274111631
-0.518752095321
0.297410820044
0.148181681843
0.0102251170749
0.156677292286
-0.97262464007
-0.473431949302
0.799680912393
0.167892009389
-0.429654091282
-0.0403456076372
-0.0729624821728
0.700882693596
-0.348166154628
0.546672726401
0.982642417422
-0.00140809680353
-1.16801206576
-0.460125494177
-1.10477933428
0.968214344477
0.0284031736748
-0.616309453957
0.0735747168109
-0.792903647677
-0.742726370233
-0.582288318292
-0.614450927639
0.768975159041
-0.496611976491
0.68920557044
