4
0
3
2
1
136
0.0582229610624
-6.4239986639
-1.52120876226
-11.0287638011
0.609441016146
-0.463532612358
-7.64888524521
-1.49872934101
-11.1729138637
-0.999872372756
0.754413048404
-0.809763423848
-0.684677728661
0.562391595517
-16.1029531135
-3.69921683368
-3.22594880583
-25.096497971
-0.13944076929
-0.0745259989056
0.688250861069
0.585179919123
0.530351784321
-0.202286945309
-2.15640416203
-1.99081392519
-0.00786888815315
-1.42387445605
-0.548657313379
0.353009795966
-0.189158269744
-0.949063906922
0.53394364702
-23.2439948566
0.213506590056
-11.2519296787
0.301400689657
-0.739974870194
-1.17664431122
-1.13740131438
-1.48525053497
-0.7733787248
-0.479898573161
0.0116736176991
-0.830075013256
-0.0211130156287
-0.850443385571
0.70788554646
-0.195528507146
0.0760087719206
-0.989195569973
-0.522624269914
0.901421064186
-0.533691562302
0.805882634578
-0.159808625585
-0.689011256193
-0.846228737968
-1.557532331
-0.924092725043
0.103709344515
-0.431112178885
-0.245377415602
0.988794715144
0.480329211181
-0.000394562821651
0.474534050687
-0.833332728795
0.0811891650167
-0.272347864334
0.936969249033
0.00161955702589
-0.446527506816
-0.374753515787
0.954820088541
0.353880822039
0.0666592210234
-0.473441346348
0.393657325468
-0.959340351495
0.00271880626984
0.171493726724
-1.08587566895
-0.196811798126
-0.615199753344
0.839200810418
-0.588906976457
0.36004666394
-0.434332044141
0.648681207503
0.107323226761
-0.717766181936
0.746959265214
0.268498324039
-0.730795488679
0.0284666998735
0.857381106424
-0.96696151283
-0.362683865453
0.532435798384
0.937917900707
0.399706784257
-0.721469932054
-0.00929741009032
0.488274111631
-0.518752095321
0.297410820044
0.175752957378
0.129924350923
0.16102617505
-0.828562124843
-0.473431949302
0.827269597481
0.287652107572
-0.425302484364
0.10377982367
-0.0729624821728
0.700882693596
-0.348166154628
0.546672726401
0.982642417422
0.128111798992
-1.08265572658
-0.37476193723
-0.941489697013
0.968214344477
0.0284031736748
-0.616309453957
0.0735747168109
-0.792903647677
-0.742726370233
-0.573586558524
-0.614450927639
0.773422488932
-0.496611976491
0.68920557044
