4
0
3
2
1
136
-0.549574439807
-14.6612529132
-2.49688353734
-23.9204665684
0.609441016146
-1.07133001323
-15.8861394945
-2.47440411609
-24.0646166311
-0.999872372756
0.754413048404
-0.809763423848
-0.684677728661
0.562391595517
-33.1532696771
-7.28202256498
-6.80875453713
-52.5273543567
-0.13944076929
-0.0745259989056
0.688250861069
0.585179919123
0.530351784321
-0.202286945309
-3.99579103303
-3.46232342201
-0.183810241035
-1.98368785158
-1.10847070892
-0.206803599571
-0.189158269744
-0.949063906922
0.53394364702
-50.1150378467
0.213506590056
-23.0240056547
0.301400689657
-0.739974870194
-1.73645770676
-1.69721470992
-2.0450639305
-0.7733787248
-0.731537580082
-0.0349431037025
-1.31887524548
-0.0211130156287
-0.850443385571
0.456235218491
-0.242145872062
-0.412809045515
-0.989195569973
-0.522624269914
0.901421064186
-0.533691562302
0.805882634578
-0.380999703273
-0.689011256193
-0.846228737968
-2.39703159454
-0.924092725043
0.103709344515
-0.431112178885
-0.245377415602
0.988794715144
0.480329211181
-0.079397259289
0.429165747316
-0.833332728795
0.0811891650167
-0.272347864334
0.936969249033
0.00161955702589
-0.446527506816
-0.374753515787
0.954820088541
0.0403265840484
-0.0104411724118
-0.930686588489
0.393657325468
-0.959340351495
-0.31085179201
0.0943897394703
-1.54313909089
-0.196811798126
-0.615199753344
0.839200810418
-0.588906976457
0.36004666394
-0.764752667836
0.648681207503
0.107323226761
-1.36173141139
0.746959265214
0.268498324039
-0.730795488679
0.0284666998735
0.857381106424
-0.96696151283
-0.378569250287
0.516956001477
0.937917900707
0.399706784257
-0.721469932054
-0.00929741009032
0.488274111631
-0.518752095321
0.297410820044
-0.125556276265
-1.17055140064
0.113486841994
-2.38470141864
-0.473431949302
0.525930313857
-1.01293726606
-0.472846829858
-1.45247702317
-0.0729624821728
0.700882693596
-0.348166154628
0.546672726401
0.982642417422
-1.26951603307
-1.99113432335
-1.28325224425
-2.71086433118
0.968214344477
0.0284031736748
-0.616309453957
0.0735747168109
-0.792903647677
-0.742726370233
-0.668482039517
-0.614450927639
0.725677946995
-0.496611976491
0.68920557044
