4
0
3
2
1
136
-1.04594231718
-21.3883438834
-3.29368460366
-34.4486904951
0.609441016146
-1.5676978906
-22.6132304647
-3.2712051824
-34.5928405578
-0.999872372756
0.754413048404
-0.809763423848
-0.684677728661
0.562391595517
-47.0776948708
-10.2079805789
-9.73471255102
-74.9292204051
-0.13944076929
-0.0745259989056
0.688250861069
0.585179919123
0.530351784321
-0.202286945309
-5.49795697769
-4.66405617774
-0.327495679222
-2.44086879127
-1.5656516486
-0.66398453926
-0.189158269744
-0.949063906922
0.53394364702
-72.0597229553
0.213506590056
-32.6378677019
0.301400689657
-0.739974870194
-2.19363864644
-2.15439564961
-2.50224487019
-0.7733787248
-0.940061276811
-0.0736915162065
-1.72302321268
-0.0211130156287
-0.850443385571
0.247710418597
-0.28089442472
-0.816958938312
-0.989195569973
-0.522624269914
0.901421064186
-0.533691562302
0.805882634578
-0.563620516815
-0.689011256193
-0.846228737968
-3.09516355138
-0.924092725043
0.103709344515
-0.431112178885
-0.245377415602
0.988794715144
0.480329211181
-0.144633582183
0.390845810551
-0.833332728795
0.0811891650167
-0.272347864334
0.936969249033
0.00161955702589
-0.446527506816
-0.374753515787
0.954820088541
-0.220028122732
-0.0748653562402
-1.30874009636
0.393657325468
-0.959340351495
-0.571208414041
0.0299650920704
-1.92119457513
-0.196811798126
-0.615199753344
0.839200810418
-0.588906976457
0.36004666394
-1.03806703693
0.648681207503
0.107323226761
-1.90029249265
0.746959265214
0.268498324039
-0.730795488679
0.0284666998735
0.857381106424
-0.96696151283
-0.391616583305
0.503948388403
0.937917900707
0.399706784257
-0.721469932054
-0.00929741009032
0.488274111631
-0.518752095321
0.297410820044
-0.373739969995
-2.24165341621
0.0742999609616
-3.66479845047
-0.473431949302
0.277746617053
-2.08403933504
-0.512033711577
-2.73257412748
-0.0729624821728
0.700882693596
-0.348166154628
0.546672726401
0.982642417422
-2.41899156534
-2.73568597593
-2.02780389745
-4.17232200732
0.968214344477
0.0284031736748
-0.616309453957
0.0735747168109
-0.792903647677
-0.742726370233
-0.746853802141
-0.614450927639
0.686491014428
-0.496611976491
0.68920557044
