4
0
3
2
1
136
0.579867785744
0.644915542629
-0.683797197943
0.035447094349
0.609441016146
0.058116163396
-0.579898724667
-0.66131674677
-0.108626695522
-0.999872372756
0.754413048404
-0.809763423848
-0.684677728661
0.562391595517
-1.46966063938
-0.62418040153
-0.150909367787
-1.56160827598
-0.13944076929
-0.0745259989056
0.688250861069
0.585179919123
0.530351784321
-0.202286945309
-0.577708822734
-0.728110015103
0.143144817399
-0.943464020638
-0.0682466553313
0.833420676138
-0.189158269744
-0.949063906922
0.53394364702
-0.188474963138
0.213506590056
-1.14805964179
0.301400689657
-0.739974870194
-0.696233209433
-0.656989991495
-1.00483899149
-0.7733787248
-0.28452144037
0.0498102300613
-0.441839057518
-0.0211130156287
-0.850443385571
0.903317884126
-0.157389928496
0.464324084255
-0.989195569973
-0.522624269914
0.901421064186
-0.533691562302
0.805882634578
0.0155412682265
-0.689011256193
-0.846228737968
-0.883931827151
-0.924092725043
0.103709344515
-0.431112178885
-0.245377415602
0.988794715144
0.480329211181
0.0615517702379
0.50964488308
-0.833332728795
0.0811891650167
-0.272347864334
0.936969249033
0.00161955702589
-0.446527506816
-0.374753515787
0.954820088541
0.596702199672
0.125673415968
-0.110719488766
0.393657325468
-0.959340351495
0.245614213365
0.230526171768
-0.723070752372
-0.196811798126
-0.615199753344
0.839200810418
-0.588906976457
0.36004666394
-0.171957574995
0.648681207503
0.107323226761
-0.208792607225
0.746959265214
0.268498324039
-0.730795488679
0.0284666998735
0.857381106424
-0.96696151283
-0.349435760516
0.543706821823
0.937917900707
0.399706784257
-0.721469932054
-0.00929741009032
0.488274111631
-0.518752095321
0.297410820044
0.279431145607
0.683076296911
0.180390663988
-0.09961325208
-0.473431949302
0.931230864285
0.841988353943
-0.405889996984
0.834017209699
-0.0729624821728
0.700882693596
-0.348166154628
0.546672726401
0.982642417422
0.775091193746
-0.643413220167
0.0647325645696
-0.0686129020454
0.968214344477
0.0284031736748
-0.616309453957
0.0735747168109
-0.792903647677
-0.742726370233
-0.525222334138
-0.614450927639
0.791964179649
-0.496611976491
0.68920557044
