4
0
3
2
1
136
-0.823083270198
-18.3680173253
-2.93593718613
-29.7217328137
0.609441016146
-1.34483884362
-19.5929039066
-2.91345776487
-29.8658828764
-0.999872372756
0.754413048404
-0.809763423848
-0.684677728661
0.562391595517
-40.8259121308
-8.89428514406
-8.42101711621
-64.8712397303
-0.13944076929
-0.0745259989056
0.688250861069
0.585179919123
0.530351784321
-0.202286945309
-4.82351512499
-4.12450269558
-0.262983849832
-2.23560387958
-1.36038673691
-0.458719627563
-0.189158269744
-0.949063906922
0.53394364702
-62.2070071922
0.213506590056
-28.321439844
0.301400689657
-0.739974870194
-1.98837373475
-1.94913073791
-2.2969799585
-0.7733787248
-0.846349733495
-0.056251485699
-1.54141606797
-0.0211130156287
-0.850443385571
0.341422230415
-0.263454349316
-0.635351311899
-0.989195569973
-0.522624269914
0.901421064186
-0.533691562302
0.805882634578
-0.481574350685
-0.689011256193
-0.846228737968
-2.78101494265
-0.924092725043
0.103709344515
-0.431112178885
-0.245377415602
0.988794715144
0.480329211181
-0.115326817821
0.408130144493
-0.833332728795
0.0811891650167
-0.272347864334
0.936969249033
0.00161955702589
-0.446527506816
-0.374753515787
0.954820088541
-0.102988356286
-0.0458631878262
-1.13885889685
0.393657325468
-0.959340351495
-0.454168140269
0.0589674007198
-1.75131287738
-0.196811798126
-0.615199753344
0.839200810418
-0.588906976457
0.36004666394
-0.915223865326
0.648681207503
0.107323226761
-1.65770831408
0.746959265214
0.268498324039
-0.730795488679
0.0284666998735
0.857381106424
-0.96696151283
-0.385755885548
0.509799736733
0.937917900707
0.399706784257
-0.721469932054
-0.00929741009032
0.488274111631
-0.518752095321
0.297410820044
-0.262310451515
-1.76074747002
0.0918940953195
-3.09005739789
-0.473431949302
0.389176135596
-1.60313338626
-0.494439577207
-2.15783307008
-0.0729624821728
0.700882693596
-0.348166154628
0.546672726401
0.982642417422
-1.90289738977
-2.40139740846
-1.69351532996
-3.51589961152
0.968214344477
0.0284031736748
-0.616309453957
0.0735747168109
-0.792903647677
-0.742726370233
-0.711665659399
-0.614450927639
0.704085149677
-0.496611976491
0.68920557044
