4
0
3
2
1
136
0.144327592852
-5.25705431192
-1.38298816912
-9.20243924234
0.609441016146
-0.377427980568
-6.48194089323
-1.36050874787
-9.34658930499
-0.999872372756
0.754413048404
-0.809763423848
-0.684677728661
0.562391595517
-13.6874916004
-3.19165268842
-2.71838466057
-21.210459983
-0.13944076929
-0.0745259989056
0.688250861069
0.585179919123
0.530351784321
-0.202286945309
-1.8958243553
-1.78235007981
0.0170561368385
-1.34456755835
-0.469350415678
0.432316693667
-0.189158269744
-0.949063906922
0.53394364702
-19.4372637663
0.213506590056
-9.58421891539
0.301400689657
-0.739974870194
-1.09733741352
-1.05809441668
-1.40594363727
-0.7733787248
-0.445388967965
0.0181356328949
-0.762614494089
-0.0211130156287
-0.850443385571
0.742399742696
-0.189066298386
0.143476077805
-0.989195569973
-0.522624269914
0.901421064186
-0.533691562302
0.805882634578
-0.12925191469
-0.689011256193
-0.846228737968
-1.44172520307
-0.924092725043
0.103709344515
-0.431112178885
-0.245377415602
0.988794715144
0.480329211181
0.0104953194327
0.480682188906
-0.833332728795
0.0811891650167
-0.272347864334
0.936969249033
0.00161955702589
-0.446527506816
-0.374753515787
0.954820088541
0.396797748167
0.0771620334661
-0.410350624148
0.393657325468
-0.959340351495
0.0456420661562
0.181998013612
-1.02277785917
-0.196811798126
-0.615199753344
0.839200810418
-0.588906976457
0.36004666394
-0.388713010797
0.648681207503
0.107323226761
-0.629493917907
0.746959265214
0.268498324039
-0.730795488679
0.0284666998735
0.857381106424
-0.96696151283
-0.360457036977
0.534502021425
0.937917900707
0.399706784257
-0.721469932054
-0.00929741009032
0.488274111631
-0.518752095321
0.297410820044
0.21232157327
0.293454454517
0.166900218484
-0.629570387949
-0.473431949302
0.86389705594
0.451375661529
-0.41941999961
0.302972502402
-0.0729624821728
0.700882693596
-0.348166154628
0.546672726401
0.982642417422
0.307132153304
-0.962894898814
-0.254971791236
-0.715050120412
0.968214344477
0.0284031736748
-0.616309453957
0.0735747168109
-0.792903647677
-0.742726370233
-0.561521329943
-0.614450927639
0.779517430198
-0.496611976491
0.68920557044
