4
0
3
2
1
136
-0.032946649068
-7.65958680129
-1.66755997852
-12.9625192162
0.609441016146
-0.554702222488
-8.8844733826
-1.64508055727
-13.1066692788
-0.999872372756
0.754413048404
-0.809763423848
-0.684677728661
0.562391595517
-18.6605005981
-4.23663769338
-3.76336966553
-29.2111264288
-0.13944076929
-0.0745259989056
0.688250861069
0.585179919123
0.530351784321
-0.202286945309
-2.43231219268
-2.21154034971
-0.0342600910855
-1.50784646538
-0.632629322709
0.269037786635
-0.189158269744
-0.949063906922
0.53394364702
-27.2746513051
0.213506590056
-13.0177410751
0.301400689657
-0.739974870194
-1.26061632055
-1.22137332371
-1.5692225443
-0.7733787248
-0.516937664986
0.00478107039806
-0.902272375353
-0.0211130156287
-0.850443385571
0.670842861616
-0.202421220245
0.00380601157999
-0.989195569973
-0.522624269914
0.901421064186
-0.533691562302
0.805882634578
-0.192508450145
-0.689011256193
-0.846228737968
-1.68135651187
-0.924092725043
0.103709344515
-0.431112178885
-0.245377415602
0.988794715144
0.480329211181
-0.0120622689511
0.467921994296
-0.833332728795
0.0811891650167
-0.272347864334
0.936969249033
0.00161955702589
-0.446527506816
-0.374753515787
0.954820088541
0.307793593355
0.0553640625334
-0.540972218103
0.393657325468
-0.959340351495
-0.0433734453206
0.160197428859
-1.15341215788
-0.196811798126
-0.615199753344
0.839200810418
-0.588906976457
0.36004666394
-0.483147304391
0.648681207503
0.107323226761
-0.812355401085
0.746959265214
0.268498324039
-0.730795488679
0.0284666998735
0.857381106424
-0.96696151283
-0.365051384406
0.530195010115
0.937917900707
0.399706784257
-0.721469932054
-0.00929741009032
0.488274111631
-0.518752095321
0.297410820044
0.13214412318
-0.0590085130873
0.15415217427
-1.05568118033
-0.473431949302
0.783638300672
0.0986393899415
-0.432180060173
-0.123421756811
-0.0729624821728
0.700882693596
-0.348166154628
0.546672726401
0.982642417422
-0.0760421348288
-1.21687814868
-0.508993492574
-1.1989004872
0.968214344477
0.0284031736748
-0.616309453957
0.0735747168109
-0.792903647677
-0.742726370233
-0.587315692243
-0.614450927639
0.766414645422
-0.496611976491
0.68920557044
