4
0
3
2
1
136
0.29627694307
-3.1977407496
-1.13906947535
-5.9795135505
0.609441016146
-0.225478630351
-4.42262733091
-1.1165900541
-6.12366361315
-0.999872372756
0.754413048404
-0.809763423848
-0.684677728661
0.562391595517
-9.42491245946
-2.29595125559
-1.82268322774
-14.3527458867
-0.13944076929
-0.0745259989056
0.688250861069
0.585179919123
0.530351784321
-0.202286945309
-1.43597763755
-1.4144727056
0.0610414750591
-1.20461420952
-0.32939706685
0.572270042495
-0.189158269744
-0.949063906922
0.53394364702
-12.7195030188
0.213506590056
-6.64119992138
0.301400689657
-0.739974870194
-0.957384064689
-0.918141067853
-1.26599028844
-0.7733787248
-0.386097741748
0.0294024638225
-0.645998537567
-0.0211130156287
-0.850443385571
0.801702842925
-0.177799016595
0.260109264887
-0.989195569973
-0.522624269914
0.901421064186
-0.533691562302
0.805882634578
-0.0764563474712
-0.689011256193
-0.846228737968
-1.24088938188
-0.924092725043
0.103709344515
-0.431112178885
-0.245377415602
0.988794715144
0.480329211181
0.0292553744705
0.491246719168
-0.833332728795
0.0811891650167
-0.272347864334
0.936969249033
0.00161955702589
-0.446527506816
-0.374753515787
0.954820088541
0.470487411105
0.0951468732275
-0.301330408111
0.393657325468
-0.959340351495
0.119347862766
0.199986738788
-0.913739583717
-0.196811798126
-0.615199753344
0.839200810418
-0.588906976457
0.36004666394
-0.309850444731
0.648681207503
0.107323226761
-0.476991752358
0.746959265214
0.268498324039
-0.730795488679
0.0284666998735
0.857381106424
-0.96696151283
-0.356556892545
0.53798864475
0.937917900707
0.399706784257
-0.721469932054
-0.00929741009032
0.488274111631
-0.518752095321
0.297410820044
0.253471212128
0.505385742374
0.174312923514
-0.3597235943
-0.473431949302
0.905189185319
0.66383627577
-0.411985527415
0.573380624231
-0.0729624821728
0.700882693596
-0.348166154628
0.546672726401
0.982642417422
0.548767463729
-0.797557843276
-0.0895280848677
-0.400428207294
0.968214344477
0.0284031736748
-0.616309453957
0.0735747168109
-0.792903647677
-0.742726370233
-0.54435648246
-0.614450927639
0.786996960723
-0.496611976491
0.68920557044
