4
0
3
2
1
136
-0.0911938999847
-8.44899033351
-1.76106214447
-14.1979740647
0.609441016146
-0.612949473405
-9.67387691482
-1.73858272321
-14.3421241273
-0.999872372756
0.754413048404
-0.809763423848
-0.684677728661
0.562391595517
-20.2944892688
-4.57998990929
-4.10672188144
-31.8399168325
-0.13944076929
-0.0745259989056
0.688250861069
0.585179919123
0.530351784321
-0.202286945309
-2.60858676781
-2.35256000983
-0.0511211374034
-1.56149524912
-0.686278106448
0.215389002896
-0.189158269744
-0.949063906922
0.53394364702
-29.849792925
0.213506590056
-14.1458983561
0.301400689657
-0.739974870194
-1.31426510429
-1.27502210745
-1.62287132804
-0.7733787248
-0.540806350836
0.000353881392501
-0.94871796906
-0.0211130156287
-0.850443385571
0.646972418694
-0.206848497484
-0.0426422624626
-0.989195569973
-0.522624269914
0.901421064186
-0.533691562302
0.805882634578
-0.213540453369
-0.689011256193
-0.846228737968
-1.76100086261
-0.924092725043
0.103709344515
-0.431112178885
-0.245377415602
0.988794715144
0.480329211181
-0.0195714750013
0.463650730849
-0.833332728795
0.0811891650167
-0.272347864334
0.936969249033
0.00161955702589
-0.446527506816
-0.374753515787
0.954820088541
0.27808067244
0.0480743074288
-0.584418841847
0.393657325468
-0.959340351495
-0.0730888547377
0.152907121238
-1.19686156126
-0.196811798126
-0.615199753344
0.839200810418
-0.588906976457
0.36004666394
-0.514546841781
0.648681207503
0.107323226761
-0.873289456427
0.746959265214
0.268498324039
-0.730795488679
0.0284666998735
0.857381106424
-0.96696151283
-0.366568126335
0.528740763506
0.937917900707
0.399706784257
-0.721469932054
-0.00929741009032
0.488274111631
-0.518752095321
0.297410820044
0.103391873657
-0.182942153913
0.149623279957
-1.20411005012
-0.473431949302
0.754881497526
-0.0253127421217
-0.436709773345
-0.271869725976
-0.0729624821728
0.700882693596
-0.348166154628
0.546672726401
0.982642417422
-0.209374125363
-1.30381697278
-0.595933935665
-1.36719512577
0.968214344477
0.0284031736748
-0.616309453957
0.0735747168109
-0.792903647677
-0.742726370233
-0.596325015475
-0.614450927639
0.761848081253
-0.496611976491
0.68920557044
