4
0
3
2
1
136
-0.691393833343
-16.5832789047
-2.72454098486
-26.9285305475
0.609441016146
-1.21314940676
-17.808165486
-2.70206156361
-27.0726806101
-0.999872372756
0.754413048404
-0.809763423848
-0.684677728661
0.562391595517
-37.1316768753
-8.11801056895
-7.6447425411
-58.9278875134
-0.13944076929
-0.0745259989056
0.688250861069
0.585179919123
0.530351784321
-0.202286945309
-4.42498130293
-3.80567563793
-0.224863223375
-2.11431097721
-1.23909383454
-0.337426725197
-0.189158269744
-0.949063906922
0.53394364702
-56.3849478777
0.213506590056
-25.7708233825
0.301400689657
-0.739974870194
-1.86708083238
-1.82783783555
-2.17568705613
-0.7733787248
-0.791030317684
-0.0459760555209
-1.4341988543
-0.0211130156287
-0.850443385571
0.396741944672
-0.253178880498
-0.528133574054
-0.989195569973
-0.522624269914
0.901421064186
-0.533691562302
0.805882634578
-0.43312519615
-0.689011256193
-0.846228737968
-2.59586967116
-0.924092725043
0.103709344515
-0.431112178885
-0.245377415602
0.988794715144
0.480329211181
-0.0980194139058
0.418287620378
-0.833332728795
0.0811891650167
-0.272347864334
0.936969249033
0.00161955702589
-0.446527506816
-0.374753515787
0.954820088541
-0.0339224150937
-0.0287793751458
-1.03856456693
0.393657325468
-0.959340351495
-0.385101677388
0.0760513389186
-1.6510180099
-0.196811798126
-0.615199753344
0.839200810418
-0.588906976457
0.36004666394
-0.842720942565
0.648681207503
0.107323226761
-1.51491581926
0.746959265214
0.268498324039
-0.730795488679
0.0284666998735
0.857381106424
-0.96696151283
-0.382294489251
0.513250371764
0.937917900707
0.399706784257
-0.721469932054
-0.00929741009032
0.488274111631
-0.518752095321
0.297410820044
-0.196465760788
-1.47657682868
0.102290623912
-2.75043907563
-0.473431949302
0.455020826671
-1.31896273634
-0.484043048543
-1.81821473483
-0.0729624821728
0.700882693596
-0.348166154628
0.546672726401
0.982642417422
-1.59793377617
-2.20386327051
-1.49598119195
-3.12818087163
0.968214344477
0.0284031736748
-0.616309453957
0.0735747168109
-0.792903647677
-0.742726370233
-0.690872971812
-0.614450927639
0.714481683795
-0.496611976491
0.68920557044
