4
0
3
2
1
136
-0.230480804351
-10.3366944323
-1.98465428043
-17.1523226156
0.609441016146
-0.752236377771
-11.5615810136
-1.96217485917
-17.2964726782
-0.999872372756
0.754413048404
-0.809763423848
-0.684677728661
0.562391595517
-24.2018534812
-5.40104955605
-4.9277815282
-38.1261547542
-0.13944076929
-0.0745259989056
0.688250861069
0.585179919123
0.530351784321
-0.202286945309
-3.03011292575
-2.68978093618
-0.0914410307722
-1.68978581893
-0.814568676259
0.0870984330858
-0.189158269744
-0.949063906922
0.53394364702
-36.0077402769
0.213506590056
-16.8436657673
0.301400689657
-0.739974870194
-1.4425556741
-1.40331267726
-1.75116189785
-0.7733787248
-0.598345639349
-0.0102958683595
-1.06051647389
-0.0211130156287
-0.850443385571
0.589430173968
-0.217498413601
-0.154445367878
-0.989195569973
-0.522624269914
0.901421064186
-0.533691562302
0.805882634578
-0.264147770645
-0.689011256193
-0.846228737968
-1.95279445871
-0.924092725043
0.103709344515
-0.431112178885
-0.245377415602
0.988794715144
0.480329211181
-0.0376480577883
0.453314707279
-0.833332728795
0.0811891650167
-0.272347864334
0.936969249033
0.00161955702589
-0.446527506816
-0.374753515787
0.954820088541
0.206411884457
0.0304691414092
-0.689002392589
0.393657325468
-0.959340351495
-0.144761908855
0.13530102907
-1.30144986333
-0.196811798126
-0.615199753344
0.839200810418
-0.588906976457
0.36004666394
-0.590118454317
0.648681207503
0.107323226761
-1.02027329847
0.746959265214
0.268498324039
-0.730795488679
0.0284666998735
0.857381106424
-0.96696151283
-0.370205046383
0.525210091317
0.937917900707
0.399706784257
-0.721469932054
-0.00929741009032
0.488274111631
-0.518752095321
0.297410820044
0.0339634130719
-0.482243356153
0.138671957324
-1.56204478556
-0.473431949302
0.685450344788
-0.32462684463
-0.447661635995
-0.629817841821
-0.0729624821728
0.700882693596
-0.348166154628
0.546672726401
0.982642417422
-0.530806825489
-1.51251818545
-0.804636014184
-1.77373665544
0.968214344477
0.0284031736748
-0.616309453957
0.0735747168109
-0.792903647677
-0.742726370233
-0.618148909421
-0.614450927639
0.750868052983
-0.496611976491
0.68920557044
