4
0
3
2
1
136
-0.377365176227
-12.3273642092
-2.22044235107
-20.267817451
0.609441016146
-0.899120749648
-13.5522507905
-2.19796292981
-20.4119675136
-0.999872372756
0.754413048404
-0.809763423848
-0.684677728661
0.562391595517
-28.3223466508
-6.26689427444
-5.79362624659
-44.7552783808
-0.13944076929
-0.0745259989056
0.688250861069
0.585179919123
0.530351784321
-0.202286945309
-3.47463141958
-3.04539573124
-0.133960191052
-1.82507405618
-0.949856913514
-0.0481898041691
-0.189158269744
-0.949063906922
0.53394364702
-42.5015756661
0.213506590056
-19.6885841282
0.301400689657
-0.739974870194
-1.57784391135
-1.53860091452
-1.8864501351
-0.7733787248
-0.659493819128
-0.0216052044438
-1.17917409108
-0.0211130156287
-0.850443385571
0.528280162247
-0.228807873527
-0.273105926376
-0.989195569973
-0.522624269914
0.901421064186
-0.533691562302
0.805882634578
-0.317830342404
-0.689011256193
-0.846228737968
-2.15661616523
-0.924092725043
0.103709344515
-0.431112178885
-0.245377415602
0.988794715144
0.480329211181
-0.0568278425893
0.442265771484
-0.833332728795
0.0811891650167
-0.272347864334
0.936969249033
0.00161955702589
-0.446527506816
-0.374753515787
0.954820088541
0.130190983826
0.0117134914565
-0.800002895515
0.393657325468
-0.959340351495
-0.220985543897
0.116544798053
-1.41245338744
-0.196811798126
-0.615199753344
0.839200810418
-0.588906976457
0.36004666394
-0.670320391245
0.648681207503
0.107323226761
-1.17678726352
0.746959265214
0.268498324039
-0.730795488679
0.0284666998735
0.857381106424
-0.96696151283
-0.374051152361
0.521430703851
0.937917900707
0.399706784257
-0.721469932054
-0.00929741009032
0.488274111631
-0.518752095321
0.297410820044
-0.0394543900459
-0.798983628967
0.127081630803
-1.94062742107
-0.473431949302
0.612032234564
-0.641369155467
-0.459252032815
-1.00840264125
-0.0729624821728
0.700882693596
-0.348166154628
0.546672726401
0.982642417422
-0.870756425036
-1.73282255523
-1.02494046806
-2.20464271064
0.968214344477
0.0284031736748
-0.616309453957
0.0735747168109
-0.792903647677
-0.742726370233
-0.641300789015
-0.614450927639
0.739273310332
-0.496611976491
0.68920557044
