4
0
3
2
1
136
-0.468534786358
-13.5629523466
-2.36679356733
-22.2015728661
0.609441016146
-0.990290359778
-14.7878389279
-2.34431414608
-22.3457229288
-0.999872372756
0.754413048404
-0.809763423848
-0.684677728661
0.562391595517
-30.8798941353
-6.80431513414
-6.33104710629
-48.8699068386
-0.13944076929
-0.0745259989056
0.688250861069
0.585179919123
0.530351784321
-0.202286945309
-3.75053945023
-3.26612215577
-0.160351393984
-1.90904606551
-1.03382892284
-0.1321618135
-0.189158269744
-0.949063906922
0.53394364702
-46.5322321147
0.213506590056
-21.4543955246
0.301400689657
-0.739974870194
-1.66181592068
-1.62257292385
-1.97042214443
-0.7733787248
-0.697599917194
-0.028657279544
-1.25307513578
-0.0211130156287
-0.850443385571
0.490173343651
-0.235860006177
-0.34700815941
-0.989195569973
-0.522624269914
0.901421064186
-0.533691562302
0.805882634578
-0.351250530747
-0.689011256193
-0.846228737968
-2.28373176639
-0.924092725043
0.103709344515
-0.431112178885
-0.245377415602
0.988794715144
0.480329211181
-0.0687685276943
0.435347370402
-0.833332728795
0.0811891650167
-0.272347864334
0.936969249033
0.00161955702589
-0.446527506816
-0.374753515787
0.954820088541
0.0826664747833
2.64842998802e-06
-0.869134102396
0.393657325468
-0.959340351495
-0.268511166511
0.104833718506
-1.4815858109
-0.196811798126
-0.615199753344
0.839200810418
-0.588906976457
0.36004666394
-0.720272690287
0.648681207503
0.107323226761
-1.27453325129
0.746959265214
0.268498324039
-0.730795488679
0.0284666998735
0.857381106424
-0.96696151283
-0.376442167655
0.519066112155
0.937917900707
0.399706784257
-0.721469932054
-0.00929741009032
0.488274111631
-0.518752095321
0.297410820044
-0.0850369915481
-0.99568685022
0.119884576603
-2.17571607047
-0.473431949302
0.566449605377
-0.838072634813
-0.466449093639
-1.2434915793
-0.0729624821728
0.700882693596
-0.348166154628
0.546672726401
0.982642417422
-1.0818557834
-1.86957523609
-1.1616931555
-2.4725511784
0.968214344477
0.0284031736748
-0.616309453957
0.0735747168109
-0.792903647677
-0.742726370233
-0.65568893174
-0.614450927639
0.732075797807
-0.496611976491
0.68920557044
