4
0
3
2
1
136
-0.904122923648
-19.4663178919
-3.06602715614
-31.4406265161
0.609441016146
-1.42587849707
-20.6912044732
-3.04354773488
-31.5847765787
-0.999872372756
0.754413048404
-0.809763423848
-0.684677728661
0.562391595517
-43.0992876726
-9.3719925749
-8.89872454705
-68.5286872484
-0.13944076929
-0.0745259989056
0.688250861069
0.585179919123
0.530351784321
-0.202286945309
-5.06876670779
-4.32070396182
-0.286442696883
-2.31024566565
-1.43502852298
-0.533361413635
-0.189158269744
-0.949063906922
0.53394364702
-65.7898129242
0.213506590056
-29.8910499741
0.301400689657
-0.739974870194
-2.06301552082
-2.02377252398
-2.37162174457
-0.7733787248
-0.880416181791
-0.0625867769546
-1.60743693606
-0.0211130156287
-0.850443385571
0.30735565877
-0.269789659387
-0.701372399992
-0.989195569973
-0.522624269914
0.901421064186
-0.533691562302
0.805882634578
-0.511403334223
-0.689011256193
-0.846228737968
-2.89514555283
-0.924092725043
0.103709344515
-0.431112178885
-0.245377415602
0.988794715144
0.480329211181
-0.125981996228
0.401857195107
-0.833332728795
0.0811891650167
-0.272347864334
0.936969249033
0.00161955702589
-0.446527506816
-0.374753515787
0.954820088541
-0.145529929676
-0.0563976942526
-1.20061684655
0.393657325468
-0.959340351495
-0.496709940149
0.0484328351446
-1.81307105376
-0.196811798126
-0.615199753344
0.839200810418
-0.588906976457
0.36004666394
-0.959876653012
0.648681207503
0.107323226761
-1.7457986871
0.746959265214
0.268498324039
-0.730795488679
0.0284666998735
0.857381106424
-0.96696151283
-0.387886711067
0.507673272178
0.937917900707
0.399706784257
-0.721469932054
-0.00929741009032
0.488274111631
-0.518752095321
0.297410820044
-0.302830274698
-1.93562225153
0.0854962286185
-3.29905398545
-0.473431949302
0.348656312369
-1.77800816939
-0.500837443917
-2.36682966051
-0.0729624821728
0.700882693596
-0.348166154628
0.546672726401
0.982642417422
-2.09056788144
-2.5229568865
-1.81507480801
-3.75456575786
0.968214344477
0.0284031736748
-0.616309453957
0.0735747168109
-0.792903647677
-0.742726370233
-0.724461315163
-0.614450927639
0.69768728233
-0.496611976491
0.68920557044
