4
0
3
2
1
136
-0.384962643738
-12.4303298873
-2.23263828576
-20.4289637356
0.609441016146
-0.906718217159
-13.6552164686
-2.2101588645
-20.5731137982
-0.999872372756
0.754413048404
-0.809763423848
-0.684677728661
0.562391595517
-28.5354756078
-6.31167934609
-5.83841131824
-45.0981640856
-0.13944076929
-0.0745259989056
0.688250861069
0.585179919123
0.530351784321
-0.202286945309
-3.49762375547
-3.06378959995
-0.136159457963
-1.83207172363
-0.956854580958
-0.0551874716133
-0.189158269744
-0.949063906922
0.53394364702
-42.8374637035
0.213506590056
-19.8357350779
0.301400689657
-0.739974870194
-1.5848415788
-1.54559858196
-1.89344780255
-0.7733787248
-0.662665697122
-0.0221920117521
-1.18532645086
-0.0211130156287
-0.850443385571
0.525108214292
-0.229394686123
-0.27925840056
-0.989195569973
-0.522624269914
0.901421064186
-0.533691562302
0.805882634578
-0.320612993021
-0.689011256193
-0.846228737968
-2.16719339871
-0.924092725043
0.103709344515
-0.431112178885
-0.245377415602
0.988794715144
0.480329211181
-0.0578220616883
0.441690839572
-0.833332728795
0.0811891650167
-0.272347864334
0.936969249033
0.00161955702589
-0.446527506816
-0.374753515787
0.954820088541
0.126235828772
0.0107393557667
-0.805758190951
0.393657325468
-0.959340351495
-0.224940805794
0.115570639734
-1.41820880011
-0.196811798126
-0.615199753344
0.839200810418
-0.588906976457
0.36004666394
-0.674478879468
0.648681207503
0.107323226761
-1.18491699808
0.746959265214
0.268498324039
-0.730795488679
0.0284666998735
0.857381106424
-0.96696151283
-0.374250310314
0.521234107898
0.937917900707
0.399706784257
-0.721469932054
-0.00929741009032
0.488274111631
-0.518752095321
0.297410820044
-0.0432528061788
-0.81537415354
0.126481909436
-1.9602167143
-0.473431949302
0.608233814438
-0.657759714166
-0.459851755136
-1.02799197198
-0.0729624821728
0.700882693596
-0.348166154628
0.546672726401
0.982642417422
-0.888346722529
-1.74421849841
-1.03633641223
-2.22695865085
0.968214344477
0.0284031736748
-0.616309453957
0.0735747168109
-0.792903647677
-0.742726370233
-0.642499523188
-0.614450927639
0.738673524178
-0.496611976491
0.68920557044
