4
0
3
2
1
136
0.116470211979
-5.63459513167
-1.42770659632
-9.79330895251
0.609441016146
-0.405285361441
-6.85948171299
-1.40522717506
-9.93745901516
-0.999872372756
0.754413048404
-0.809763423848
-0.684677728661
0.562391595517
-14.4689644429
-3.35586461777
-2.88259658992
-22.4677075674
-0.13944076929
-0.0745259989056
0.688250861069
0.585179919123
0.530351784321
-0.202286945309
-1.98012958689
-1.84979426508
0.00899215816473
-1.37022567231
-0.49500852964
0.406658579705
-0.189158269744
-0.949063906922
0.53394364702
-20.6688532367
0.213506590056
-10.1237723976
0.301400689657
-0.739974870194
-1.12299552748
-1.08375253064
-1.43160175123
-0.7733787248
-0.45649487537
0.0160504962003
-0.784349920463
-0.0211130156287
-0.850443385571
0.731292204101
-0.191151502063
0.121738251408
-0.989195569973
-0.522624269914
0.901421064186
-0.533691562302
0.805882634578
-0.139096884939
-0.689011256193
-0.846228737968
-1.47905594774
-0.924092725043
0.103709344515
-0.431112178885
-0.245377415602
0.988794715144
0.480329211181
0.00698856121866
0.47870441749
-0.833332728795
0.0811891650167
-0.272347864334
0.936969249033
0.00161955702589
-0.446527506816
-0.374753515787
0.954820088541
0.38298855402
0.0737844320425
-0.430676764232
0.393657325468
-0.959340351495
0.0318306300923
0.178619886099
-1.04310650824
-0.196811798126
-0.615199753344
0.839200810418
-0.588906976457
0.36004666394
-0.403411789716
0.648681207503
0.107323226761
-0.657925826615
0.746959265214
0.268498324039
-0.730795488679
0.0284666998735
0.857381106424
-0.96696151283
-0.361176364579
0.533839637922
0.937917900707
0.399706784257
-0.721469932054
-0.00929741009032
0.488274111631
-0.518752095321
0.297410820044
0.201295139159
0.243060073862
0.165101526674
-0.691322487724
-0.473431949302
0.85284664985
0.400902970474
-0.421222067721
0.241138865334
-0.0729624821728
0.700882693596
-0.348166154628
0.546672726401
0.982642417422
0.251576827013
-1.00032801115
-0.29241767769
-0.785541571088
0.968214344477
0.0284031736748
-0.616309453957
0.0735747168109
-0.792903647677
-0.742726370233
-0.565284440035
-0.614450927639
0.777642988955
-0.496611976491
0.68920557044
