4
0
3
2
1
136
-0.511587102253
-14.1464245226
-2.4359038639
-23.1147351455
0.609441016146
-1.03334267567
-15.3713111039
-2.41342444264
-23.2588852081
-0.999872372756
0.754413048404
-0.809763423848
-0.684677728661
0.562391595517
-32.0876248919
-7.05809720677
-6.58482917892
-50.8129258326
-0.13944076929
-0.0745259989056
0.688250861069
0.585179919123
0.530351784321
-0.202286945309
-3.88082935359
-3.37035407846
-0.17281390648
-1.94869951436
-1.07348237169
-0.17181526235
-0.189158269744
-0.949063906922
0.53394364702
-48.4355976598
0.213506590056
-22.2882509062
0.301400689657
-0.739974870194
-1.70146936953
-1.6622263727
-2.01007559328
-0.7733787248
-0.715622822032
-0.0319947491633
-1.2880204768
-0.0211130156287
-0.850443385571
0.472150175727
-0.239197498946
-0.381953940712
-0.989195569973
-0.522624269914
0.901421064186
-0.533691562302
0.805882634578
-0.367050632855
-0.689011256193
-0.846228737968
-2.34388949822
-0.924092725043
0.103709344515
-0.431112178885
-0.245377415602
0.988794715144
0.480329211181
-0.0744136126846
0.432066833885
-0.833332728795
0.0811891650167
-0.272347864334
0.936969249033
0.00161955702589
-0.446527506816
-0.374753515787
0.954820088541
0.0601830321739
-0.00554202767691
-0.901823671299
0.393657325468
-0.959340351495
-0.290995024781
0.099288953277
-1.51427583006
-0.196811798126
-0.615199753344
0.839200810418
-0.588906976457
0.36004666394
-0.743894779297
0.648681207503
0.107323226761
-1.32082358092
0.746959265214
0.268498324039
-0.730795488679
0.0284666998735
0.857381106424
-0.96696151283
-0.377572004255
0.517945935892
0.937917900707
0.399706784257
-0.721469932054
-0.00929741009032
0.488274111631
-0.518752095321
0.297410820044
-0.106562785023
-1.088582512
0.116485799214
-2.28673835657
-0.473431949302
0.544923807328
-0.930968348824
-0.469847872115
-1.35451392655
-0.0729624821728
0.700882693596
-0.348166154628
0.546672726401
0.982642417422
-1.18154919287
-1.93415344276
-1.22627136318
-2.59913816829
0.968214344477
0.0284031736748
-0.616309453957
0.0735747168109
-0.792903647677
-0.742726370233
-0.662485011456
-0.614450927639
0.728676942375
-0.496611976491
0.68920557044
