4
0
3
2
1
136
-1.07633218723
-21.8002065959
-3.34246834241
-35.0932756335
0.609441016146
-1.59808776065
-23.0250931772
-3.31998892116
-35.2374256961
-0.999872372756
0.754413048404
-0.809763423848
-0.684677728661
0.562391595517
-47.9302106989
-10.3871208654
-9.91385283758
-76.3007632244
-0.13944076929
-0.0745259989056
0.688250861069
0.585179919123
0.530351784321
-0.202286945309
-5.58992632124
-4.73763165259
-0.336292746867
-2.46885946105
-1.59364231838
-0.691975209037
-0.189158269744
-0.949063906922
0.53394364702
-73.4032751048
0.213506590056
-33.2264715007
0.301400689657
-0.739974870194
-2.22162931622
-2.18238631939
-2.53023553997
-0.7733787248
-0.952845926385
-0.0760736883533
-1.74779781161
-0.0211130156287
-0.850443385571
0.234925746402
-0.283276601528
-0.841733578288
-0.989195569973
-0.522624269914
0.901421064186
-0.533691562302
0.805882634578
-0.574811877131
-0.689011256193
-0.846228737968
-3.13806590731
-0.924092725043
0.103709344515
-0.431112178885
-0.245377415602
0.988794715144
0.480329211181
-0.148630933853
0.388481338733
-0.833332728795
0.0811891650167
-0.272347864334
0.936969249033
0.00161955702589
-0.446527506816
-0.374753515787
0.954820088541
-0.235998499553
-0.0788273958314
-1.33191515739
0.393657325468
-0.959340351495
-0.58717883671
0.0260030379578
-1.94436967907
-0.196811798126
-0.615199753344
0.839200810418
-0.588906976457
0.36004666394
-1.05482855776
0.648681207503
0.107323226761
-1.93344757726
0.746959265214
0.268498324039
-0.730795488679
0.0284666998735
0.857381106424
-0.96696151283
-0.3924159587
0.503149767042
0.937917900707
0.399706784257
-0.721469932054
-0.00929741009032
0.488274111631
-0.518752095321
0.297410820044
-0.388934904934
-2.30723154344
0.0719007607077
-3.74317229804
-0.473431949302
0.262551682113
-2.14961746234
-0.514432911831
-2.81094797523
-0.0729624821728
0.700882693596
-0.348166154628
0.546672726401
0.982642417422
-2.48936809161
-2.78127078095
-2.07338870247
-4.26185286016
0.968214344477
0.0284031736748
-0.616309453957
0.0735747168109
-0.792903647677
-0.742726370233
-0.751652198502
-0.614450927639
0.684091814161
-0.496611976491
0.68920557044
