4
0
3
2
1
136
0.549525712963
0.23442421914
-0.732540161697
-0.60798024229
0.609441016146
0.0277701518984
-0.990461410631
-0.710060728626
-0.752129726313
-0.999872372756
0.754413048404
-0.809763423848
-0.684677728661
0.562391595517
-2.32064604015
-0.803118242028
-0.329850174064
-2.92378593282
-0.13944076929
-0.0745259989056
0.688250861069
0.585179919123
0.530351784321
-0.202286945309
-0.669568635578
-0.801363358561
0.134350368595
-0.97137933838
-0.0961621475146
0.805505009915
-0.189158269744
-0.949063906922
0.53394364702
-1.52371706854
0.213506590056
-1.73617105859
0.301400689657
-0.739974870194
-0.724149049296
-0.684906004599
-1.03275517743
-0.7733787248
-0.294640639608
0.0476709221997
-0.462582606699
-0.0211130156287
-0.850443385571
0.893193483155
-0.159529411327
0.443573098699
-0.989195569973
-0.522624269914
0.901421064186
-0.533691562302
0.805882634578
0.00624544433058
-0.689011256193
-0.846228737968
-0.920740962484
-0.924092725043
0.103709344515
-0.431112178885
-0.245377415602
0.988794715144
0.480329211181
0.0583265929564
0.507772400016
-0.833332728795
0.0811891650167
-0.272347864334
0.936969249033
0.00161955702589
-0.446527506816
-0.374753515787
0.954820088541
0.584119912683
0.122654725671
-0.130067914719
0.393657325468
-0.959340351495
0.233025057243
0.227505755702
-0.742426924652
-0.196811798126
-0.615199753344
0.839200810418
-0.588906976457
0.36004666394
-0.185944889162
0.648681207503
0.107323226761
-0.236220029648
0.746959265214
0.268498324039
-0.730795488679
0.0284666998735
0.857381106424
-0.96696151283
-0.350185429853
0.543154178972
0.937917900707
0.399706784257
-0.721469932054
-0.00929741009032
0.488274111631
-0.518752095321
0.297410820044
0.277902806479
0.671226062739
0.179985086457
-0.118821150014
-0.473431949302
0.929699274312
0.830114735994
-0.406296459867
0.814780392064
-0.0729624821728
0.700882693596
-0.348166154628
0.546672726401
0.982642417422
0.758770648575
-0.654319873234
0.0538194025757
-0.0949901389425
0.968214344477
0.0284031736748
-0.616309453957
0.0735747168109
-0.792903647677
-0.742726370233
-0.526764946509
-0.614450927639
0.791681142786
-0.496611976491
0.68920557044
