4
0
3
2
1
136
-0.830680737709
-18.4709830034
-2.94813312082
-29.8828790983
0.609441016146
-1.35243631113
-19.6958695848
-2.92565369956
-30.027029161
-0.999872372756
0.754413048404
-0.809763423848
-0.684677728661
0.562391595517
-41.0390410878
-8.9390702157
-8.46580218785
-65.2141254352
-0.13944076929
-0.0745259989056
0.688250861069
0.585179919123
0.530351784321
-0.202286945309
-4.84650746087
-4.14289656429
-0.265183116743
-2.24260154702
-1.36738440435
-0.465717295007
-0.189158269744
-0.949063906922
0.53394364702
-62.5428952296
0.213506590056
-28.4685907937
0.301400689657
-0.739974870194
-1.99537140219
-1.95612840536
-2.30397762594
-0.7733787248
-0.849542817443
-0.0568450623416
-1.5476044071
-0.0211130156287
-0.850443385571
0.338229133285
-0.264047927865
-0.64153967444
-0.989195569973
-0.522624269914
0.901421064186
-0.533691562302
0.805882634578
-0.484370440148
-0.689011256193
-0.846228737968
-2.79170890237
-0.924092725043
0.103709344515
-0.431112178885
-0.245377415602
0.988794715144
0.480329211181
-0.116325623169
0.407542720815
-0.833332728795
0.0811891650167
-0.272347864334
0.936969249033
0.00161955702589
-0.446527506816
-0.374753515787
0.954820088541
-0.106975531345
-0.0468501597376
-1.14464765766
0.393657325468
-0.959340351495
-0.458155339141
0.0579804227686
-1.75710166227
-0.196811798126
-0.615199753344
0.839200810418
-0.588906976457
0.36004666394
-0.919409052184
0.648681207503
0.107323226761
-1.66596022073
0.746959265214
0.268498324039
-0.730795488679
0.0284666998735
0.857381106424
-0.96696151283
-0.385955630057
0.509600461694
0.937917900707
0.399706784257
-0.721469932054
-0.00929741009032
0.488274111631
-0.518752095321
0.297410820044
-0.266109184745
-1.77714197085
0.0912942953561
-3.10965081428
-0.473431949302
0.385377402359
-1.6195278873
-0.495039377172
-2.17742648684
-0.0729624821728
0.700882693596
-0.348166154628
0.546672726401
0.982642417422
-1.92049148763
-2.4127936094
-1.70491153091
-3.53827260365
0.968214344477
0.0284031736748
-0.616309453957
0.0735747168109
-0.792903647677
-0.742726370233
-0.712865249183
-0.614450927639
0.703485349616
-0.496611976491
0.68920557044
