4
0
3
2
1
136
-0.764836019282
-17.5786137931
-2.84243502018
-28.4862779652
0.609441016146
-1.2865915927
-18.8035003744
-2.81995559893
-28.6304280278
-0.999872372756
0.754413048404
-0.809763423848
-0.684677728661
0.562391595517
-39.1919234601
-8.55093292814
-8.07766490029
-62.2424493267
-0.13944076929
-0.0745259989056
0.688250861069
0.585179919123
0.530351784321
-0.202286945309
-4.64724054985
-3.98348303547
-0.246122803514
-2.18195509584
-1.30673795317
-0.405070843824
-0.189158269744
-0.949063906922
0.53394364702
-59.6318655723
0.213506590056
-27.1932825629
0.301400689657
-0.739974870194
-1.93472495101
-1.89548195417
-2.24333117476
-0.7733787248
-0.821874643531
-0.0517033830927
-1.49398116798
-0.0211130156287
-0.850443385571
0.365897434681
-0.258906230993
-0.587916209893
-0.989195569973
-0.522624269914
0.901421064186
-0.533691562302
0.805882634578
-0.460140765838
-0.689011256193
-0.846228737968
-2.69907116254
-0.924092725043
0.103709344515
-0.431112178885
-0.245377415602
0.988794715144
0.480329211181
-0.107670289527
0.412628800792
-0.833332728795
0.0811891650167
-0.272347864334
0.936969249033
0.00161955702589
-0.446527506816
-0.374753515787
0.954820088541
-0.0724287131944
-0.038301144709
-1.09448684128
0.393657325468
-0.959340351495
-0.423608293805
0.0665294941187
-1.70694061434
-0.196811798126
-0.615199753344
0.839200810418
-0.588906976457
0.36004666394
-0.883145295035
0.648681207503
0.107323226761
-1.59449208172
0.746959265214
0.268498324039
-0.730795488679
0.0284666998735
0.857381106424
-0.96696151283
-0.384224673208
0.511326852821
0.937917900707
0.399706784257
-0.721469932054
-0.00929741009032
0.488274111631
-0.518752095321
0.297410820044
-0.233186832609
-1.63505640647
0.0964925611641
-2.93984134896
-0.473431949302
0.418299754585
-1.47744232031
-0.489841111347
-2.00761701729
-0.0729624821728
0.700882693596
-0.348166154628
0.546672726401
0.982642417422
-1.76800942322
-2.3140265361
-1.60614445759
-3.34438878598
0.968214344477
0.0284031736748
-0.616309453957
0.0735747168109
-0.792903647677
-0.742726370233
-0.702468836207
-0.614450927639
0.708683616783
-0.496611976491
0.68920557044
