4
0
3
2
1
136
-0.75217357343
-17.4070043296
-2.82210846237
-28.2177008242
0.609441016146
-1.27392914685
-18.6318909109
-2.79962904111
-28.3618508869
-0.999872372756
0.754413048404
-0.809763423848
-0.684677728661
0.562391595517
-38.8367085317
-8.47629114208
-8.00302311423
-61.670973152
-0.13944076929
-0.0745259989056
0.688250861069
0.585179919123
0.530351784321
-0.202286945309
-4.60891999003
-3.95282658762
-0.242457358663
-2.17029231676
-1.29507517409
-0.39340806475
-0.189158269744
-0.949063906922
0.53394364702
-59.0720521767
0.213506590056
-26.9480309801
0.301400689657
-0.739974870194
-1.92306217193
-1.8838191751
-2.23166839568
-0.7733787248
-0.81655531262
-0.0507153139091
-1.48367155219
-0.0211130156287
-0.850443385571
0.371216793868
-0.257918158119
-0.577606544379
-0.989195569973
-0.522624269914
0.901421064186
-0.533691562302
0.805882634578
-0.455482093855
-0.689011256193
-0.846228737968
-2.6812679204
-0.924092725043
0.103709344515
-0.431112178885
-0.245377415602
0.988794715144
0.480329211181
-0.106006082485
0.413605566718
-0.833332728795
0.0811891650167
-0.272347864334
0.936969249033
0.00161955702589
-0.446527506816
-0.374753515787
0.954820088541
-0.0657875221053
-0.0366583838104
-1.08484290729
0.393657325468
-0.959340351495
-0.416967053168
0.0681722669678
-1.69729662936
-0.196811798126
-0.615199753344
0.839200810418
-0.588906976457
0.36004666394
-0.876173668346
0.648681207503
0.107323226761
-1.58076121352
0.746959265214
0.268498324039
-0.730795488679
0.0284666998735
0.857381106424
-0.96696151283
-0.383891842226
0.511658664784
0.937917900707
0.399706784257
-0.721469932054
-0.00929741009032
0.488274111631
-0.518752095321
0.297410820044
-0.226855611962
-1.6077322958
0.0974922274649
-2.90718572897
-0.473431949302
0.42463097526
-1.45011820889
-0.48884144504
-1.97496139615
-0.0729624821728
0.700882693596
-0.348166154628
0.546672726401
0.982642417422
-1.73868598793
-2.29503286874
-1.58715079022
-3.30710773439
0.968214344477
0.0284031736748
-0.616309453957
0.0735747168109
-0.792903647677
-0.742726370233
-0.700469536465
-0.614450927639
0.709683283533
-0.496611976491
0.68920557044
