4
0
3
2
1
136
0.314004367262
-2.95748750066
-1.11061229441
-5.60350555312
0.609441016146
-0.207751206159
-4.18237408198
-1.08813287316
-5.74765561576
-0.999872372756
0.754413048404
-0.809763423848
-0.684677728661
0.562391595517
-8.92761155968
-2.1914527551
-1.71818472725
-13.5526792423
-0.13944076929
-0.0745259989056
0.688250861069
0.585179919123
0.530351784321
-0.202286945309
-1.38232885381
-1.37155367861
0.0661730978514
-1.1882863189
-0.313069176227
0.588597933117
-0.189158269744
-0.949063906922
0.53394364702
-11.935764265
0.213506590056
-6.29784770541
0.301400689657
-0.739974870194
-0.941056174066
-0.90181317723
-1.24966239781
-0.7733787248
-0.37935297509
0.0307038163165
-0.632651581398
-0.0211130156287
-0.850443385571
0.808449367647
-0.176497600986
0.273458748216
-0.989195569973
-0.522624269914
0.901421064186
-0.533691562302
0.805882634578
-0.0704191823605
-0.689011256193
-0.846228737968
-1.21781604922
-0.924092725043
0.103709344515
-0.431112178885
-0.245377415602
0.988794715144
0.480329211181
0.0313938035457
0.492451466337
-0.833332728795
0.0811891650167
-0.272347864334
0.936969249033
0.00161955702589
-0.446527506816
-0.374753515787
0.954820088541
0.478867206073
0.0971867509619
-0.288857830967
0.393657325468
-0.959340351495
0.127730026224
0.202027197904
-0.901264354516
-0.196811798126
-0.615199753344
0.839200810418
-0.588906976457
0.36004666394
-0.300825818986
0.648681207503
0.107323226761
-0.459529984156
0.746959265214
0.268498324039
-0.730795488679
0.0284666998735
0.857381106424
-0.96696151283
-0.356104945693
0.538379203945
0.937917900707
0.399706784257
-0.721469932054
-0.00929741009032
0.488274111631
-0.518752095321
0.297410820044
0.256386166755
0.52303040957
0.174919055436
-0.335925039114
-0.473431949302
0.908115438956
0.681533281396
-0.411377328507
0.597236145057
-0.0729624821728
0.700882693596
-0.348166154628
0.546672726401
0.982642417422
0.569861702107
-0.783033269472
-0.0749914411416
-0.371746963191
0.968214344477
0.0284031736748
-0.616309453957
0.0735747168109
-0.792903647677
-0.742726370233
-0.542743147911
-0.614450927639
0.787557777097
-0.496611976491
0.68920557044
