4
0
3
2
1
136
0.0860803419356
-6.04645784414
-1.47649033507
-10.4378940909
0.609441016146
-0.435675231485
-7.27134442545
-1.45401091381
-10.5820441535
-0.999872372756
0.754413048404
-0.809763423848
-0.684677728661
0.562391595517
-15.321480271
-3.53500490433
-3.06173687648
-23.8392503866
-0.13944076929
-0.0745259989056
0.688250861069
0.585179919123
0.530351784321
-0.202286945309
-2.07209893044
-1.92336973992
0.000195090520621
-1.39821634208
-0.522999199417
0.378667909928
-0.189158269744
-0.949063906922
0.53394364702
-22.0124053862
0.213506590056
-10.7123761964
0.301400689657
-0.739974870194
-1.15098619726
-1.11174320042
-1.459592421
-0.7733787248
-0.468676680343
0.0137696882867
-0.80816234426
-0.0211130156287
-0.850443385571
0.71910878267
-0.193432378204
0.0979234375309
-0.989195569973
-0.522624269914
0.901421064186
-0.533691562302
0.805882634578
-0.149883006443
-0.689011256193
-0.846228737968
-1.51993238128
-0.924092725043
0.103709344515
-0.431112178885
-0.245377415602
0.988794715144
0.480329211181
0.00314448158523
0.476534258231
-0.833332728795
0.0811891650167
-0.272347864334
0.936969249033
0.00161955702589
-0.446527506816
-0.374753515787
0.954820088541
0.36783901517
0.0700769276366
-0.452946800585
0.393657325468
-0.959340351495
0.0166788607878
0.174911862723
-1.06537904053
-0.196811798126
-0.615199753344
0.839200810418
-0.588906976457
0.36004666394
-0.419514579677
0.648681207503
0.107323226761
-0.689083764293
0.746959265214
0.268498324039
-0.730795488679
0.0284666998735
0.857381106424
-0.96696151283
-0.361962335253
0.533110215995
0.937917900707
0.399706784257
-0.721469932054
-0.00929741009032
0.488274111631
-0.518752095321
0.297410820044
0.188315192287
0.185125380226
0.163020179041
-0.761786547035
-0.473431949302
0.839845923363
0.342900185769
-0.423306395419
0.170604128243
-0.0729624821728
0.700882693596
-0.348166154628
0.546672726401
0.982642417422
0.188178349265
-1.04274175049
-0.334841578361
-0.86569678119
0.968214344477
0.0284031736748
-0.616309453957
0.0735747168109
-0.792903647677
-0.742726370233
-0.56955286248
-0.614450927639
0.775481265932
-0.496611976491
0.68920557044
