4
0
3
2
1
136
-0.653406495789
-16.0684505141
-2.66356131142
-26.1227991245
0.609441016146
-1.17516206921
-17.2933370954
-2.64108189016
-26.2669491872
-0.999872372756
0.754413048404
-0.809763423848
-0.684677728661
0.562391595517
-36.0660320901
-7.89408521074
-7.42081718289
-57.2134589893
-0.13944076929
-0.0745259989056
0.688250861069
0.585179919123
0.530351784321
-0.202286945309
-4.3100196235
-3.71370629438
-0.213866888819
-2.07932263999
-1.20410549732
-0.302438387976
-0.189158269744
-0.949063906922
0.53394364702
-54.7055076908
0.213506590056
-25.035068634
0.301400689657
-0.739974870194
-1.83209249516
-1.79284949832
-2.14069871891
-0.7733787248
-0.775084685265
-0.0430171292487
-1.40329132497
-0.0211130156287
-0.850443385571
0.412687694043
-0.250219940805
-0.497225841993
-0.989195569973
-0.522624269914
0.901421064186
-0.533691562302
0.805882634578
-0.41915672555
-0.689011256193
-0.846228737968
-2.54254746385
-0.924092725043
0.103709344515
-0.431112178885
-0.245377415602
0.988794715144
0.480329211181
-0.0930292437488
0.42120816407
-0.833332728795
0.0811891650167
-0.272347864334
0.936969249033
0.00161955702589
-0.446527506816
-0.374753515787
0.954820088541
-0.0140186581057
-0.0238606159015
-1.00965261936
0.393657325468
-0.959340351495
-0.365197722755
0.0809701434189
-1.62210585485
-0.196811798126
-0.615199753344
0.839200810418
-0.588906976457
0.36004666394
-0.821823335187
0.648681207503
0.107323226761
-1.47381844312
0.746959265214
0.268498324039
-0.730795488679
0.0284666998735
0.857381106424
-0.96696151283
-0.381296366624
0.51424423505
0.937917900707
0.399706784257
-0.721469932054
-0.00929741009032
0.488274111631
-0.518752095321
0.297410820044
-0.17747211527
-1.39460499255
0.105289619027
-2.65247280764
-0.473431949302
0.474014472482
-1.23699089446
-0.481044053365
-1.72024845884
-0.0729624821728
0.700882693596
-0.348166154628
0.546672726401
0.982642417422
-1.50996398771
-2.14688227919
-1.43900020057
-3.01637247461
0.968214344477
0.0284031736748
-0.616309453957
0.0735747168109
-0.792903647677
-0.742726370233
-0.684875209507
-0.614450927639
0.717480683732
-0.496611976491
0.68920557044
