4
0
3
2
1
136
-1.13457943814
-22.5896101281
-3.43597050836
-36.328730482
0.609441016146
-1.65633501156
-23.8144967094
-3.4134910871
-36.4728805447
-0.999872372756
0.754413048404
-0.809763423848
-0.684677728661
0.562391595517
-49.5641993696
-10.7304730813
-10.2572050535
-78.9295536281
-0.13944076929
-0.0745259989056
0.688250861069
0.585179919123
0.530351784321
-0.202286945309
-5.76620089638
-4.8786513127
-0.353153793184
-2.52250824479
-1.64729110212
-0.745623992776
-0.189158269744
-0.949063906922
0.53394364702
-75.9784167247
0.213506590056
-34.3546287817
0.301400689657
-0.739974870194
-2.27527809996
-2.23603510312
-2.58388432371
-0.7733787248
-0.977352530016
-0.0806417613711
-1.7952870438
-0.0211130156287
-0.850443385571
0.210419105646
-0.287844682715
-0.889222877922
-0.989195569973
-0.522624269914
0.901421064186
-0.533691562302
0.805882634578
-0.596263418217
-0.689011256193
-0.846228737968
-3.22033118808
-0.924092725043
0.103709344515
-0.431112178885
-0.245377415602
0.988794715144
0.480329211181
-0.156292939457
0.383945156709
-0.833332728795
0.0811891650167
-0.272347864334
0.936969249033
0.00161955702589
-0.446527506816
-0.374753515787
0.954820088541
-0.266613475809
-0.0864254191838
-1.37633840487
0.393657325468
-0.959340351495
-0.617793889949
0.0184049890207
-1.98879299738
-0.196811798126
-0.615199753344
0.839200810418
-0.588906976457
0.36004666394
-1.0869600833
0.648681207503
0.107323226761
-1.9970385021
0.746959265214
0.268498324039
-0.730795488679
0.0284666998735
0.857381106424
-0.96696151283
-0.393948184804
0.501618757125
0.937917900707
0.399706784257
-0.721469932054
-0.00929741009032
0.488274111631
-0.518752095321
0.297410820044
-0.418058530304
-2.43292296285
0.067302293543
-3.89338885556
-0.473431949302
0.233428056742
-2.27530888184
-0.519031378995
-2.961164533
-0.0729624821728
0.700882693596
-0.348166154628
0.546672726401
0.982642417422
-2.62425644349
-2.86864165727
-2.16075957879
-4.43346279621
0.968214344477
0.0284031736748
-0.616309453957
0.0735747168109
-0.792903647677
-0.742726370233
-0.760849127624
-0.614450927639
0.679493346984
-0.496611976491
0.68920557044
