4
0
3
2
1
136
-0.579964309851
-15.0731156256
-2.5456672761
-24.5650517068
0.609441016146
-1.10171988327
-16.2980022069
-2.52318785484
-24.7092017694
-0.999872372756
0.754413048404
-0.809763423848
-0.684677728661
0.562391595517
-34.0057855053
-7.46116285154
-6.98789482369
-53.898897176
-0.13944076929
-0.0745259989056
0.688250861069
0.585179919123
0.530351784321
-0.202286945309
-4.08776037658
-3.53589889685
-0.192607308679
-2.01167852136
-1.13646137869
-0.234794269348
-0.189158269744
-0.949063906922
0.53394364702
-51.4585899962
0.213506590056
-23.6126094535
0.301400689657
-0.739974870194
-1.76444837653
-1.7252053797
-2.07305460028
-0.7733787248
-0.744276568639
-0.0373040207091
-1.34357127351
-0.0211130156287
-0.850443385571
0.443496089882
-0.244506802795
-0.437505311513
-0.989195569973
-0.522624269914
0.901421064186
-0.533691562302
0.805882634578
-0.392163521303
-0.689011256193
-0.846228737968
-2.43958388012
-0.924092725043
0.103709344515
-0.431112178885
-0.245377415602
0.988794715144
0.480329211181
-0.083385731947
0.42684076924
-0.833332728795
0.0811891650167
-0.272347864334
0.936969249033
0.00161955702589
-0.446527506816
-0.374753515787
0.954820088541
0.0244306164134
-0.0143647078515
-0.953788267773
0.393657325468
-0.959340351495
-0.326747986775
0.090466154361
-1.56624101344
-0.196811798126
-0.615199753344
0.839200810418
-0.588906976457
0.36004666394
-0.781447929315
0.648681207503
0.107323226761
-1.39449772823
0.746959265214
0.268498324039
-0.730795488679
0.0284666998735
0.857381106424
-0.96696151283
-0.379367246147
0.516163141921
0.937917900707
0.399706784257
-0.721469932054
-0.00929741009032
0.488274111631
-0.518752095321
0.297410820044
-0.140751125059
-1.23612745252
0.11108766236
-2.4630728682
-0.473431949302
0.510735463981
-1.07851333331
-0.475246009741
-1.53084849186
-0.0729624821728
0.700882693596
-0.348166154628
0.546672726401
0.982642417422
-1.33989043315
-2.03671906895
-1.32883699007
-2.80026406566
0.968214344477
0.0284031736748
-0.616309453957
0.0735747168109
-0.792903647677
-0.742726370233
-0.67327988749
-0.614450927639
0.723278748869
-0.496611976491
0.68920557044
