4
0
3
2
1
136
0.0379630477001
-6.69857380554
-1.55373125476
-11.4584872266
0.609441016146
-0.48379252572
-7.92346038685
-1.53125183351
-11.6026372893
-0.999872372756
0.754413048404
-0.809763423848
-0.684677728661
0.562391595517
-16.671296999
-3.81864369139
-3.34537566354
-26.0108598505
-0.13944076929
-0.0745259989056
0.688250861069
0.585179919123
0.530351784321
-0.202286945309
-2.21771705773
-2.03986424175
-0.0137335999159
-1.44253490256
-0.567317759896
0.334349349448
-0.189158269744
-0.949063906922
0.53394364702
-24.1396962896
0.213506590056
-11.6443322112
0.301400689657
-0.739974870194
-1.19530475774
-1.1560617609
-1.50391098148
-0.7733787248
-0.488090332694
0.0101461444705
-0.846058242204
-0.0211130156287
-0.850443385571
0.699692887142
-0.197056020435
0.0600241997201
-0.989195569973
-0.522624269914
0.901421064186
-0.533691562302
0.805882634578
-0.167048282192
-0.689011256193
-0.846228737968
-1.5849509217
-0.924092725043
0.103709344515
-0.431112178885
-0.245377415602
0.988794715144
0.480329211181
-0.00297676192647
0.473073146996
-0.833332728795
0.0811891650167
-0.272347864334
0.936969249033
0.00161955702589
-0.446527506816
-0.374753515787
0.954820088541
0.343690136421
0.0641630094115
-0.488390804353
0.393657325468
-0.959340351495
-0.00747313057639
0.168997228531
-1.1008265267
-0.196811798126
-0.615199753344
0.839200810418
-0.588906976457
0.36004666394
-0.445139559109
0.648681207503
0.107323226761
-0.738694395012
0.746959265214
0.268498324039
-0.730795488679
0.0284666998735
0.857381106424
-0.96696151283
-0.363209204346
0.531942086755
0.937917900707
0.399706784257
-0.721469932054
-0.00929741009032
0.488274111631
-0.518752095321
0.297410820044
0.166322652264
0.0888264902026
0.159536222419
-0.878115038495
-0.473431949302
0.817831646587
0.246528072372
-0.426793605624
0.0541998380608
-0.0729624821728
0.700882693596
-0.348166154628
0.546672726401
0.982642417422
0.0835503621349
-1.11211948852
-0.404228970719
-0.997675733481
0.968214344477
0.0284031736748
-0.616309453957
0.0735747168109
-0.792903647677
-0.742726370233
-0.576578211472
-0.614450927639
0.771892551653
-0.496611976491
0.68920557044
