4
0
3
2
1
136
-0.777498465133
-17.7502232566
-2.862761578
-28.7548551062
0.609441016146
-1.29925403855
-18.9751098379
-2.84028215674
-28.8990051688
-0.999872372756
0.754413048404
-0.809763423848
-0.684677728661
0.562391595517
-39.5471383885
-8.62557471421
-8.15230668636
-62.8139255014
-0.13944076929
-0.0745259989056
0.688250861069
0.585179919123
0.530351784321
-0.202286945309
-4.68556110966
-4.01413948332
-0.249788248366
-2.19361787491
-1.31840073224
-0.416733622898
-0.189158269744
-0.949063906922
0.53394364702
-60.191678968
0.213506590056
-27.4385341458
0.301400689657
-0.739974870194
-1.94638773008
-1.90714473325
-2.25499395383
-0.7733787248
-0.827194479142
-0.0526916899224
-1.50429165634
-0.0211130156287
-0.850443385571
0.36057757209
-0.259894541412
-0.598226745788
-0.989195569973
-0.522624269914
0.901421064186
-0.533691562302
0.805882634578
-0.464799741398
-0.689011256193
-0.846228737968
-2.71687830519
-0.924092725043
0.103709344515
-0.431112178885
-0.245377415602
0.988794715144
0.480329211181
-0.109334593635
0.411651594706
-0.833332728795
0.0811891650167
-0.272347864334
0.936969249033
0.00161955702589
-0.446527506816
-0.374753515787
0.954820088541
-0.0790707309273
-0.0399443314644
-1.1041315894
0.393657325468
-0.959340351495
-0.430250359078
0.0648862957964
-1.71658541123
-0.196811798126
-0.615199753344
0.839200810418
-0.588906976457
0.36004666394
-0.89011765646
0.648681207503
0.107323226761
-1.6082272597
0.746959265214
0.268498324039
-0.730795488679
0.0284666998735
0.857381106424
-0.96696151283
-0.384557519638
0.510994976855
0.937917900707
0.399706784257
-0.721469932054
-0.00929741009032
0.488274111631
-0.518752095321
0.297410820044
-0.239518053626
-1.66238053103
0.0954928947814
-2.97249698641
-0.473431949302
0.411968533543
-1.50476644552
-0.490840777734
-2.04027265577
-0.0729624821728
0.700882693596
-0.348166154628
0.546672726401
0.982642417422
-1.79733287322
-2.3330202037
-1.6251381252
-3.38167129773
0.968214344477
0.0284031736748
-0.616309453957
0.0735747168109
-0.792903647677
-0.742726370233
-0.704468139912
-0.614450927639
0.707683950028
-0.496611976491
0.68920557044
