4
0
3
2
1
136
-1.13964441648
-22.6582539135
-3.44410113149
-36.4361613384
0.609441016146
-1.6613999899
-23.8831404948
-3.42162171023
-36.5803114011
-0.999872372756
0.754413048404
-0.809763423848
-0.684677728661
0.562391595517
-49.706285341
-10.7603297958
-10.2870617679
-79.1581440979
-0.13944076929
-0.0745259989056
0.688250861069
0.585179919123
0.530351784321
-0.202286945309
-5.7815291203
-4.89091389184
-0.354619971125
-2.52717335642
-1.65195621375
-0.750289104406
-0.189158269744
-0.949063906922
0.53394364702
-76.2023420829
0.213506590056
-34.4527294148
0.301400689657
-0.739974870194
-2.27994321159
-2.24070021475
-2.58854943534
-0.7733787248
-0.979483689624
-0.081039117431
-1.79941679756
-0.0211130156287
-0.850443385571
0.208287943155
-0.288242039442
-0.893352636921
-0.989195569973
-0.522624269914
0.901421064186
-0.533691562302
0.805882634578
-0.598128848619
-0.689011256193
-0.846228737968
-3.22748679916
-0.924092725043
0.103709344515
-0.431112178885
-0.245377415602
0.988794715144
0.480329211181
-0.156959223443
0.383550452882
-0.833332728795
0.0811891650167
-0.272347864334
0.936969249033
0.00161955702589
-0.446527506816
-0.374753515787
0.954820088541
-0.269275936489
-0.0870863609925
-1.38020154078
0.393657325468
-0.959340351495
-0.620456356713
0.0177440451155
-1.99265613882
-0.196811798126
-0.615199753344
0.839200810418
-0.588906976457
0.36004666394
-1.08975443394
0.648681207503
0.107323226761
-2.00257074843
0.746959265214
0.268498324039
-0.730795488679
0.0284666998735
0.857381106424
-0.96696151283
-0.39408142691
0.501485608182
0.937917900707
0.399706784257
-0.721469932054
-0.00929741009032
0.488274111631
-0.518752095321
0.297410820044
-0.420591019469
-2.44385265189
0.0669024268326
-3.90645116568
-0.473431949302
0.230895567577
-2.2862385709
-0.519431245706
-2.97422684314
-0.0729624821728
0.700882693596
-0.348166154628
0.546672726401
0.982642417422
-2.63598586585
-2.87623912478
-2.1683570463
-4.44838591676
0.968214344477
0.0284031736748
-0.616309453957
0.0735747168109
-0.792903647677
-0.742726370233
-0.761648860717
-0.614450927639
0.679093480273
-0.496611976491
0.68920557044
