4
0
3
2
1
136
0.12153519032
-5.56595134626
-1.41957597319
-9.68587809612
0.609441016146
-0.400220383101
-6.79083792758
-1.39709655193
-9.83002815876
-0.999872372756
0.754413048404
-0.809763423848
-0.684677728661
0.562391595517
-14.3268784715
-3.32600790334
-2.85273987549
-22.2391170975
-0.13944076929
-0.0745259989056
0.688250861069
0.585179919123
0.530351784321
-0.202286945309
-1.96480136296
-1.83753168594
0.0104583361054
-1.36556056068
-0.49034341801
0.411323691334
-0.189158269744
-0.949063906922
0.53394364702
-20.4449278784
0.213506590056
-10.0256717645
0.301400689657
-0.739974870194
-1.11833041585
-1.07908741901
-1.4269366396
-0.7733787248
-0.454471129223
0.0164300188774
-0.78039119012
-0.0211130156287
-0.850443385571
0.733316235868
-0.190771967531
0.125697402801
-0.989195569973
-0.522624269914
0.901421064186
-0.533691562302
0.805882634578
-0.137303758803
-0.689011256193
-0.846228737968
-1.4722583413
-0.924092725043
0.103709344515
-0.431112178885
-0.245377415602
0.988794715144
0.480329211181
0.00762741326509
0.479064852839
-0.833332728795
0.0811891650167
-0.272347864334
0.936969249033
0.00161955702589
-0.446527506816
-0.374753515787
0.954820088541
0.38550506414
0.0744000860806
-0.426974601942
0.393657325468
-0.959340351495
0.0343475333757
0.179235632087
-1.03940390596
-0.196811798126
-0.615199753344
0.839200810418
-0.588906976457
0.36004666394
-0.400734695959
0.648681207503
0.107323226761
-0.652746912976
0.746959265214
0.268498324039
-0.730795488679
0.0284666998735
0.857381106424
-0.96696151283
-0.361045493554
0.533960530385
0.937917900707
0.399706784257
-0.721469932054
-0.00929741009032
0.488274111631
-0.518752095321
0.297410820044
0.203368028628
0.252434100059
0.165437000531
-0.679873091583
-0.473431949302
0.854923565646
0.410290128219
-0.420886024057
0.252601914659
-0.0729624821728
0.700882693596
-0.348166154628
0.546672726401
0.982642417422
0.261878326968
-0.993406146216
-0.285493745608
-0.772492613728
0.968214344477
0.0284031736748
-0.616309453957
0.0735747168109
-0.792903647677
-0.742726370233
-0.564588748266
-0.614450927639
0.77799235206
-0.496611976491
0.68920557044
