4
0
3
2
1
136
-0.967435152905
-20.3243652095
-3.16765994521
-32.783512221
0.609441016146
-1.48919072633
-21.5492517908
-3.14518052396
-32.9276622836
-0.999872372756
0.754413048404
-0.809763423848
-0.684677728661
0.562391595517
-44.8753623146
-9.74520150524
-9.27193347739
-71.386068122
-0.13944076929
-0.0745259989056
0.688250861069
0.585179919123
0.530351784321
-0.202286945309
-5.26036950685
-4.47398620107
-0.304769921142
-2.36855956102
-1.49334241835
-0.591675309003
-0.189158269744
-0.949063906922
0.53394364702
-68.5888799024
0.213506590056
-31.1173078883
0.301400689657
-0.739974870194
-2.12132941619
-2.08208641935
-2.42993563994
-0.7733787248
-0.907039646426
-0.0675416444808
-1.65903138942
-0.0211130156287
-0.850443385571
0.280732120142
-0.274744539514
-0.752966986377
-0.989195569973
-0.522624269914
0.901421064186
-0.533691562302
0.805882634578
-0.534712442973
-0.689011256193
-0.846228737968
-2.98439753848
-0.924092725043
0.103709344515
-0.431112178885
-0.245377415602
0.988794715144
0.480329211181
-0.134307956714
0.396946308317
-0.833332728795
0.0811891650167
-0.272347864334
0.936969249033
0.00161955702589
-0.446527506816
-0.374753515787
0.954820088541
-0.178781222745
-0.0646374884343
-1.24887995198
0.393657325468
-0.959340351495
-0.52996137391
0.0401930017509
-1.86133429686
-0.196811798126
-0.615199753344
0.839200810418
-0.588906976457
0.36004666394
-0.994776408764
0.648681207503
0.107323226761
-1.81471993415
0.746959265214
0.268498324039
-0.730795488679
0.0284666998735
0.857381106424
-0.96696151283
-0.389551708195
0.506010844493
0.937917900707
0.399706784257
-0.721469932054
-0.00929741009032
0.488274111631
-0.518752095321
0.297410820044
-0.334486388329
-2.07224328011
0.0804978949061
-3.46233272171
-0.473431949302
0.317000198725
-1.91462919857
-0.505835777631
-2.53010839793
-0.0729624821728
0.700882693596
-0.348166154628
0.546672726401
0.982642417422
-2.23718556773
-2.61792522979
-1.91004315131
-3.94105179869
0.968214344477
0.0284031736748
-0.616309453957
0.0735747168109
-0.792903647677
-0.742726370233
-0.734457952864
-0.614450927639
0.692688948447
-0.496611976491
0.68920557044
