4
0
3
2
1
136
-0.800290867666
-18.059120291
-2.89934938206
-29.23829396
0.609441016146
-1.32204644109
-19.2840068723
-2.87686996081
-29.3824440226
-0.999872372756
0.754413048404
-0.809763423848
-0.684677728661
0.562391595517
-40.1865252596
-8.75992992914
-8.28666190129
-63.8425826159
-0.13944076929
-0.0745259989056
0.688250861069
0.585179919123
0.530351784321
-0.202286945309
-4.75453811732
-4.06932108945
-0.256386049099
-2.21461087724
-1.33939373458
-0.437726625231
-0.189158269744
-0.949063906922
0.53394364702
-61.1993430801
0.213506590056
-27.8799869949
0.301400689657
-0.739974870194
-1.96738073241
-1.92813773558
-2.27598695616
-0.7733787248
-0.836771384933
-0.0544712251226
-1.52285261391
-0.0211130156287
-0.850443385571
0.351000620803
-0.261674082826
-0.61678778372
-0.989195569973
-0.522624269914
0.901421064186
-0.533691562302
0.805882634578
-0.47318661677
-0.689011256193
-0.846228737968
-2.74894070428
-0.924092725043
0.103709344515
-0.431112178885
-0.245377415602
0.988794715144
0.480329211181
-0.112330569932
0.409891542976
-0.833332728795
0.0811891650167
-0.272347864334
0.936969249033
0.00161955702589
-0.446527506816
-0.374753515787
0.954820088541
-0.0910283443253
-0.04290311103
-1.12149407664
0.393657325468
-0.959340351495
-0.442208053267
0.0619274963241
-1.73394798099
-0.196811798126
-0.615199753344
0.839200810418
-0.588906976457
0.36004666394
-0.90266967952
0.648681207503
0.107323226761
-1.63296117512
0.746959265214
0.268498324039
-0.730795488679
0.0284666998735
0.857381106424
-0.96696151283
-0.385156680218
0.510397447951
0.937917900707
0.399706784257
-0.721469932054
-0.00929741009032
0.488274111631
-0.518752095321
0.297410820044
-0.250914252204
-1.71156398489
0.0936934951292
-3.03127717176
-0.473431949302
0.400572334931
-1.55394990036
-0.492640177393
-2.09905284269
-0.0729624821728
0.700882693596
-0.348166154628
0.546672726401
0.982642417422
-1.85011511479
-2.36720880585
-1.65932672735
-3.4487833264
0.968214344477
0.0284031736748
-0.616309453957
0.0735747168109
-0.792903647677
-0.742726370233
-0.708066895118
-0.614450927639
0.705884549858
-0.496611976491
0.68920557044
